time_start,flshoulder,flarm,flfoot,frshoulder,frarm,frfoot,blshoulder,blarm,blfoot,brshoulder,brarm,brfoot
1711476098.4774885,-4.182343482971191,-70.89517211914062,149.60247802734375,5.264847278594971,-71.02751922607422,149.92999267578125,56.74000549316406,-74.54000854492188,163.9523468017578,-57.94999694824219,-73.37481689453125,165.43235778808594
1711476098.4874172,-4.182343482971191,-70.89517211914062,149.60247802734375,5.264847278594971,-71.02751922607422,149.92999267578125,56.74000549316406,-74.54000854492188,163.9523468017578,-57.94999694824219,-73.37481689453125,165.43235778808594
1711476098.497512,-4.182343482971191,-70.89517211914062,149.60247802734375,5.264847278594971,-71.02751922607422,149.92999267578125,56.74000549316406,-74.54000854492188,163.9523468017578,-57.94999694824219,-73.37481689453125,165.43235778808594
1711476098.5074859,-4.182343482971191,-70.89517211914062,149.60247802734375,5.264847278594971,-71.02751922607422,149.92999267578125,56.74000549316406,-74.54000854492188,163.9523468017578,-57.94999694824219,-73.37481689453125,165.43235778808594
1711476098.5174987,-4.182343482971191,-70.89517211914062,149.60247802734375,5.264847278594971,-71.02751922607422,149.92999267578125,56.74000549316406,-74.54000854492188,163.9523468017578,-57.94999694824219,-73.37481689453125,165.43235778808594
1711476098.527501,-4.182343482971191,-70.89517211914062,149.60247802734375,5.264847278594971,-71.02751922607422,149.92999267578125,56.74000549316406,-74.54000854492188,163.9523468017578,-57.94999694824219,-73.37481689453125,165.43235778808594
1711476098.5374992,-4.182343482971191,-70.89517211914062,149.60247802734375,5.264847278594971,-71.02751922607422,149.92999267578125,56.74000549316406,-74.54000854492188,163.9523468017578,-57.94999694824219,-73.37481689453125,165.43235778808594
1711476098.5475261,-4.182343482971191,-70.89517211914062,149.60247802734375,5.264847278594971,-71.02751922607422,149.92999267578125,56.74000549316406,-74.54000854492188,163.9523468017578,-57.94999694824219,-73.37481689453125,165.43235778808594
1711476098.5575156,-4.182343482971191,-70.89517211914062,149.60247802734375,5.264847278594971,-71.02751922607422,149.92999267578125,56.74000549316406,-74.54000854492188,163.9523468017578,-57.94999694824219,-73.37481689453125,165.43235778808594
1711476098.5682378,-4.182343482971191,-70.89517211914062,149.60247802734375,5.264847278594971,-71.02751922607422,149.92999267578125,56.74000549316406,-74.54000854492188,163.9523468017578,-57.94999694824219,-73.37481689453125,165.43235778808594
1711476098.5774963,-4.182343482971191,-70.89517211914062,149.60247802734375,5.264847278594971,-71.02751922607422,149.92999267578125,56.74000549316406,-74.54000854492188,163.9523468017578,-57.94999694824219,-73.37481689453125,165.43235778808594
1711476098.587416,-4.182343482971191,-70.89517211914062,149.60247802734375,5.264847278594971,-71.02751922607422,149.92999267578125,56.74000549316406,-74.54000854492188,163.9523468017578,-57.94999694824219,-73.37481689453125,165.43235778808594
1711476098.597525,-4.182343482971191,-70.89517211914062,149.60247802734375,5.264847278594971,-71.02751922607422,149.92999267578125,56.74000549316406,-74.54000854492188,163.9523468017578,-57.94999694824219,-73.37481689453125,165.43235778808594
1711476098.607503,-4.182343482971191,-70.89517211914062,149.60247802734375,5.264847278594971,-71.02751922607422,149.92999267578125,56.74000549316406,-74.54000854492188,163.9523468017578,-57.94999694824219,-73.37481689453125,165.43235778808594
1711476098.6174998,-4.182343482971191,-70.89517211914062,149.60247802734375,5.264847278594971,-71.02751922607422,149.92999267578125,56.74000549316406,-74.54000854492188,163.9523468017578,-57.94999694824219,-73.37481689453125,165.43235778808594
1711476098.627519,-4.182343482971191,-70.89517211914062,149.60247802734375,5.264847278594971,-71.02751922607422,149.92999267578125,56.74000549316406,-74.54000854492188,163.9523468017578,-57.94999694824219,-73.37481689453125,165.43235778808594
1711476098.6375005,-4.182343482971191,-70.89517211914062,149.60247802734375,5.264847278594971,-71.02751922607422,149.92999267578125,56.74000549316406,-74.54000854492188,163.9523468017578,-57.94999694824219,-73.37481689453125,165.43235778808594
1711476098.6475246,-4.182343482971191,-70.89517211914062,149.60247802734375,5.264847278594971,-71.02751922607422,149.92999267578125,56.74000549316406,-74.54000854492188,163.9523468017578,-57.94999694824219,-73.37481689453125,165.43235778808594
1711476098.6575089,-4.182343482971191,-70.89517211914062,149.60247802734375,5.264847278594971,-71.02751922607422,149.92999267578125,56.74000549316406,-74.54000854492188,163.9523468017578,-57.94999694824219,-73.37481689453125,165.43235778808594
1711476098.6675649,-4.182343482971191,-70.89517211914062,149.60247802734375,5.264847278594971,-71.02751922607422,149.92999267578125,56.74000549316406,-74.54000854492188,163.9523468017578,-57.94999694824219,-73.37481689453125,165.43235778808594
1711476098.6775093,-4.182343482971191,-70.89517211914062,149.60247802734375,5.264847278594971,-71.02751922607422,149.92999267578125,56.74000549316406,-74.54000854492188,163.9523468017578,-57.94999694824219,-73.37481689453125,165.43235778808594
1711476098.6875114,-4.182343482971191,-70.89517211914062,149.60247802734375,5.264847278594971,-71.02751922607422,149.92999267578125,56.74000549316406,-74.54000854492188,163.9523468017578,-57.94999694824219,-73.37481689453125,165.43235778808594
1711476098.6975338,-4.182343482971191,-70.89517211914062,149.60247802734375,5.264847278594971,-71.02751922607422,149.92999267578125,56.74000549316406,-74.54000854492188,163.9523468017578,-57.94999694824219,-73.37481689453125,165.43235778808594
1711476098.7075198,-4.182343482971191,-70.89517211914062,149.60247802734375,5.264847278594971,-71.02751922607422,149.92999267578125,56.74000549316406,-74.54000854492188,163.9523468017578,-57.94999694824219,-73.37481689453125,165.43235778808594
1711476098.717528,-4.182343482971191,-70.89517211914062,149.60247802734375,5.264847278594971,-71.02751922607422,149.92999267578125,56.74000549316406,-74.54000854492188,163.9523468017578,-57.94999694824219,-73.37481689453125,165.43235778808594
1711476098.727515,-4.182343482971191,-70.89517211914062,149.60247802734375,5.264847278594971,-71.02751922607422,149.92999267578125,56.74000549316406,-74.54000854492188,163.9523468017578,-57.94999694824219,-73.37481689453125,165.43235778808594
1711476098.7375107,-4.182343482971191,-70.89517211914062,149.60247802734375,5.264847278594971,-71.02751922607422,149.92999267578125,56.74000549316406,-74.54000854492188,163.9523468017578,-57.94999694824219,-73.37481689453125,165.43235778808594
1711476098.747526,-4.182343482971191,-70.89517211914062,149.60247802734375,5.264847278594971,-71.02751922607422,149.92999267578125,56.74000549316406,-74.54000854492188,163.9523468017578,-57.94999694824219,-73.37481689453125,165.43235778808594
1711476098.7584102,-4.182343482971191,-70.89517211914062,149.60247802734375,5.264847278594971,-71.02751922607422,149.92999267578125,56.74000549316406,-74.54000854492188,163.9523468017578,-57.94999694824219,-73.37481689453125,165.43235778808594
1711476098.7675292,-4.182343482971191,-70.89517211914062,149.60247802734375,5.264847278594971,-71.02751922607422,149.92999267578125,56.74000549316406,-74.54000854492188,163.9523468017578,-57.94999694824219,-73.37481689453125,165.43235778808594
1711476098.7775257,-4.182343482971191,-70.89517211914062,149.60247802734375,5.264847278594971,-71.02751922607422,149.92999267578125,56.74000549316406,-74.54000854492188,163.9523468017578,-57.94999694824219,-73.37481689453125,165.43235778808594
1711476098.7875164,-4.182343482971191,-70.89517211914062,149.60247802734375,5.264847278594971,-71.02751922607422,149.92999267578125,56.74000549316406,-74.54000854492188,163.9523468017578,-57.94999694824219,-73.37481689453125,165.43235778808594
1711476098.7975712,-4.182343482971191,-70.89517211914062,149.60247802734375,5.264847278594971,-71.02751922607422,149.92999267578125,56.74000549316406,-74.54000854492188,163.9523468017578,-57.94999694824219,-73.37481689453125,165.43235778808594
1711476098.8075345,-4.182343482971191,-70.89517211914062,149.60247802734375,5.264847278594971,-71.02751922607422,149.92999267578125,56.74000549316406,-74.54000854492188,163.9523468017578,-57.94999694824219,-73.37481689453125,165.43235778808594
1711476098.8175325,-4.182343482971191,-70.89517211914062,149.60247802734375,5.264847278594971,-71.02751922607422,149.92999267578125,56.74000549316406,-74.54000854492188,163.9523468017578,-57.94999694824219,-73.37481689453125,165.43235778808594
1711476098.8275328,-4.182343482971191,-70.89517211914062,149.60247802734375,5.264847278594971,-71.02751922607422,149.92999267578125,56.74000549316406,-74.54000854492188,163.9523468017578,-57.94999694824219,-73.37481689453125,165.43235778808594
1711476098.8375185,-4.182343482971191,-70.89517211914062,149.60247802734375,5.264847278594971,-71.02751922607422,149.92999267578125,56.74000549316406,-74.54000854492188,163.9523468017578,-57.94999694824219,-73.37481689453125,165.43235778808594
1711476098.8475103,-4.182343482971191,-70.89517211914062,149.60247802734375,5.264847278594971,-71.02751922607422,149.92999267578125,56.74000549316406,-74.54000854492188,163.9523468017578,-57.94999694824219,-73.37481689453125,165.43235778808594
1711476098.8574617,-4.182343482971191,-70.89517211914062,149.60247802734375,5.264847278594971,-71.02751922607422,149.92999267578125,56.74000549316406,-74.54000854492188,163.9523468017578,-57.94999694824219,-73.37481689453125,165.43235778808594
1711476098.8675225,-4.182343482971191,-70.89517211914062,149.60247802734375,5.264847278594971,-71.02751922607422,149.92999267578125,56.74000549316406,-74.54000854492188,163.9523468017578,-57.94999694824219,-73.37481689453125,165.43235778808594
1711476098.8775256,-4.182343482971191,-70.89517211914062,149.60247802734375,5.264847278594971,-71.02751922607422,149.92999267578125,56.74000549316406,-74.54000854492188,163.9523468017578,-57.94999694824219,-73.37481689453125,165.43235778808594
1711476098.8875208,-4.182343482971191,-70.89517211914062,149.60247802734375,5.264847278594971,-71.02751922607422,149.92999267578125,56.74000549316406,-74.54000854492188,163.9523468017578,-57.94999694824219,-73.37481689453125,165.43235778808594
1711476098.8975327,-4.182343482971191,-70.89517211914062,149.60247802734375,5.264847278594971,-71.02751922607422,149.92999267578125,56.74000549316406,-74.54000854492188,163.9523468017578,-57.94999694824219,-73.37481689453125,165.43235778808594
1711476098.9075394,-4.182343482971191,-70.89517211914062,149.60247802734375,5.264847278594971,-71.02751922607422,149.92999267578125,56.74000549316406,-74.54000854492188,163.9523468017578,-57.94999694824219,-73.37481689453125,165.43235778808594
1711476098.9175174,-4.182343482971191,-70.89517211914062,149.60247802734375,5.264847278594971,-71.02751922607422,149.92999267578125,56.74000549316406,-74.54000854492188,163.9523468017578,-57.94999694824219,-73.37481689453125,165.43235778808594
1711476098.92752,-4.182343482971191,-70.89517211914062,149.60247802734375,5.264847278594971,-71.02751922607422,149.92999267578125,56.74000549316406,-74.54000854492188,163.9523468017578,-57.94999694824219,-73.37481689453125,165.43235778808594
1711476098.9375353,-4.182343482971191,-70.89517211914062,149.60247802734375,5.264847278594971,-71.02751922607422,149.92999267578125,56.74000549316406,-74.54000854492188,163.9523468017578,-57.94999694824219,-73.37481689453125,165.43235778808594
1711476098.9475472,-4.182343482971191,-70.89517211914062,149.60247802734375,5.264847278594971,-71.02751922607422,149.92999267578125,56.74000549316406,-74.54000854492188,163.9523468017578,-57.94999694824219,-73.37481689453125,165.43235778808594
1711476098.9574811,-4.182343482971191,-70.89517211914062,149.60247802734375,5.264847278594971,-71.02751922607422,149.92999267578125,56.74000549316406,-74.54000854492188,163.9523468017578,-57.94999694824219,-73.37481689453125,165.43235778808594
1711476098.9675362,-4.182343482971191,-70.89517211914062,149.60247802734375,5.264847278594971,-71.02751922607422,149.92999267578125,56.74000549316406,-74.54000854492188,163.9523468017578,-57.94999694824219,-73.37481689453125,165.43235778808594
1711476098.977527,-4.182343482971191,-70.89517211914062,149.60247802734375,5.264847278594971,-71.02751922607422,149.92999267578125,56.74000549316406,-74.54000854492188,163.9523468017578,-57.94999694824219,-73.37481689453125,165.43235778808594
1711476098.9874413,-4.182343482971191,-70.89517211914062,149.60247802734375,5.264847278594971,-71.02751922607422,149.92999267578125,56.74000549316406,-74.54000854492188,163.9523468017578,-57.94999694824219,-73.37481689453125,165.43235778808594
1711476098.997528,-4.182343482971191,-70.89517211914062,149.60247802734375,5.264847278594971,-71.02751922607422,149.92999267578125,56.74000549316406,-74.54000854492188,163.9523468017578,-57.94999694824219,-73.37481689453125,165.43235778808594
1711476099.0075307,-4.182343482971191,-70.89517211914062,149.60247802734375,5.264847278594971,-71.02751922607422,149.92999267578125,56.74000549316406,-74.54000854492188,163.9523468017578,-57.94999694824219,-73.37481689453125,165.43235778808594
1711476099.0175323,-4.182343482971191,-70.89517211914062,149.60247802734375,5.264847278594971,-71.02751922607422,149.92999267578125,56.74000549316406,-74.54000854492188,163.9523468017578,-57.94999694824219,-73.37481689453125,165.43235778808594
1711476099.0276282,-4.182343482971191,-70.89517211914062,149.60247802734375,5.264847278594971,-71.02751922607422,149.92999267578125,56.74000549316406,-74.54000854492188,163.9523468017578,-57.94999694824219,-73.37481689453125,165.43235778808594
1711476099.0375414,-4.182343482971191,-70.89517211914062,149.60247802734375,5.264847278594971,-71.02751922607422,149.92999267578125,56.74000549316406,-74.54000854492188,163.9523468017578,-57.94999694824219,-73.37481689453125,165.43235778808594
1711476099.0475287,-4.182343482971191,-70.89517211914062,149.60247802734375,5.264847278594971,-71.02751922607422,149.92999267578125,56.74000549316406,-74.54000854492188,163.9523468017578,-57.94999694824219,-73.37481689453125,165.43235778808594
1711476099.0575037,-4.182343482971191,-70.89517211914062,149.60247802734375,5.264847278594971,-71.02751922607422,149.92999267578125,56.74000549316406,-74.54000854492188,163.9523468017578,-57.94999694824219,-73.37481689453125,165.43235778808594
1711476099.0675883,-4.182343482971191,-70.89517211914062,149.60247802734375,5.264847278594971,-71.02751922607422,149.92999267578125,56.74000549316406,-74.54000854492188,163.9523468017578,-57.94999694824219,-73.37481689453125,165.43235778808594
1711476099.0775437,-4.182343482971191,-70.89517211914062,149.60247802734375,5.264847278594971,-71.02751922607422,149.92999267578125,56.74000549316406,-74.54000854492188,163.9523468017578,-57.94999694824219,-73.37481689453125,165.43235778808594
1711476099.087557,-4.182343482971191,-70.89517211914062,149.60247802734375,5.264847278594971,-71.02751922607422,149.92999267578125,56.74000549316406,-74.54000854492188,163.9523468017578,-57.94999694824219,-73.37481689453125,165.43235778808594
1711476099.0975757,-4.182343482971191,-70.89517211914062,149.60247802734375,5.264847278594971,-71.02751922607422,149.92999267578125,56.74000549316406,-74.54000854492188,163.9523468017578,-57.94999694824219,-73.37481689453125,165.43235778808594
1711476099.1075544,-4.182343482971191,-70.89517211914062,149.60247802734375,5.264847278594971,-71.02751922607422,149.92999267578125,56.74000549316406,-74.54000854492188,163.9523468017578,-57.94999694824219,-73.37481689453125,165.43235778808594
1711476099.1176755,-4.182343482971191,-70.89517211914062,149.60247802734375,5.264847278594971,-71.02751922607422,149.92999267578125,56.74000549316406,-74.54000854492188,163.9523468017578,-57.94999694824219,-73.37481689453125,165.43235778808594
1711476099.1275508,-4.182343482971191,-70.89517211914062,149.60247802734375,5.264847278594971,-71.02751922607422,149.92999267578125,56.74000549316406,-74.54000854492188,163.9523468017578,-57.94999694824219,-73.37481689453125,165.43235778808594
1711476099.1375487,-4.182343482971191,-70.89517211914062,149.60247802734375,5.264847278594971,-71.02751922607422,149.92999267578125,56.74000549316406,-74.54000854492188,163.9523468017578,-57.94999694824219,-73.37481689453125,165.43235778808594
1711476099.1475437,-4.182343482971191,-70.89517211914062,149.60247802734375,5.264847278594971,-71.02751922607422,149.92999267578125,56.74000549316406,-74.54000854492188,163.9523468017578,-57.94999694824219,-73.37481689453125,165.43235778808594
1711476099.1575277,-4.182343482971191,-70.89517211914062,149.60247802734375,5.264847278594971,-71.02751922607422,149.92999267578125,56.74000549316406,-74.54000854492188,163.9523468017578,-57.94999694824219,-73.37481689453125,165.43235778808594
1711476099.1678793,-4.182343482971191,-70.89517211914062,149.60247802734375,5.264847278594971,-71.02751922607422,149.92999267578125,56.74000549316406,-74.54000854492188,163.9523468017578,-57.94999694824219,-73.37481689453125,165.43235778808594
1711476099.1775808,-4.182343482971191,-70.89517211914062,149.60247802734375,5.264847278594971,-71.02751922607422,149.92999267578125,56.74000549316406,-74.54000854492188,163.9523468017578,-57.94999694824219,-73.37481689453125,165.43235778808594
1711476099.187537,-4.182343482971191,-70.89517211914062,149.60247802734375,5.264847278594971,-71.02751922607422,149.92999267578125,56.74000549316406,-74.54000854492188,163.9523468017578,-57.94999694824219,-73.37481689453125,165.43235778808594
1711476099.1975462,-4.182343482971191,-70.89517211914062,149.60247802734375,5.264847278594971,-71.02751922607422,149.92999267578125,56.74000549316406,-74.54000854492188,163.9523468017578,-57.94999694824219,-73.37481689453125,165.43235778808594
1711476099.2075222,-4.182343482971191,-70.89517211914062,149.60247802734375,5.264847278594971,-71.02751922607422,149.92999267578125,56.74000549316406,-74.54000854492188,163.9523468017578,-57.94999694824219,-73.37481689453125,165.43235778808594
1711476099.2175457,-4.182343482971191,-70.89517211914062,149.60247802734375,5.264847278594971,-71.02751922607422,149.92999267578125,56.74000549316406,-74.54000854492188,163.9523468017578,-57.94999694824219,-73.37481689453125,165.43235778808594
1711476099.2275326,-4.182343482971191,-70.89517211914062,149.60247802734375,5.264847278594971,-71.02751922607422,149.92999267578125,56.74000549316406,-74.54000854492188,163.9523468017578,-57.94999694824219,-73.37481689453125,165.43235778808594
1711476099.2375321,-4.182343482971191,-70.89517211914062,149.60247802734375,5.264847278594971,-71.02751922607422,149.92999267578125,56.74000549316406,-74.54000854492188,163.9523468017578,-57.94999694824219,-73.37481689453125,165.43235778808594
1711476099.2475402,-4.182343482971191,-70.89517211914062,149.60247802734375,5.264847278594971,-71.02751922607422,149.92999267578125,56.74000549316406,-74.54000854492188,163.9523468017578,-57.94999694824219,-73.37481689453125,165.43235778808594
1711476099.2575872,-4.182343482971191,-70.89517211914062,149.60247802734375,5.264847278594971,-71.02751922607422,149.92999267578125,56.74000549316406,-74.54000854492188,163.9523468017578,-57.94999694824219,-73.37481689453125,165.43235778808594
1711476099.2675416,-4.182343482971191,-70.89517211914062,149.60247802734375,5.264847278594971,-71.02751922607422,149.92999267578125,56.74000549316406,-74.54000854492188,163.9523468017578,-57.94999694824219,-73.37481689453125,165.43235778808594
1711476099.2775564,-4.182343482971191,-70.89517211914062,149.60247802734375,5.264847278594971,-71.02751922607422,149.92999267578125,56.74000549316406,-74.54000854492188,163.9523468017578,-57.94999694824219,-73.37481689453125,165.43235778808594
1711476099.2879484,-4.182343482971191,-70.89517211914062,149.60247802734375,5.264847278594971,-71.02751922607422,149.92999267578125,56.74000549316406,-74.54000854492188,163.9523468017578,-57.94999694824219,-73.37481689453125,165.43235778808594
1711476099.297539,-4.182343482971191,-70.89517211914062,149.60247802734375,5.264847278594971,-71.02751922607422,149.92999267578125,56.74000549316406,-74.54000854492188,163.9523468017578,-57.94999694824219,-73.37481689453125,165.43235778808594
1711476099.3075602,-4.182343482971191,-70.89517211914062,149.60247802734375,5.264847278594971,-71.02751922607422,149.92999267578125,56.74000549316406,-74.54000854492188,163.9523468017578,-57.94999694824219,-73.37481689453125,165.43235778808594
1711476099.3175485,-4.182343482971191,-70.89517211914062,149.60247802734375,5.264847278594971,-71.02751922607422,149.92999267578125,56.74000549316406,-74.54000854492188,163.9523468017578,-57.94999694824219,-73.37481689453125,165.43235778808594
1711476099.327557,-4.182343482971191,-70.89517211914062,149.60247802734375,5.264847278594971,-71.02751922607422,149.92999267578125,56.74000549316406,-74.54000854492188,163.9523468017578,-57.94999694824219,-73.37481689453125,165.43235778808594
1711476099.3375459,-4.182343482971191,-70.89517211914062,149.60247802734375,5.264847278594971,-71.02751922607422,149.92999267578125,56.74000549316406,-74.54000854492188,163.9523468017578,-57.94999694824219,-73.37481689453125,165.43235778808594
1711476099.347556,-4.182343482971191,-70.89517211914062,149.60247802734375,5.264847278594971,-71.02751922607422,149.92999267578125,56.74000549316406,-74.54000854492188,163.9523468017578,-57.94999694824219,-73.37481689453125,165.43235778808594
1711476099.3575618,-4.182343482971191,-70.89517211914062,149.60247802734375,5.264847278594971,-71.02751922607422,149.92999267578125,56.74000549316406,-74.54000854492188,163.9523468017578,-57.94999694824219,-73.37481689453125,165.43235778808594
1711476099.3675563,-4.182343482971191,-70.89517211914062,149.60247802734375,5.264847278594971,-71.02751922607422,149.92999267578125,56.74000549316406,-74.54000854492188,163.9523468017578,-57.94999694824219,-73.37481689453125,165.43235778808594
1711476099.377554,-4.182343482971191,-70.89517211914062,149.60247802734375,5.264847278594971,-71.02751922607422,149.92999267578125,56.74000549316406,-74.54000854492188,163.9523468017578,-57.94999694824219,-73.37481689453125,165.43235778808594
1711476099.3875325,-4.182343482971191,-70.89517211914062,149.60247802734375,5.264847278594971,-71.02751922607422,149.92999267578125,56.74000549316406,-74.54000854492188,163.9523468017578,-57.94999694824219,-73.37481689453125,165.43235778808594
1711476099.3975596,-4.182343482971191,-70.89517211914062,149.60247802734375,5.264847278594971,-71.02751922607422,149.92999267578125,56.74000549316406,-74.54000854492188,163.9523468017578,-57.94999694824219,-73.37481689453125,165.43235778808594
1711476099.407546,-4.182343482971191,-70.89517211914062,149.60247802734375,5.264847278594971,-71.02751922607422,149.92999267578125,56.74000549316406,-74.54000854492188,163.9523468017578,-57.94999694824219,-73.37481689453125,165.43235778808594
1711476099.4175436,-4.182343482971191,-70.89517211914062,149.60247802734375,5.264847278594971,-71.02751922607422,149.92999267578125,56.74000549316406,-74.54000854492188,163.9523468017578,-57.94999694824219,-73.37481689453125,165.43235778808594
1711476099.42755,-4.182343482971191,-70.89517211914062,149.60247802734375,5.264847278594971,-71.02751922607422,149.92999267578125,56.74000549316406,-74.54000854492188,163.9523468017578,-57.94999694824219,-73.37481689453125,165.43235778808594
1711476099.4375634,-4.182343482971191,-70.89517211914062,149.60247802734375,5.264847278594971,-71.02751922607422,149.92999267578125,56.74000549316406,-74.54000854492188,163.9523468017578,-57.94999694824219,-73.37481689453125,165.43235778808594
1711476099.4475558,-4.182343482971191,-70.89517211914062,149.60247802734375,5.264847278594971,-71.02751922607422,149.92999267578125,56.74000549316406,-74.54000854492188,163.9523468017578,-57.94999694824219,-73.37481689453125,165.43235778808594
1711476099.4575598,-4.182343482971191,-70.89517211914062,149.60247802734375,5.264847278594971,-71.02751922607422,149.92999267578125,56.74000549316406,-74.54000854492188,163.9523468017578,-57.94999694824219,-73.37481689453125,165.43235778808594
1711476099.4675677,-4.182343482971191,-70.89517211914062,149.60247802734375,5.264847278594971,-71.02751922607422,149.92999267578125,56.74000549316406,-74.54000854492188,163.9523468017578,-57.94999694824219,-73.37481689453125,165.43235778808594
1711476099.47753,-4.182343482971191,-70.89517211914062,149.60247802734375,5.264847278594971,-71.02751922607422,149.92999267578125,56.74000549316406,-74.54000854492188,163.9523468017578,-57.94999694824219,-73.37481689453125,165.43235778808594
1711476099.4875505,-4.182343482971191,-70.89517211914062,149.60247802734375,5.264847278594971,-71.02751922607422,149.92999267578125,56.74000549316406,-74.54000854492188,163.9523468017578,-57.94999694824219,-73.37481689453125,165.43235778808594
1711476099.497565,-4.182343482971191,-70.89517211914062,149.60247802734375,5.264847278594971,-71.02751922607422,149.92999267578125,56.74000549316406,-74.54000854492188,163.9523468017578,-57.94999694824219,-73.37481689453125,165.43235778808594
1711476099.507563,-4.182343482971191,-70.89517211914062,149.60247802734375,5.264847278594971,-71.02751922607422,149.92999267578125,56.74000549316406,-74.54000854492188,163.9523468017578,-57.94999694824219,-73.37481689453125,165.43235778808594
1711476099.5175705,-4.182343482971191,-70.89517211914062,149.60247802734375,5.264847278594971,-71.02751922607422,149.92999267578125,56.74000549316406,-74.54000854492188,163.9523468017578,-57.94999694824219,-73.37481689453125,165.43235778808594
1711476099.527552,-4.182343482971191,-70.89517211914062,149.60247802734375,5.264847278594971,-71.02751922607422,149.92999267578125,56.74000549316406,-74.54000854492188,163.9523468017578,-57.94999694824219,-73.37481689453125,165.43235778808594
1711476099.5375493,-4.182343482971191,-70.89517211914062,149.60247802734375,5.264847278594971,-71.02751922607422,149.92999267578125,56.74000549316406,-74.54000854492188,163.9523468017578,-57.94999694824219,-73.37481689453125,165.43235778808594
1711476099.5475783,-4.182343482971191,-70.89517211914062,149.60247802734375,5.264847278594971,-71.02751922607422,149.92999267578125,56.74000549316406,-74.54000854492188,163.9523468017578,-57.94999694824219,-73.37481689453125,165.43235778808594
1711476099.5575686,-4.182343482971191,-70.89517211914062,149.60247802734375,5.264847278594971,-71.02751922607422,149.92999267578125,56.74000549316406,-74.54000854492188,163.9523468017578,-57.94999694824219,-73.37481689453125,165.43235778808594
1711476099.5675533,-4.182343482971191,-70.89517211914062,149.60247802734375,5.264847278594971,-71.02751922607422,149.92999267578125,56.74000549316406,-74.54000854492188,163.9523468017578,-57.94999694824219,-73.37481689453125,165.43235778808594
1711476099.5775585,-4.182343482971191,-70.89517211914062,149.60247802734375,5.264847278594971,-71.02751922607422,149.92999267578125,56.74000549316406,-74.54000854492188,163.9523468017578,-57.94999694824219,-73.37481689453125,165.43235778808594
1711476099.5875309,-4.182343482971191,-70.89517211914062,149.60247802734375,5.264847278594971,-71.02751922607422,149.92999267578125,56.74000549316406,-74.54000854492188,163.9523468017578,-57.94999694824219,-73.37481689453125,165.43235778808594
1711476099.5975296,-4.182343482971191,-70.89517211914062,149.60247802734375,5.264847278594971,-71.02751922607422,149.92999267578125,56.74000549316406,-74.54000854492188,163.9523468017578,-57.94999694824219,-73.37481689453125,165.43235778808594
1711476099.607546,-4.182343482971191,-70.89517211914062,149.60247802734375,5.264847278594971,-71.02751922607422,149.92999267578125,56.74000549316406,-74.54000854492188,163.9523468017578,-57.94999694824219,-73.37481689453125,165.43235778808594
1711476099.617572,-4.182343482971191,-70.89517211914062,149.60247802734375,5.264847278594971,-71.02751922607422,149.92999267578125,56.74000549316406,-74.54000854492188,163.9523468017578,-57.94999694824219,-73.37481689453125,165.43235778808594
1711476099.6275623,-4.182343482971191,-70.89517211914062,149.60247802734375,5.264847278594971,-71.02751922607422,149.92999267578125,56.74000549316406,-74.54000854492188,163.9523468017578,-57.94999694824219,-73.37481689453125,165.43235778808594
1711476099.6375687,-4.182343482971191,-70.89517211914062,149.60247802734375,5.264847278594971,-71.02751922607422,149.92999267578125,56.74000549316406,-74.54000854492188,163.9523468017578,-57.94999694824219,-73.37481689453125,165.43235778808594
1711476099.6475656,-4.182343482971191,-70.89517211914062,149.60247802734375,5.264847278594971,-71.02751922607422,149.92999267578125,56.74000549316406,-74.54000854492188,163.9523468017578,-57.94999694824219,-73.37481689453125,165.43235778808594
1711476099.6575804,-4.182343482971191,-70.89517211914062,149.60247802734375,5.264847278594971,-71.02751922607422,149.92999267578125,56.74000549316406,-74.54000854492188,163.9523468017578,-57.94999694824219,-73.37481689453125,165.43235778808594
1711476099.6675498,-4.182343482971191,-70.89517211914062,149.60247802734375,5.264847278594971,-71.02751922607422,149.92999267578125,56.74000549316406,-74.54000854492188,163.9523468017578,-57.94999694824219,-73.37481689453125,165.43235778808594
1711476099.6775706,-4.182343482971191,-70.89517211914062,149.60247802734375,5.264847278594971,-71.02751922607422,149.92999267578125,56.74000549316406,-74.54000854492188,163.9523468017578,-57.94999694824219,-73.37481689453125,165.43235778808594
1711476099.6875627,-4.182343482971191,-70.89517211914062,149.60247802734375,5.264847278594971,-71.02751922607422,149.92999267578125,56.74000549316406,-74.54000854492188,163.9523468017578,-57.94999694824219,-73.37481689453125,165.43235778808594
1711476099.6975574,-4.182343482971191,-70.89517211914062,149.60247802734375,5.264847278594971,-71.02751922607422,149.92999267578125,56.74000549316406,-74.54000854492188,163.9523468017578,-57.94999694824219,-73.37481689453125,165.43235778808594
1711476099.7075677,-4.182343482971191,-70.89517211914062,149.60247802734375,5.264847278594971,-71.02751922607422,149.92999267578125,56.74000549316406,-74.54000854492188,163.9523468017578,-57.94999694824219,-73.37481689453125,165.43235778808594
1711476099.7175395,-4.182343482971191,-70.89517211914062,149.60247802734375,5.264847278594971,-71.02751922607422,149.92999267578125,56.74000549316406,-74.54000854492188,163.9523468017578,-57.94999694824219,-73.37481689453125,165.43235778808594
1711476099.7275712,-4.182343482971191,-70.89517211914062,149.60247802734375,5.264847278594971,-71.02751922607422,149.92999267578125,56.74000549316406,-74.54000854492188,163.9523468017578,-57.94999694824219,-73.37481689453125,165.43235778808594
1711476099.7375731,-4.182343482971191,-70.89517211914062,149.60247802734375,5.264847278594971,-71.02751922607422,149.92999267578125,56.74000549316406,-74.54000854492188,163.9523468017578,-57.94999694824219,-73.37481689453125,165.43235778808594
1711476099.7475667,-4.182343482971191,-70.89517211914062,149.60247802734375,5.264847278594971,-71.02751922607422,149.92999267578125,56.74000549316406,-74.54000854492188,163.9523468017578,-57.94999694824219,-73.37481689453125,165.43235778808594
1711476099.7575874,-4.182343482971191,-70.89517211914062,149.60247802734375,5.264847278594971,-71.02751922607422,149.92999267578125,56.74000549316406,-74.54000854492188,163.9523468017578,-57.94999694824219,-73.37481689453125,165.43235778808594
1711476099.7675495,-4.182343482971191,-70.89517211914062,149.60247802734375,5.264847278594971,-71.02751922607422,149.92999267578125,56.74000549316406,-74.54000854492188,163.9523468017578,-57.94999694824219,-73.37481689453125,165.43235778808594
1711476099.7775683,-4.182343482971191,-70.89517211914062,149.60247802734375,5.264847278594971,-71.02751922607422,149.92999267578125,56.74000549316406,-74.54000854492188,163.9523468017578,-57.94999694824219,-73.37481689453125,165.43235778808594
1711476099.7875748,-4.182343482971191,-70.89517211914062,149.60247802734375,5.264847278594971,-71.02751922607422,149.92999267578125,56.74000549316406,-74.54000854492188,163.9523468017578,-57.94999694824219,-73.37481689453125,165.43235778808594
1711476099.797547,-4.182343482971191,-70.89517211914062,149.60247802734375,5.264847278594971,-71.02751922607422,149.92999267578125,56.74000549316406,-74.54000854492188,163.9523468017578,-57.94999694824219,-73.37481689453125,165.43235778808594
1711476099.8075237,-4.182343482971191,-70.89517211914062,149.60247802734375,5.264847278594971,-71.02751922607422,149.92999267578125,56.74000549316406,-74.54000854492188,163.9523468017578,-57.94999694824219,-73.37481689453125,165.43235778808594
1711476099.8175812,-4.182343482971191,-70.89517211914062,149.60247802734375,5.264847278594971,-71.02751922607422,149.92999267578125,56.74000549316406,-74.54000854492188,163.9523468017578,-57.94999694824219,-73.37481689453125,165.43235778808594
1711476099.827578,-4.182343482971191,-70.89517211914062,149.60247802734375,5.264847278594971,-71.02751922607422,149.92999267578125,56.74000549316406,-74.54000854492188,163.9523468017578,-57.94999694824219,-73.37481689453125,165.43235778808594
1711476099.8375802,-4.182343482971191,-70.89517211914062,149.60247802734375,5.264847278594971,-71.02751922607422,149.92999267578125,56.74000549316406,-74.54000854492188,163.9523468017578,-57.94999694824219,-73.37481689453125,165.43235778808594
1711476099.8475733,-4.182343482971191,-70.89517211914062,149.60247802734375,5.264847278594971,-71.02751922607422,149.92999267578125,56.74000549316406,-74.54000854492188,163.9523468017578,-57.94999694824219,-73.37481689453125,165.43235778808594
1711476099.8575459,-4.182343482971191,-70.89517211914062,149.60247802734375,5.264847278594971,-71.02751922607422,149.92999267578125,56.74000549316406,-74.54000854492188,163.9523468017578,-57.94999694824219,-73.37481689453125,165.43235778808594
1711476099.867602,-4.182343482971191,-70.89517211914062,149.60247802734375,5.264847278594971,-71.02751922607422,149.92999267578125,56.74000549316406,-74.54000854492188,163.9523468017578,-57.94999694824219,-73.37481689453125,165.43235778808594
1711476099.877631,-4.182343482971191,-70.89517211914062,149.60247802734375,5.264847278594971,-71.02751922607422,149.92999267578125,56.74000549316406,-74.54000854492188,163.9523468017578,-57.94999694824219,-73.37481689453125,165.43235778808594
1711476099.8875818,-4.182343482971191,-70.89517211914062,149.60247802734375,5.264847278594971,-71.02751922607422,149.92999267578125,56.74000549316406,-74.54000854492188,163.9523468017578,-57.94999694824219,-73.37481689453125,165.43235778808594
1711476099.8975778,-4.182343482971191,-70.89517211914062,149.60247802734375,5.264847278594971,-71.02751922607422,149.92999267578125,56.74000549316406,-74.54000854492188,163.9523468017578,-57.94999694824219,-73.37481689453125,165.43235778808594
1711476099.9075372,-4.182343482971191,-70.89517211914062,149.60247802734375,5.264847278594971,-71.02751922607422,149.92999267578125,56.74000549316406,-74.54000854492188,163.9523468017578,-57.94999694824219,-73.37481689453125,165.43235778808594
1711476099.9175863,-4.182343482971191,-70.89517211914062,149.60247802734375,5.264847278594971,-71.02751922607422,149.92999267578125,56.74000549316406,-74.54000854492188,163.9523468017578,-57.94999694824219,-73.37481689453125,165.43235778808594
1711476099.9275537,-4.182343482971191,-70.89517211914062,149.60247802734375,5.264847278594971,-71.02751922607422,149.92999267578125,56.74000549316406,-74.54000854492188,163.9523468017578,-57.94999694824219,-73.37481689453125,165.43235778808594
1711476099.937551,-4.182343482971191,-70.89517211914062,149.60247802734375,5.264847278594971,-71.02751922607422,149.92999267578125,56.74000549316406,-74.54000854492188,163.9523468017578,-57.94999694824219,-73.37481689453125,165.43235778808594
1711476099.9475837,-4.182343482971191,-70.89517211914062,149.60247802734375,5.264847278594971,-71.02751922607422,149.92999267578125,56.74000549316406,-74.54000854492188,163.9523468017578,-57.94999694824219,-73.37481689453125,165.43235778808594
1711476099.9575207,-4.182343482971191,-70.89517211914062,149.60247802734375,5.264847278594971,-71.02751922607422,149.92999267578125,56.74000549316406,-74.54000854492188,163.9523468017578,-57.94999694824219,-73.37481689453125,165.43235778808594
1711476099.967589,-4.182343482971191,-70.89517211914062,149.60247802734375,5.264847278594971,-71.02751922607422,149.92999267578125,56.74000549316406,-74.54000854492188,163.9523468017578,-57.94999694824219,-73.37481689453125,165.43235778808594
1711476099.977567,-4.182343482971191,-70.89517211914062,149.60247802734375,5.264847278594971,-71.02751922607422,149.92999267578125,56.74000549316406,-74.54000854492188,163.9523468017578,-57.94999694824219,-73.37481689453125,165.43235778808594
1711476099.9875839,-4.182343482971191,-70.89517211914062,149.60247802734375,5.264847278594971,-71.02751922607422,149.92999267578125,56.74000549316406,-74.54000854492188,163.9523468017578,-57.94999694824219,-73.37481689453125,165.43235778808594
1711476099.997586,-4.182343482971191,-70.89517211914062,149.60247802734375,5.264847278594971,-71.02751922607422,149.92999267578125,56.74000549316406,-74.54000854492188,163.9523468017578,-57.94999694824219,-73.37481689453125,165.43235778808594
1711476100.0075827,-4.182343482971191,-70.89517211914062,149.60247802734375,5.264847278594971,-71.02751922607422,149.92999267578125,56.74000549316406,-74.54000854492188,163.9523468017578,-57.94999694824219,-73.37481689453125,165.43235778808594
1711476100.0175824,-4.182343482971191,-70.89517211914062,149.60247802734375,5.264847278594971,-71.02751922607422,149.92999267578125,56.74000549316406,-74.54000854492188,163.9523468017578,-57.94999694824219,-73.37481689453125,165.43235778808594
1711476100.027588,-4.182343482971191,-70.89517211914062,149.60247802734375,5.264847278594971,-71.02751922607422,149.92999267578125,56.74000549316406,-74.54000854492188,163.9523468017578,-57.94999694824219,-73.37481689453125,165.43235778808594
1711476100.0375876,-4.182343482971191,-70.89517211914062,149.60247802734375,5.264847278594971,-71.02751922607422,149.92999267578125,56.74000549316406,-74.54000854492188,163.9523468017578,-57.94999694824219,-73.37481689453125,165.43235778808594
1711476100.0475879,-4.182343482971191,-70.89517211914062,149.60247802734375,5.264847278594971,-71.02751922607422,149.92999267578125,56.74000549316406,-74.54000854492188,163.9523468017578,-57.94999694824219,-73.37481689453125,165.43235778808594
1711476100.0576034,-4.182343482971191,-70.89517211914062,149.60247802734375,5.264847278594971,-71.02751922607422,149.92999267578125,56.74000549316406,-74.54000854492188,163.9523468017578,-57.94999694824219,-73.37481689453125,165.43235778808594
1711476100.0675876,-4.182343482971191,-70.89517211914062,149.60247802734375,5.264847278594971,-71.02751922607422,149.92999267578125,56.74000549316406,-74.54000854492188,163.9523468017578,-57.94999694824219,-73.37481689453125,165.43235778808594
1711476100.077593,-4.182343482971191,-70.89517211914062,149.60247802734375,5.264847278594971,-71.02751922607422,149.92999267578125,56.74000549316406,-74.54000854492188,163.9523468017578,-57.94999694824219,-73.37481689453125,165.43235778808594
1711476100.087592,-4.182343482971191,-70.89517211914062,149.60247802734375,5.264847278594971,-71.02751922607422,149.92999267578125,56.74000549316406,-74.54000854492188,163.9523468017578,-57.94999694824219,-73.37481689453125,165.43235778808594
1711476100.0976005,-4.182343482971191,-70.89517211914062,149.60247802734375,5.264847278594971,-71.02751922607422,149.92999267578125,56.74000549316406,-74.54000854492188,163.9523468017578,-57.94999694824219,-73.37481689453125,165.43235778808594
1711476100.1075969,-4.182343482971191,-70.89517211914062,149.60247802734375,5.264847278594971,-71.02751922607422,149.92999267578125,56.74000549316406,-74.54000854492188,163.9523468017578,-57.94999694824219,-73.37481689453125,165.43235778808594
1711476100.1175833,-4.182343482971191,-70.89517211914062,149.60247802734375,5.264847278594971,-71.02751922607422,149.92999267578125,56.74000549316406,-74.54000854492188,163.9523468017578,-57.94999694824219,-73.37481689453125,165.43235778808594
1711476100.1276033,-4.182343482971191,-70.89517211914062,149.60247802734375,5.264847278594971,-71.02751922607422,149.92999267578125,56.74000549316406,-74.54000854492188,163.9523468017578,-57.94999694824219,-73.37481689453125,165.43235778808594
1711476100.138071,-4.182343482971191,-70.89517211914062,149.60247802734375,5.264847278594971,-71.02751922607422,149.92999267578125,56.74000549316406,-74.54000854492188,163.9523468017578,-57.94999694824219,-73.37481689453125,165.43235778808594
1711476100.1475887,-4.182343482971191,-70.89517211914062,149.60247802734375,5.264847278594971,-71.02751922607422,149.92999267578125,56.74000549316406,-74.54000854492188,163.9523468017578,-57.94999694824219,-73.37481689453125,165.43235778808594
1711476100.1576,-4.182343482971191,-70.89517211914062,149.60247802734375,5.264847278594971,-71.02751922607422,149.92999267578125,56.74000549316406,-74.54000854492188,163.9523468017578,-57.94999694824219,-73.37481689453125,165.43235778808594
1711476100.1675868,-4.182343482971191,-70.89517211914062,149.60247802734375,5.264847278594971,-71.02751922607422,149.92999267578125,56.74000549316406,-74.54000854492188,163.9523468017578,-57.94999694824219,-73.37481689453125,165.43235778808594
1711476100.1775928,-4.182343482971191,-70.89517211914062,149.60247802734375,5.264847278594971,-71.02751922607422,149.92999267578125,56.74000549316406,-74.54000854492188,163.9523468017578,-57.94999694824219,-73.37481689453125,165.43235778808594
1711476100.1875842,-4.182343482971191,-70.89517211914062,149.60247802734375,5.264847278594971,-71.02751922607422,149.92999267578125,56.74000549316406,-74.54000854492188,163.9523468017578,-57.94999694824219,-73.37481689453125,165.43235778808594
1711476100.1975937,-4.182343482971191,-70.89517211914062,149.60247802734375,5.264847278594971,-71.02751922607422,149.92999267578125,56.74000549316406,-74.54000854492188,163.9523468017578,-57.94999694824219,-73.37481689453125,165.43235778808594
1711476100.2076032,-4.182343482971191,-70.89517211914062,149.60247802734375,5.264847278594971,-71.02751922607422,149.92999267578125,56.74000549316406,-74.54000854492188,163.9523468017578,-57.94999694824219,-73.37481689453125,165.43235778808594
1711476100.2175906,-4.182343482971191,-70.89517211914062,149.60247802734375,5.264847278594971,-71.02751922607422,149.92999267578125,56.74000549316406,-74.54000854492188,163.9523468017578,-57.94999694824219,-73.37481689453125,165.43235778808594
1711476100.2275925,-4.182343482971191,-70.89517211914062,149.60247802734375,5.264847278594971,-71.02751922607422,149.92999267578125,56.74000549316406,-74.54000854492188,163.9523468017578,-57.94999694824219,-73.37481689453125,165.43235778808594
1711476100.2375975,-4.182343482971191,-70.89517211914062,149.60247802734375,5.264847278594971,-71.02751922607422,149.92999267578125,56.74000549316406,-74.54000854492188,163.9523468017578,-57.94999694824219,-73.37481689453125,165.43235778808594
1711476100.2475986,-4.182343482971191,-70.89517211914062,149.60247802734375,5.264847278594971,-71.02751922607422,149.92999267578125,56.74000549316406,-74.54000854492188,163.9523468017578,-57.94999694824219,-73.37481689453125,165.43235778808594
1711476100.2575934,-4.182343482971191,-70.89517211914062,149.60247802734375,5.264847278594971,-71.02751922607422,149.92999267578125,56.74000549316406,-74.54000854492188,163.9523468017578,-57.94999694824219,-73.37481689453125,165.43235778808594
1711476100.2675943,-4.182343482971191,-70.89517211914062,149.60247802734375,5.264847278594971,-71.02751922607422,149.92999267578125,56.74000549316406,-74.54000854492188,163.9523468017578,-57.94999694824219,-73.37481689453125,165.43235778808594
1711476100.2775967,-4.182343482971191,-70.89517211914062,149.60247802734375,5.264847278594971,-71.02751922607422,149.92999267578125,56.74000549316406,-74.54000854492188,163.9523468017578,-57.94999694824219,-73.37481689453125,165.43235778808594
1711476100.2875907,-4.182343482971191,-70.89517211914062,149.60247802734375,5.264847278594971,-71.02751922607422,149.92999267578125,56.74000549316406,-74.54000854492188,163.9523468017578,-57.94999694824219,-73.37481689453125,165.43235778808594
1711476100.297602,-4.182343482971191,-70.89517211914062,149.60247802734375,5.264847278594971,-71.02751922607422,149.92999267578125,56.74000549316406,-74.54000854492188,163.9523468017578,-57.94999694824219,-73.37481689453125,165.43235778808594
1711476100.3075907,-4.182343482971191,-70.89517211914062,149.60247802734375,5.264847278594971,-71.02751922607422,149.92999267578125,56.74000549316406,-74.54000854492188,163.9523468017578,-57.94999694824219,-73.37481689453125,165.43235778808594
1711476100.3175957,-4.182343482971191,-70.89517211914062,149.60247802734375,5.264847278594971,-71.02751922607422,149.92999267578125,56.74000549316406,-74.54000854492188,163.9523468017578,-57.94999694824219,-73.37481689453125,165.43235778808594
1711476100.327599,-4.182343482971191,-70.89517211914062,149.60247802734375,5.264847278594971,-71.02751922607422,149.92999267578125,56.74000549316406,-74.54000854492188,163.9523468017578,-57.94999694824219,-73.37481689453125,165.43235778808594
1711476100.3376408,-4.182343482971191,-70.89517211914062,149.60247802734375,5.264847278594971,-71.02751922607422,149.92999267578125,56.74000549316406,-74.54000854492188,163.9523468017578,-57.94999694824219,-73.37481689453125,165.43235778808594
1711476100.3475974,-4.182343482971191,-70.89517211914062,149.60247802734375,5.264847278594971,-71.02751922607422,149.92999267578125,56.74000549316406,-74.54000854492188,163.9523468017578,-57.94999694824219,-73.37481689453125,165.43235778808594
1711476100.357618,-4.182343482971191,-70.89517211914062,149.60247802734375,5.264847278594971,-71.02751922607422,149.92999267578125,56.74000549316406,-74.54000854492188,163.9523468017578,-57.94999694824219,-73.37481689453125,165.43235778808594
1711476100.367598,-4.182343482971191,-70.89517211914062,149.60247802734375,5.264847278594971,-71.02751922607422,149.92999267578125,56.74000549316406,-74.54000854492188,163.9523468017578,-57.94999694824219,-73.37481689453125,165.43235778808594
1711476100.3776062,-4.182343482971191,-70.89517211914062,149.60247802734375,5.264847278594971,-71.02751922607422,149.92999267578125,56.74000549316406,-74.54000854492188,163.9523468017578,-57.94999694824219,-73.37481689453125,165.43235778808594
1711476100.3876123,-4.182343482971191,-70.89517211914062,149.60247802734375,5.264847278594971,-71.02751922607422,149.92999267578125,56.74000549316406,-74.54000854492188,163.9523468017578,-57.94999694824219,-73.37481689453125,165.43235778808594
1711476100.3975966,-4.182343482971191,-70.89517211914062,149.60247802734375,5.264847278594971,-71.02751922607422,149.92999267578125,56.74000549316406,-74.54000854492188,163.9523468017578,-57.94999694824219,-73.37481689453125,165.43235778808594
1711476100.4076533,-4.182343482971191,-70.89517211914062,149.60247802734375,5.264847278594971,-71.02751922607422,149.92999267578125,56.74000549316406,-74.54000854492188,163.9523468017578,-57.94999694824219,-73.37481689453125,165.43235778808594
1711476100.417601,-4.182343482971191,-70.89517211914062,149.60247802734375,5.264847278594971,-71.02751922607422,149.92999267578125,56.74000549316406,-74.54000854492188,163.9523468017578,-57.94999694824219,-73.37481689453125,165.43235778808594
1711476100.4276102,-4.182343482971191,-70.89517211914062,149.60247802734375,5.264847278594971,-71.02751922607422,149.92999267578125,56.74000549316406,-74.54000854492188,163.9523468017578,-57.94999694824219,-73.37481689453125,165.43235778808594
1711476100.437603,-4.182343482971191,-70.89517211914062,149.60247802734375,5.264847278594971,-71.02751922607422,149.92999267578125,56.74000549316406,-74.54000854492188,163.9523468017578,-57.94999694824219,-73.37481689453125,165.43235778808594
1711476100.4476068,-4.182343482971191,-70.89517211914062,149.60247802734375,5.264847278594971,-71.02751922607422,149.92999267578125,56.74000549316406,-74.54000854492188,163.9523468017578,-57.94999694824219,-73.37481689453125,165.43235778808594
1711476100.4576018,-4.182343482971191,-70.89517211914062,149.60247802734375,5.264847278594971,-71.02751922607422,149.92999267578125,56.74000549316406,-74.54000854492188,163.9523468017578,-57.94999694824219,-73.37481689453125,165.43235778808594
1711476100.4675999,-4.182343482971191,-70.89517211914062,149.60247802734375,5.264847278594971,-71.02751922607422,149.92999267578125,56.74000549316406,-74.54000854492188,163.9523468017578,-57.94999694824219,-73.37481689453125,165.43235778808594
1711476100.4776034,-4.182343482971191,-70.89517211914062,149.60247802734375,5.264847278594971,-71.02751922607422,149.92999267578125,56.74000549316406,-74.54000854492188,163.9523468017578,-57.94999694824219,-73.37481689453125,165.43235778808594
1711476100.4876025,-4.182343482971191,-70.89517211914062,149.60247802734375,5.264847278594971,-71.02751922607422,149.92999267578125,56.74000549316406,-74.54000854492188,163.9523468017578,-57.94999694824219,-73.37481689453125,165.43235778808594
1711476100.4976084,-4.182343482971191,-70.89517211914062,149.60247802734375,5.264847278594971,-71.02751922607422,149.92999267578125,56.74000549316406,-74.54000854492188,163.9523468017578,-57.94999694824219,-73.37481689453125,165.43235778808594
1711476100.5076072,-4.182343482971191,-70.89517211914062,149.60247802734375,5.264847278594971,-71.02751922607422,149.92999267578125,56.74000549316406,-74.54000854492188,163.9523468017578,-57.94999694824219,-73.37481689453125,165.43235778808594
1711476100.517604,-4.182343482971191,-70.89517211914062,149.60247802734375,5.264847278594971,-71.02751922607422,149.92999267578125,56.74000549316406,-74.54000854492188,163.9523468017578,-57.94999694824219,-73.37481689453125,165.43235778808594
1711476100.5276082,-4.182343482971191,-70.89517211914062,149.60247802734375,5.264847278594971,-71.02751922607422,149.92999267578125,56.74000549316406,-74.54000854492188,163.9523468017578,-57.94999694824219,-73.37481689453125,165.43235778808594
1711476100.5376055,-4.182343482971191,-70.89517211914062,149.60247802734375,5.264847278594971,-71.02751922607422,149.92999267578125,56.74000549316406,-74.54000854492188,163.9523468017578,-57.94999694824219,-73.37481689453125,165.43235778808594
1711476100.5476098,-4.182343482971191,-70.89517211914062,149.60247802734375,5.264847278594971,-71.02751922607422,149.92999267578125,56.74000549316406,-74.54000854492188,163.9523468017578,-57.94999694824219,-73.37481689453125,165.43235778808594
1711476100.5576386,-4.182343482971191,-70.89517211914062,149.60247802734375,5.264847278594971,-71.02751922607422,149.92999267578125,56.74000549316406,-74.54000854492188,163.9523468017578,-57.94999694824219,-73.37481689453125,165.43235778808594
1711476100.5676165,-4.182343482971191,-70.89517211914062,149.60247802734375,5.264847278594971,-71.02751922607422,149.92999267578125,56.74000549316406,-74.54000854492188,163.9523468017578,-57.94999694824219,-73.37481689453125,165.43235778808594
1711476100.577618,-4.182343482971191,-70.89517211914062,149.60247802734375,5.264847278594971,-71.02751922607422,149.92999267578125,56.74000549316406,-74.54000854492188,163.9523468017578,-57.94999694824219,-73.37481689453125,165.43235778808594
1711476100.5876074,-4.182343482971191,-70.89517211914062,149.60247802734375,5.264847278594971,-71.02751922607422,149.92999267578125,56.74000549316406,-74.54000854492188,163.9523468017578,-57.94999694824219,-73.37481689453125,165.43235778808594
1711476100.5976045,-4.182343482971191,-70.89517211914062,149.60247802734375,5.264847278594971,-71.02751922607422,149.92999267578125,56.74000549316406,-74.54000854492188,163.9523468017578,-57.94999694824219,-73.37481689453125,165.43235778808594
1711476100.6076183,-4.182343482971191,-70.89517211914062,149.60247802734375,5.264847278594971,-71.02751922607422,149.92999267578125,56.74000549316406,-74.54000854492188,163.9523468017578,-57.94999694824219,-73.37481689453125,165.43235778808594
1711476100.6176217,-4.182343482971191,-70.89517211914062,149.60247802734375,5.264847278594971,-71.02751922607422,149.92999267578125,56.74000549316406,-74.54000854492188,163.9523468017578,-57.94999694824219,-73.37481689453125,165.43235778808594
1711476100.6276107,-4.182343482971191,-70.89517211914062,149.60247802734375,5.264847278594971,-71.02751922607422,149.92999267578125,56.74000549316406,-74.54000854492188,163.9523468017578,-57.94999694824219,-73.37481689453125,165.43235778808594
1711476100.6376176,-4.182343482971191,-70.89517211914062,149.60247802734375,5.264847278594971,-71.02751922607422,149.92999267578125,56.74000549316406,-74.54000854492188,163.9523468017578,-57.94999694824219,-73.37481689453125,165.43235778808594
1711476100.6476157,-4.182343482971191,-70.89517211914062,149.60247802734375,5.264847278594971,-71.02751922607422,149.92999267578125,56.74000549316406,-74.54000854492188,163.9523468017578,-57.94999694824219,-73.37481689453125,165.43235778808594
1711476100.657615,-4.182343482971191,-70.89517211914062,149.60247802734375,5.264847278594971,-71.02751922607422,149.92999267578125,56.74000549316406,-74.54000854492188,163.9523468017578,-57.94999694824219,-73.37481689453125,165.43235778808594
1711476100.6676183,-4.182343482971191,-70.89517211914062,149.60247802734375,5.264847278594971,-71.02751922607422,149.92999267578125,56.74000549316406,-74.54000854492188,163.9523468017578,-57.94999694824219,-73.37481689453125,165.43235778808594
1711476100.6776175,-4.182343482971191,-70.89517211914062,149.60247802734375,5.264847278594971,-71.02751922607422,149.92999267578125,56.74000549316406,-74.54000854492188,163.9523468017578,-57.94999694824219,-73.37481689453125,165.43235778808594
1711476100.6876261,-4.182343482971191,-70.89517211914062,149.60247802734375,5.264847278594971,-71.02751922607422,149.92999267578125,56.74000549316406,-74.54000854492188,163.9523468017578,-57.94999694824219,-73.37481689453125,165.43235778808594
1711476100.6976142,-4.182343482971191,-70.89517211914062,149.60247802734375,5.264847278594971,-71.02751922607422,149.92999267578125,56.74000549316406,-74.54000854492188,163.9523468017578,-57.94999694824219,-73.37481689453125,165.43235778808594
1711476100.7076218,-4.182343482971191,-70.89517211914062,149.60247802734375,5.264847278594971,-71.02751922607422,149.92999267578125,56.74000549316406,-74.54000854492188,163.9523468017578,-57.94999694824219,-73.37481689453125,165.43235778808594
1711476100.7176244,-4.182343482971191,-70.89517211914062,149.60247802734375,5.264847278594971,-71.02751922607422,149.92999267578125,56.74000549316406,-74.54000854492188,163.9523468017578,-57.94999694824219,-73.37481689453125,165.43235778808594
1711476100.727617,-4.182343482971191,-70.89517211914062,149.60247802734375,5.264847278594971,-71.02751922607422,149.92999267578125,56.74000549316406,-74.54000854492188,163.9523468017578,-57.94999694824219,-73.37481689453125,165.43235778808594
1711476100.7376175,-4.182343482971191,-70.89517211914062,149.60247802734375,5.264847278594971,-71.02751922607422,149.92999267578125,56.74000549316406,-74.54000854492188,163.9523468017578,-57.94999694824219,-73.37481689453125,165.43235778808594
1711476100.7476223,-4.182343482971191,-70.89517211914062,149.60247802734375,5.264847278594971,-71.02751922607422,149.92999267578125,56.74000549316406,-74.54000854492188,163.9523468017578,-57.94999694824219,-73.37481689453125,165.43235778808594
1711476100.7576168,-4.182343482971191,-70.89517211914062,149.60247802734375,5.264847278594971,-71.02751922607422,149.92999267578125,56.74000549316406,-74.54000854492188,163.9523468017578,-57.94999694824219,-73.37481689453125,165.43235778808594
1711476100.7676275,-4.182343482971191,-70.89517211914062,149.60247802734375,5.264847278594971,-71.02751922607422,149.92999267578125,56.74000549316406,-74.54000854492188,163.9523468017578,-57.94999694824219,-73.37481689453125,165.43235778808594
1711476100.7776186,-4.182343482971191,-70.89517211914062,149.60247802734375,5.264847278594971,-71.02751922607422,149.92999267578125,56.74000549316406,-74.54000854492188,163.9523468017578,-57.94999694824219,-73.37481689453125,165.43235778808594
1711476100.7876136,-4.182343482971191,-70.89517211914062,149.60247802734375,5.264847278594971,-71.02751922607422,149.92999267578125,56.74000549316406,-74.54000854492188,163.9523468017578,-57.94999694824219,-73.37481689453125,165.43235778808594
1711476100.797629,-4.182343482971191,-70.89517211914062,149.60247802734375,5.264847278594971,-71.02751922607422,149.92999267578125,56.74000549316406,-74.54000854492188,163.9523468017578,-57.94999694824219,-73.37481689453125,165.43235778808594
1711476100.8076222,-4.182343482971191,-70.89517211914062,149.60247802734375,5.264847278594971,-71.02751922607422,149.92999267578125,56.74000549316406,-74.54000854492188,163.9523468017578,-57.94999694824219,-73.37481689453125,165.43235778808594
1711476100.8176208,-4.182343482971191,-70.89517211914062,149.60247802734375,5.264847278594971,-71.02751922607422,149.92999267578125,56.74000549316406,-74.54000854492188,163.9523468017578,-57.94999694824219,-73.37481689453125,165.43235778808594
1711476100.8276222,-4.182343482971191,-70.89517211914062,149.60247802734375,5.264847278594971,-71.02751922607422,149.92999267578125,56.74000549316406,-74.54000854492188,163.9523468017578,-57.94999694824219,-73.37481689453125,165.43235778808594
1711476100.8376203,-4.182343482971191,-70.89517211914062,149.60247802734375,5.264847278594971,-71.02751922607422,149.92999267578125,56.74000549316406,-74.54000854492188,163.9523468017578,-57.94999694824219,-73.37481689453125,165.43235778808594
1711476100.8476207,-4.182343482971191,-70.89517211914062,149.60247802734375,5.264847278594971,-71.02751922607422,149.92999267578125,56.74000549316406,-74.54000854492188,163.9523468017578,-57.94999694824219,-73.37481689453125,165.43235778808594
1711476100.8576226,-4.182343482971191,-70.89517211914062,149.60247802734375,5.264847278594971,-71.02751922607422,149.92999267578125,56.74000549316406,-74.54000854492188,163.9523468017578,-57.94999694824219,-73.37481689453125,165.43235778808594
1711476100.8676274,-4.182343482971191,-70.89517211914062,149.60247802734375,5.264847278594971,-71.02751922607422,149.92999267578125,56.74000549316406,-74.54000854492188,163.9523468017578,-57.94999694824219,-73.37481689453125,165.43235778808594
1711476100.877627,-4.182343482971191,-70.89517211914062,149.60247802734375,5.264847278594971,-71.02751922607422,149.92999267578125,56.74000549316406,-74.54000854492188,163.9523468017578,-57.94999694824219,-73.37481689453125,165.43235778808594
1711476100.8876262,-4.182343482971191,-70.89517211914062,149.60247802734375,5.264847278594971,-71.02751922607422,149.92999267578125,56.74000549316406,-74.54000854492188,163.9523468017578,-57.94999694824219,-73.37481689453125,165.43235778808594
1711476100.89763,-4.182343482971191,-70.89517211914062,149.60247802734375,5.264847278594971,-71.02751922607422,149.92999267578125,56.74000549316406,-74.54000854492188,163.9523468017578,-57.94999694824219,-73.37481689453125,165.43235778808594
1711476100.9076238,-4.182343482971191,-70.89517211914062,149.60247802734375,5.264847278594971,-71.02751922607422,149.92999267578125,56.74000549316406,-74.54000854492188,163.9523468017578,-57.94999694824219,-73.37481689453125,165.43235778808594
1711476100.9176338,-4.182343482971191,-70.89517211914062,149.60247802734375,5.264847278594971,-71.02751922607422,149.92999267578125,56.74000549316406,-74.54000854492188,163.9523468017578,-57.94999694824219,-73.37481689453125,165.43235778808594
1711476100.92763,-4.182343482971191,-70.89517211914062,149.60247802734375,5.264847278594971,-71.02751922607422,149.92999267578125,56.74000549316406,-74.54000854492188,163.9523468017578,-57.94999694824219,-73.37481689453125,165.43235778808594
1711476100.937635,-4.182343482971191,-70.89517211914062,149.60247802734375,5.264847278594971,-71.02751922607422,149.92999267578125,56.74000549316406,-74.54000854492188,163.9523468017578,-57.94999694824219,-73.37481689453125,165.43235778808594
1711476100.9476397,-4.182343482971191,-70.89517211914062,149.60247802734375,5.264847278594971,-71.02751922607422,149.92999267578125,56.74000549316406,-74.54000854492188,163.9523468017578,-57.94999694824219,-73.37481689453125,165.43235778808594
1711476100.9576266,-4.182343482971191,-70.89517211914062,149.60247802734375,5.264847278594971,-71.02751922607422,149.92999267578125,56.74000549316406,-74.54000854492188,163.9523468017578,-57.94999694824219,-73.37481689453125,165.43235778808594
1711476100.9676325,-4.182343482971191,-70.89517211914062,149.60247802734375,5.264847278594971,-71.02751922607422,149.92999267578125,56.74000549316406,-74.54000854492188,163.9523468017578,-57.94999694824219,-73.37481689453125,165.43235778808594
1711476100.9776309,-4.182343482971191,-70.89517211914062,149.60247802734375,5.264847278594971,-71.02751922607422,149.92999267578125,56.74000549316406,-74.54000854492188,163.9523468017578,-57.94999694824219,-73.37481689453125,165.43235778808594
1711476100.987627,-4.182343482971191,-70.89517211914062,149.60247802734375,5.264847278594971,-71.02751922607422,149.92999267578125,56.74000549316406,-74.54000854492188,163.9523468017578,-57.94999694824219,-73.37481689453125,165.43235778808594
1711476100.9976292,-4.182343482971191,-70.89517211914062,149.60247802734375,5.264847278594971,-71.02751922607422,149.92999267578125,56.74000549316406,-74.54000854492188,163.9523468017578,-57.94999694824219,-73.37481689453125,165.43235778808594
1711476101.0076337,-4.182343482971191,-70.89517211914062,149.60247802734375,5.264847278594971,-71.02751922607422,149.92999267578125,56.74000549316406,-74.54000854492188,163.9523468017578,-57.94999694824219,-73.37481689453125,165.43235778808594
1711476101.0176432,-4.182343482971191,-70.89517211914062,149.60247802734375,5.264847278594971,-71.02751922607422,149.92999267578125,56.74000549316406,-74.54000854492188,163.9523468017578,-57.94999694824219,-73.37481689453125,165.43235778808594
1711476101.0276287,-4.182343482971191,-70.89517211914062,149.60247802734375,5.264847278594971,-71.02751922607422,149.92999267578125,56.74000549316406,-74.54000854492188,163.9523468017578,-57.94999694824219,-73.37481689453125,165.43235778808594
1711476101.0376368,-4.182343482971191,-70.89517211914062,149.60247802734375,5.264847278594971,-71.02751922607422,149.92999267578125,56.74000549316406,-74.54000854492188,163.9523468017578,-57.94999694824219,-73.37481689453125,165.43235778808594
1711476101.0476432,-4.182343482971191,-70.89517211914062,149.60247802734375,5.264847278594971,-71.02751922607422,149.92999267578125,56.74000549316406,-74.54000854492188,163.9523468017578,-57.94999694824219,-73.37481689453125,165.43235778808594
1711476101.0576508,-4.182343482971191,-70.89517211914062,149.60247802734375,5.264847278594971,-71.02751922607422,149.92999267578125,56.74000549316406,-74.54000854492188,163.9523468017578,-57.94999694824219,-73.37481689453125,165.43235778808594
1711476101.067637,-4.182343482971191,-70.89517211914062,149.60247802734375,5.264847278594971,-71.02751922607422,149.92999267578125,56.74000549316406,-74.54000854492188,163.9523468017578,-57.94999694824219,-73.37481689453125,165.43235778808594
1711476101.077634,-4.182343482971191,-70.89517211914062,149.60247802734375,5.264847278594971,-71.02751922607422,149.92999267578125,56.74000549316406,-74.54000854492188,163.9523468017578,-57.94999694824219,-73.37481689453125,165.43235778808594
1711476101.0876322,-4.182343482971191,-70.89517211914062,149.60247802734375,5.264847278594971,-71.02751922607422,149.92999267578125,56.74000549316406,-74.54000854492188,163.9523468017578,-57.94999694824219,-73.37481689453125,165.43235778808594
1711476101.0976489,-4.182343482971191,-70.89517211914062,149.60247802734375,5.264847278594971,-71.02751922607422,149.92999267578125,56.74000549316406,-74.54000854492188,163.9523468017578,-57.94999694824219,-73.37481689453125,165.43235778808594
1711476101.1076305,-4.182343482971191,-70.89517211914062,149.60247802734375,5.264847278594971,-71.02751922607422,149.92999267578125,56.74000549316406,-74.54000854492188,163.9523468017578,-57.94999694824219,-73.37481689453125,165.43235778808594
1711476101.1176414,-4.182343482971191,-70.89517211914062,149.60247802734375,5.264847278594971,-71.02751922607422,149.92999267578125,56.74000549316406,-74.54000854492188,163.9523468017578,-57.94999694824219,-73.37481689453125,165.43235778808594
1711476101.127648,-4.182343482971191,-70.89517211914062,149.60247802734375,5.264847278594971,-71.02751922607422,149.92999267578125,56.74000549316406,-74.54000854492188,163.9523468017578,-57.94999694824219,-73.37481689453125,165.43235778808594
1711476101.1376383,-4.182343482971191,-70.89517211914062,149.60247802734375,5.264847278594971,-71.02751922607422,149.92999267578125,56.74000549316406,-74.54000854492188,163.9523468017578,-57.94999694824219,-73.37481689453125,165.43235778808594
1711476101.1476412,-4.182343482971191,-70.89517211914062,149.60247802734375,5.264847278594971,-71.02751922607422,149.92999267578125,56.74000549316406,-74.54000854492188,163.9523468017578,-57.94999694824219,-73.37481689453125,165.43235778808594
1711476101.15764,-4.182343482971191,-70.89517211914062,149.60247802734375,5.264847278594971,-71.02751922607422,149.92999267578125,56.74000549316406,-74.54000854492188,163.9523468017578,-57.94999694824219,-73.37481689453125,165.43235778808594
1711476101.1676445,-4.182343482971191,-70.89517211914062,149.60247802734375,5.264847278594971,-71.02751922607422,149.92999267578125,56.74000549316406,-74.54000854492188,163.9523468017578,-57.94999694824219,-73.37481689453125,165.43235778808594
1711476101.177643,-4.182343482971191,-70.89517211914062,149.60247802734375,5.264847278594971,-71.02751922607422,149.92999267578125,56.74000549316406,-74.54000854492188,163.9523468017578,-57.94999694824219,-73.37481689453125,165.43235778808594
1711476101.1876574,-4.182343482971191,-70.89517211914062,149.60247802734375,5.264847278594971,-71.02751922607422,149.92999267578125,56.74000549316406,-74.54000854492188,163.9523468017578,-57.94999694824219,-73.37481689453125,165.43235778808594
1711476101.1976438,-4.182343482971191,-70.89517211914062,149.60247802734375,5.264847278594971,-71.02751922607422,149.92999267578125,56.74000549316406,-74.54000854492188,163.9523468017578,-57.94999694824219,-73.37481689453125,165.43235778808594
1711476101.2076526,-4.182343482971191,-70.89517211914062,149.60247802734375,5.264847278594971,-71.02751922607422,149.92999267578125,56.74000549316406,-74.54000854492188,163.9523468017578,-57.94999694824219,-73.37481689453125,165.43235778808594
1711476101.2176514,-4.182343482971191,-70.89517211914062,149.60247802734375,5.264847278594971,-71.02751922607422,149.92999267578125,56.74000549316406,-74.54000854492188,163.9523468017578,-57.94999694824219,-73.37481689453125,165.43235778808594
1711476101.2276554,-4.182343482971191,-70.89517211914062,149.60247802734375,5.264847278594971,-71.02751922607422,149.92999267578125,56.74000549316406,-74.54000854492188,163.9523468017578,-57.94999694824219,-73.37481689453125,165.43235778808594
1711476101.2376552,-4.182343482971191,-70.89517211914062,149.60247802734375,5.264847278594971,-71.02751922607422,149.92999267578125,56.74000549316406,-74.54000854492188,163.9523468017578,-57.94999694824219,-73.37481689453125,165.43235778808594
1711476101.247659,-4.182343482971191,-70.89517211914062,149.60247802734375,5.264847278594971,-71.02751922607422,149.92999267578125,56.74000549316406,-74.54000854492188,163.9523468017578,-57.94999694824219,-73.37481689453125,165.43235778808594
1711476101.257658,-4.182343482971191,-70.89517211914062,149.60247802734375,5.264847278594971,-71.02751922607422,149.92999267578125,56.74000549316406,-74.54000854492188,163.9523468017578,-57.94999694824219,-73.37481689453125,165.43235778808594
1711476101.267641,-4.182343482971191,-70.89517211914062,149.60247802734375,5.264847278594971,-71.02751922607422,149.92999267578125,56.74000549316406,-74.54000854492188,163.9523468017578,-57.94999694824219,-73.37481689453125,165.43235778808594
1711476101.2776496,-4.182343482971191,-70.89517211914062,149.60247802734375,5.264847278594971,-71.02751922607422,149.92999267578125,56.74000549316406,-74.54000854492188,163.9523468017578,-57.94999694824219,-73.37481689453125,165.43235778808594
1711476101.287649,-4.182343482971191,-70.89517211914062,149.60247802734375,5.264847278594971,-71.02751922607422,149.92999267578125,56.74000549316406,-74.54000854492188,163.9523468017578,-57.94999694824219,-73.37481689453125,165.43235778808594
1711476101.297643,-4.182343482971191,-70.89517211914062,149.60247802734375,5.264847278594971,-71.02751922607422,149.92999267578125,56.74000549316406,-74.54000854492188,163.9523468017578,-57.94999694824219,-73.37481689453125,165.43235778808594
1711476101.3076625,-4.182343482971191,-70.89517211914062,149.60247802734375,5.264847278594971,-71.02751922607422,149.92999267578125,56.74000549316406,-74.54000854492188,163.9523468017578,-57.94999694824219,-73.37481689453125,165.43235778808594
1711476101.3176525,-4.182343482971191,-70.89517211914062,149.60247802734375,5.264847278594971,-71.02751922607422,149.92999267578125,56.74000549316406,-74.54000854492188,163.9523468017578,-57.94999694824219,-73.37481689453125,165.43235778808594
1711476101.3276575,-4.182343482971191,-70.89517211914062,149.60247802734375,5.264847278594971,-71.02751922607422,149.92999267578125,56.74000549316406,-74.54000854492188,163.9523468017578,-57.94999694824219,-73.37481689453125,165.43235778808594
1711476101.3376532,-4.182343482971191,-70.89517211914062,149.60247802734375,5.264847278594971,-71.02751922607422,149.92999267578125,56.74000549316406,-74.54000854492188,163.9523468017578,-57.94999694824219,-73.37481689453125,165.43235778808594
1711476101.3476658,-4.182343482971191,-70.89517211914062,149.60247802734375,5.264847278594971,-71.02751922607422,149.92999267578125,56.74000549316406,-74.54000854492188,163.9523468017578,-57.94999694824219,-73.37481689453125,165.43235778808594
1711476101.3576577,-4.182343482971191,-70.89517211914062,149.60247802734375,5.264847278594971,-71.02751922607422,149.92999267578125,56.74000549316406,-74.54000854492188,163.9523468017578,-57.94999694824219,-73.37481689453125,165.43235778808594
1711476101.3676715,-4.182343482971191,-70.89517211914062,149.60247802734375,5.264847278594971,-71.02751922607422,149.92999267578125,56.74000549316406,-74.54000854492188,163.9523468017578,-57.94999694824219,-73.37481689453125,165.43235778808594
1711476101.3776524,-4.182343482971191,-70.89517211914062,149.60247802734375,5.264847278594971,-71.02751922607422,149.92999267578125,56.74000549316406,-74.54000854492188,163.9523468017578,-57.94999694824219,-73.37481689453125,165.43235778808594
1711476101.3875897,-4.182343482971191,-70.89517211914062,149.60247802734375,5.264847278594971,-71.02751922607422,149.92999267578125,56.74000549316406,-74.54000854492188,163.9523468017578,-57.94999694824219,-73.37481689453125,165.43235778808594
1711476101.3976636,-4.182343482971191,-70.89517211914062,149.60247802734375,5.264847278594971,-71.02751922607422,149.92999267578125,56.74000549316406,-74.54000854492188,163.9523468017578,-57.94999694824219,-73.37481689453125,165.43235778808594
1711476101.407658,-4.182343482971191,-70.89517211914062,149.60247802734375,5.264847278594971,-71.02751922607422,149.92999267578125,56.74000549316406,-74.54000854492188,163.9523468017578,-57.94999694824219,-73.37481689453125,165.43235778808594
1711476101.4176598,-4.182343482971191,-70.89517211914062,149.60247802734375,5.264847278594971,-71.02751922607422,149.92999267578125,56.74000549316406,-74.54000854492188,163.9523468017578,-57.94999694824219,-73.37481689453125,165.43235778808594
1711476101.4276733,-4.182343482971191,-70.89517211914062,149.60247802734375,5.264847278594971,-71.02751922607422,149.92999267578125,56.74000549316406,-74.54000854492188,163.9523468017578,-57.94999694824219,-73.37481689453125,165.43235778808594
1711476101.4376593,-4.182343482971191,-70.89517211914062,149.60247802734375,5.264847278594971,-71.02751922607422,149.92999267578125,56.74000549316406,-74.54000854492188,163.9523468017578,-57.94999694824219,-73.37481689453125,165.43235778808594
1711476101.447673,-4.182343482971191,-70.89517211914062,149.60247802734375,5.264847278594971,-71.02751922607422,149.92999267578125,56.74000549316406,-74.54000854492188,163.9523468017578,-57.94999694824219,-73.37481689453125,165.43235778808594
1711476101.4575968,-4.182343482971191,-70.89517211914062,149.60247802734375,5.264847278594971,-71.02751922607422,149.92999267578125,56.74000549316406,-74.54000854492188,163.9523468017578,-57.94999694824219,-73.37481689453125,165.43235778808594
1711476101.4676678,-4.182343482971191,-70.89517211914062,149.60247802734375,5.264847278594971,-71.02751922607422,149.92999267578125,56.74000549316406,-74.54000854492188,163.9523468017578,-57.94999694824219,-73.37481689453125,165.43235778808594
1711476101.4776652,-4.182343482971191,-70.89517211914062,149.60247802734375,5.264847278594971,-71.02751922607422,149.92999267578125,56.74000549316406,-74.54000854492188,163.9523468017578,-57.94999694824219,-73.37481689453125,165.43235778808594
1711476101.4876263,-4.182343482971191,-70.89517211914062,149.60247802734375,5.264847278594971,-71.02751922607422,149.92999267578125,56.74000549316406,-74.54000854492188,163.9523468017578,-57.94999694824219,-73.37481689453125,165.43235778808594
1711476101.497683,-4.182343482971191,-70.89517211914062,149.60247802734375,5.264847278594971,-71.02751922607422,149.92999267578125,56.74000549316406,-74.54000854492188,163.9523468017578,-57.94999694824219,-73.37481689453125,165.43235778808594
1711476101.5076582,-4.182343482971191,-70.89517211914062,149.60247802734375,5.264847278594971,-71.02751922607422,149.92999267578125,56.74000549316406,-74.54000854492188,163.9523468017578,-57.94999694824219,-73.37481689453125,165.43235778808594
1711476101.51767,-4.182343482971191,-70.89517211914062,149.60247802734375,5.264847278594971,-71.02751922607422,149.92999267578125,56.74000549316406,-74.54000854492188,163.9523468017578,-57.94999694824219,-73.37481689453125,165.43235778808594
1711476101.5276923,-4.182343482971191,-70.89517211914062,149.60247802734375,5.264847278594971,-71.02751922607422,149.92999267578125,56.74000549316406,-74.54000854492188,163.9523468017578,-57.94999694824219,-73.37481689453125,165.43235778808594
1711476101.537673,-4.182343482971191,-70.89517211914062,149.60247802734375,5.264847278594971,-71.02751922607422,149.92999267578125,56.74000549316406,-74.54000854492188,163.9523468017578,-57.94999694824219,-73.37481689453125,165.43235778808594
1711476101.5476878,-4.182343482971191,-70.89517211914062,149.60247802734375,5.264847278594971,-71.02751922607422,149.92999267578125,56.74000549316406,-74.54000854492188,163.9523468017578,-57.94999694824219,-73.37481689453125,165.43235778808594
1711476101.557655,-4.182343482971191,-70.89517211914062,149.60247802734375,5.264847278594971,-71.02751922607422,149.92999267578125,56.74000549316406,-74.54000854492188,163.9523468017578,-57.94999694824219,-73.37481689453125,165.43235778808594
1711476101.5677598,-4.182343482971191,-70.89517211914062,149.60247802734375,5.264847278594971,-71.02751922607422,149.92999267578125,56.74000549316406,-74.54000854492188,163.9523468017578,-57.94999694824219,-73.37481689453125,165.43235778808594
1711476101.5776908,-4.182343482971191,-70.89517211914062,149.60247802734375,5.264847278594971,-71.02751922607422,149.92999267578125,56.74000549316406,-74.54000854492188,163.9523468017578,-57.94999694824219,-73.37481689453125,165.43235778808594
1711476101.5876076,-4.182343482971191,-70.89517211914062,149.60247802734375,5.264847278594971,-71.02751922607422,149.92999267578125,56.74000549316406,-74.54000854492188,163.9523468017578,-57.94999694824219,-73.37481689453125,165.43235778808594
1711476101.5976107,-4.182343482971191,-70.89517211914062,149.60247802734375,5.264847278594971,-71.02751922607422,149.92999267578125,56.74000549316406,-74.54000854492188,163.9523468017578,-57.94999694824219,-73.37481689453125,165.43235778808594
1711476101.6076698,-4.182343482971191,-70.89517211914062,149.60247802734375,5.264847278594971,-71.02751922607422,149.92999267578125,56.74000549316406,-74.54000854492188,163.9523468017578,-57.94999694824219,-73.37481689453125,165.43235778808594
1711476101.6176827,-4.182343482971191,-70.89517211914062,149.60247802734375,5.264847278594971,-71.02751922607422,149.92999267578125,56.74000549316406,-74.54000854492188,163.9523468017578,-57.94999694824219,-73.37481689453125,165.43235778808594
1711476101.6276786,-4.182343482971191,-70.89517211914062,149.60247802734375,5.264847278594971,-71.02751922607422,149.92999267578125,56.74000549316406,-74.54000854492188,163.9523468017578,-57.94999694824219,-73.37481689453125,165.43235778808594
1711476101.6377032,-4.182343482971191,-70.89517211914062,149.60247802734375,5.264847278594971,-71.02751922607422,149.92999267578125,56.74000549316406,-74.54000854492188,163.9523468017578,-57.94999694824219,-73.37481689453125,165.43235778808594
1711476101.647697,-4.182343482971191,-70.89517211914062,149.60247802734375,5.264847278594971,-71.02751922607422,149.92999267578125,56.74000549316406,-74.54000854492188,163.9523468017578,-57.94999694824219,-73.37481689453125,165.43235778808594
1711476101.6576967,-4.182343482971191,-70.89517211914062,149.60247802734375,5.264847278594971,-71.02751922607422,149.92999267578125,56.74000549316406,-74.54000854492188,163.9523468017578,-57.94999694824219,-73.37481689453125,165.43235778808594
1711476101.6676965,-4.182343482971191,-70.89517211914062,149.60247802734375,5.264847278594971,-71.02751922607422,149.92999267578125,56.74000549316406,-74.54000854492188,163.9523468017578,-57.94999694824219,-73.37481689453125,165.43235778808594
1711476101.677689,-4.182343482971191,-70.89517211914062,149.60247802734375,5.264847278594971,-71.02751922607422,149.92999267578125,56.74000549316406,-74.54000854492188,163.9523468017578,-57.94999694824219,-73.37481689453125,165.43235778808594
1711476101.687606,-4.182343482971191,-70.89517211914062,149.60247802734375,5.264847278594971,-71.02751922607422,149.92999267578125,56.74000549316406,-74.54000854492188,163.9523468017578,-57.94999694824219,-73.37481689453125,165.43235778808594
1711476101.6977,-4.182343482971191,-70.89517211914062,149.60247802734375,5.264847278594971,-71.02751922607422,149.92999267578125,56.74000549316406,-74.54000854492188,163.9523468017578,-57.94999694824219,-73.37481689453125,165.43235778808594
1711476101.7076938,-4.182343482971191,-70.89517211914062,149.60247802734375,5.264847278594971,-71.02751922607422,149.92999267578125,56.74000549316406,-74.54000854492188,163.9523468017578,-57.94999694824219,-73.37481689453125,165.43235778808594
1711476101.7176752,-4.182343482971191,-70.89517211914062,149.60247802734375,5.264847278594971,-71.02751922607422,149.92999267578125,56.74000549316406,-74.54000854492188,163.9523468017578,-57.94999694824219,-73.37481689453125,165.43235778808594
1711476101.7276955,-4.182343482971191,-70.89517211914062,149.60247802734375,5.264847278594971,-71.02751922607422,149.92999267578125,56.74000549316406,-74.54000854492188,163.9523468017578,-57.94999694824219,-73.37481689453125,165.43235778808594
1711476101.739793,-4.182343482971191,-70.89517211914062,149.60247802734375,5.264847278594971,-71.02751922607422,149.92999267578125,56.74000549316406,-74.54000854492188,163.9523468017578,-57.94999694824219,-73.37481689453125,165.43235778808594
1711476101.7479098,-4.182343482971191,-70.89517211914062,149.60247802734375,5.264847278594971,-71.02751922607422,149.92999267578125,56.74000549316406,-74.54000854492188,163.9523468017578,-57.94999694824219,-73.37481689453125,165.43235778808594
1711476101.7576833,-4.182343482971191,-70.89517211914062,149.60247802734375,5.264847278594971,-71.02751922607422,149.92999267578125,56.74000549316406,-74.54000854492188,163.9523468017578,-57.94999694824219,-73.37481689453125,165.43235778808594
1711476101.7676957,-4.182343482971191,-70.89517211914062,149.60247802734375,5.264847278594971,-71.02751922607422,149.92999267578125,56.74000549316406,-74.54000854492188,163.9523468017578,-57.94999694824219,-73.37481689453125,165.43235778808594
1711476101.7776837,-4.182343482971191,-70.89517211914062,149.60247802734375,5.264847278594971,-71.02751922607422,149.92999267578125,56.74000549316406,-74.54000854492188,163.9523468017578,-57.94999694824219,-73.37481689453125,165.43235778808594
1711476101.7876778,-4.182343482971191,-70.89517211914062,149.60247802734375,5.264847278594971,-71.02751922607422,149.92999267578125,56.74000549316406,-74.54000854492188,163.9523468017578,-57.94999694824219,-73.37481689453125,165.43235778808594
1711476101.7976995,-4.182343482971191,-70.89517211914062,149.60247802734375,5.264847278594971,-71.02751922607422,149.92999267578125,56.74000549316406,-74.54000854492188,163.9523468017578,-57.94999694824219,-73.37481689453125,165.43235778808594
1711476101.8076909,-4.182343482971191,-70.89517211914062,149.60247802734375,5.264847278594971,-71.02751922607422,149.92999267578125,56.74000549316406,-74.54000854492188,163.9523468017578,-57.94999694824219,-73.37481689453125,165.43235778808594
1711476101.8177063,-4.182343482971191,-70.89517211914062,149.60247802734375,5.264847278594971,-71.02751922607422,149.92999267578125,56.74000549316406,-74.54000854492188,163.9523468017578,-57.94999694824219,-73.37481689453125,165.43235778808594
1711476101.827701,-4.182343482971191,-70.89517211914062,149.60247802734375,5.264847278594971,-71.02751922607422,149.92999267578125,56.74000549316406,-74.54000854492188,163.9523468017578,-57.94999694824219,-73.37481689453125,165.43235778808594
1711476101.8379233,-4.182343482971191,-70.89517211914062,149.60247802734375,5.264847278594971,-71.02751922607422,149.92999267578125,56.74000549316406,-74.54000854492188,163.9523468017578,-57.94999694824219,-73.37481689453125,165.43235778808594
1711476101.8477092,-4.182343482971191,-70.89517211914062,149.60247802734375,5.264847278594971,-71.02751922607422,149.92999267578125,56.74000549316406,-74.54000854492188,163.9523468017578,-57.94999694824219,-73.37481689453125,165.43235778808594
1711476101.8576837,-4.182343482971191,-70.89517211914062,149.60247802734375,5.264847278594971,-71.02751922607422,149.92999267578125,56.74000549316406,-74.54000854492188,163.9523468017578,-57.94999694824219,-73.37481689453125,165.43235778808594
1711476101.8676758,-4.182343482971191,-70.89517211914062,149.60247802734375,5.264847278594971,-71.02751922607422,149.92999267578125,56.74000549316406,-74.54000854492188,163.9523468017578,-57.94999694824219,-73.37481689453125,165.43235778808594
1711476101.877689,-4.182343482971191,-70.89517211914062,149.60247802734375,5.264847278594971,-71.02751922607422,149.92999267578125,56.74000549316406,-74.54000854492188,163.9523468017578,-57.94999694824219,-73.37481689453125,165.43235778808594
1711476101.8876815,-4.182343482971191,-70.89517211914062,149.60247802734375,5.264847278594971,-71.02751922607422,149.92999267578125,56.74000549316406,-74.54000854492188,163.9523468017578,-57.94999694824219,-73.37481689453125,165.43235778808594
1711476101.8976858,-4.182343482971191,-70.89517211914062,149.60247802734375,5.264847278594971,-71.02751922607422,149.92999267578125,56.74000549316406,-74.54000854492188,163.9523468017578,-57.94999694824219,-73.37481689453125,165.43235778808594
1711476101.907723,-4.182343482971191,-70.89517211914062,149.60247802734375,5.264847278594971,-71.02751922607422,149.92999267578125,56.74000549316406,-74.54000854492188,163.9523468017578,-57.94999694824219,-73.37481689453125,165.43235778808594
1711476101.9176805,-4.182343482971191,-70.89517211914062,149.60247802734375,5.264847278594971,-71.02751922607422,149.92999267578125,56.74000549316406,-74.54000854492188,163.9523468017578,-57.94999694824219,-73.37481689453125,165.43235778808594
1711476101.9277399,-4.182343482971191,-70.89517211914062,149.60247802734375,5.264847278594971,-71.02751922607422,149.92999267578125,56.74000549316406,-74.54000854492188,163.9523468017578,-57.94999694824219,-73.37481689453125,165.43235778808594
1711476101.9376807,-4.182343482971191,-70.89517211914062,149.60247802734375,5.264847278594971,-71.02751922607422,149.92999267578125,56.74000549316406,-74.54000854492188,163.9523468017578,-57.94999694824219,-73.37481689453125,165.43235778808594
1711476101.9476817,-4.182343482971191,-70.89517211914062,149.60247802734375,5.264847278594971,-71.02751922607422,149.92999267578125,56.74000549316406,-74.54000854492188,163.9523468017578,-57.94999694824219,-73.37481689453125,165.43235778808594
1711476101.9576836,-4.182343482971191,-70.89517211914062,149.60247802734375,5.264847278594971,-71.02751922607422,149.92999267578125,56.74000549316406,-74.54000854492188,163.9523468017578,-57.94999694824219,-73.37481689453125,165.43235778808594
1711476101.9676793,-4.182343482971191,-70.89517211914062,149.60247802734375,5.264847278594971,-71.02751922607422,149.92999267578125,56.74000549316406,-74.54000854492188,163.9523468017578,-57.94999694824219,-73.37481689453125,165.43235778808594
1711476101.9776835,-4.182343482971191,-70.89517211914062,149.60247802734375,5.264847278594971,-71.02751922607422,149.92999267578125,56.74000549316406,-74.54000854492188,163.9523468017578,-57.94999694824219,-73.37481689453125,165.43235778808594
1711476101.9876983,-4.182343482971191,-70.89517211914062,149.60247802734375,5.264847278594971,-71.02751922607422,149.92999267578125,56.74000549316406,-74.54000854492188,163.9523468017578,-57.94999694824219,-73.37481689453125,165.43235778808594
1711476101.9976957,-4.182343482971191,-70.89517211914062,149.60247802734375,5.264847278594971,-71.02751922607422,149.92999267578125,56.74000549316406,-74.54000854492188,163.9523468017578,-57.94999694824219,-73.37481689453125,165.43235778808594
1711476102.0076947,-4.182343482971191,-70.89517211914062,149.60247802734375,5.264847278594971,-71.02751922607422,149.92999267578125,56.74000549316406,-74.54000854492188,163.9523468017578,-57.94999694824219,-73.37481689453125,165.43235778808594
1711476102.0176957,-4.182343482971191,-70.89517211914062,149.60247802734375,5.264847278594971,-71.02751922607422,149.92999267578125,56.74000549316406,-74.54000854492188,163.9523468017578,-57.94999694824219,-73.37481689453125,165.43235778808594
1711476102.027686,-4.182343482971191,-70.89517211914062,149.60247802734375,5.264847278594971,-71.02751922607422,149.92999267578125,56.74000549316406,-74.54000854492188,163.9523468017578,-57.94999694824219,-73.37481689453125,165.43235778808594
1711476102.037687,-4.182343482971191,-70.89517211914062,149.60247802734375,5.264847278594971,-71.02751922607422,149.92999267578125,56.74000549316406,-74.54000854492188,163.9523468017578,-57.94999694824219,-73.37481689453125,165.43235778808594
1711476102.0477011,-4.182343482971191,-70.89517211914062,149.60247802734375,5.264847278594971,-71.02751922607422,149.92999267578125,56.74000549316406,-74.54000854492188,163.9523468017578,-57.94999694824219,-73.37481689453125,165.43235778808594
1711476102.0576937,-4.182343482971191,-70.89517211914062,149.60247802734375,5.264847278594971,-71.02751922607422,149.92999267578125,56.74000549316406,-74.54000854492188,163.9523468017578,-57.94999694824219,-73.37481689453125,165.43235778808594
1711476102.0676918,-4.182343482971191,-70.89517211914062,149.60247802734375,5.264847278594971,-71.02751922607422,149.92999267578125,56.74000549316406,-74.54000854492188,163.9523468017578,-57.94999694824219,-73.37481689453125,165.43235778808594
1711476102.077707,-4.182343482971191,-70.89517211914062,149.60247802734375,5.264847278594971,-71.02751922607422,149.92999267578125,56.74000549316406,-74.54000854492188,163.9523468017578,-57.94999694824219,-73.37481689453125,165.43235778808594
1711476102.0880027,-4.182343482971191,-70.89517211914062,149.60247802734375,5.264847278594971,-71.02751922607422,149.92999267578125,56.74000549316406,-74.54000854492188,163.9523468017578,-57.94999694824219,-73.37481689453125,165.43235778808594
1711476102.097771,-4.182343482971191,-70.89517211914062,149.60247802734375,5.264847278594971,-71.02751922607422,149.92999267578125,56.74000549316406,-74.54000854492188,163.9523468017578,-57.94999694824219,-73.37481689453125,165.43235778808594
1711476102.107706,-4.182343482971191,-70.89517211914062,149.60247802734375,5.264847278594971,-71.02751922607422,149.92999267578125,56.74000549316406,-74.54000854492188,163.9523468017578,-57.94999694824219,-73.37481689453125,165.43235778808594
1711476102.1176965,-4.182343482971191,-70.89517211914062,149.60247802734375,5.264847278594971,-71.02751922607422,149.92999267578125,56.74000549316406,-74.54000854492188,163.9523468017578,-57.94999694824219,-73.37481689453125,165.43235778808594
1711476102.12771,-4.182343482971191,-70.89517211914062,149.60247802734375,5.264847278594971,-71.02751922607422,149.92999267578125,56.74000549316406,-74.54000854492188,163.9523468017578,-57.94999694824219,-73.37481689453125,165.43235778808594
1711476102.13771,-4.182343482971191,-70.89517211914062,149.60247802734375,5.264847278594971,-71.02751922607422,149.92999267578125,56.74000549316406,-74.54000854492188,163.9523468017578,-57.94999694824219,-73.37481689453125,165.43235778808594
1711476102.1477075,-4.182343482971191,-70.89517211914062,149.60247802734375,5.264847278594971,-71.02751922607422,149.92999267578125,56.74000549316406,-74.54000854492188,163.9523468017578,-57.94999694824219,-73.37481689453125,165.43235778808594
1711476102.1577032,-4.182343482971191,-70.89517211914062,149.60247802734375,5.264847278594971,-71.02751922607422,149.92999267578125,56.74000549316406,-74.54000854492188,163.9523468017578,-57.94999694824219,-73.37481689453125,165.43235778808594
1711476102.1677053,-4.182343482971191,-70.89517211914062,149.60247802734375,5.264847278594971,-71.02751922607422,149.92999267578125,56.74000549316406,-74.54000854492188,163.9523468017578,-57.94999694824219,-73.37481689453125,165.43235778808594
1711476102.1777968,-4.182343482971191,-70.89517211914062,149.60247802734375,5.264847278594971,-71.02751922607422,149.92999267578125,56.74000549316406,-74.54000854492188,163.9523468017578,-57.94999694824219,-73.37481689453125,165.43235778808594
1711476102.1877007,-4.182343482971191,-70.89517211914062,149.60247802734375,5.264847278594971,-71.02751922607422,149.92999267578125,56.74000549316406,-74.54000854492188,163.9523468017578,-57.94999694824219,-73.37481689453125,165.43235778808594
1711476102.197706,-4.182343482971191,-70.89517211914062,149.60247802734375,5.264847278594971,-71.02751922607422,149.92999267578125,56.74000549316406,-74.54000854492188,163.9523468017578,-57.94999694824219,-73.37481689453125,165.43235778808594
1711476102.2079105,-4.182343482971191,-70.89517211914062,149.60247802734375,5.264847278594971,-71.02751922607422,149.92999267578125,56.74000549316406,-74.54000854492188,163.9523468017578,-57.94999694824219,-73.37481689453125,165.43235778808594
1711476102.2176988,-4.182343482971191,-70.89517211914062,149.60247802734375,5.264847278594971,-71.02751922607422,149.92999267578125,56.74000549316406,-74.54000854492188,163.9523468017578,-57.94999694824219,-73.37481689453125,165.43235778808594
1711476102.2277143,-4.182343482971191,-70.89517211914062,149.60247802734375,5.264847278594971,-71.02751922607422,149.92999267578125,56.74000549316406,-74.54000854492188,163.9523468017578,-57.94999694824219,-73.37481689453125,165.43235778808594
1711476102.2377112,-4.182343482971191,-70.89517211914062,149.60247802734375,5.264847278594971,-71.02751922607422,149.92999267578125,56.74000549316406,-74.54000854492188,163.9523468017578,-57.94999694824219,-73.37481689453125,165.43235778808594
1711476102.2476997,-4.182343482971191,-70.89517211914062,149.60247802734375,5.264847278594971,-71.02751922607422,149.92999267578125,56.74000549316406,-74.54000854492188,163.9523468017578,-57.94999694824219,-73.37481689453125,165.43235778808594
1711476102.2577107,-4.182343482971191,-70.89517211914062,149.60247802734375,5.264847278594971,-71.02751922607422,149.92999267578125,56.74000549316406,-74.54000854492188,163.9523468017578,-57.94999694824219,-73.37481689453125,165.43235778808594
1711476102.2677512,-4.182343482971191,-70.89517211914062,149.60247802734375,5.264847278594971,-71.02751922607422,149.92999267578125,56.74000549316406,-74.54000854492188,163.9523468017578,-57.94999694824219,-73.37481689453125,165.43235778808594
1711476102.2777085,-4.182343482971191,-70.89517211914062,149.60247802734375,5.264847278594971,-71.02751922607422,149.92999267578125,56.74000549316406,-74.54000854492188,163.9523468017578,-57.94999694824219,-73.37481689453125,165.43235778808594
1711476102.2877128,-4.182343482971191,-70.89517211914062,149.60247802734375,5.264847278594971,-71.02751922607422,149.92999267578125,56.74000549316406,-74.54000854492188,163.9523468017578,-57.94999694824219,-73.37481689453125,165.43235778808594
1711476102.2977211,-4.182343482971191,-70.89517211914062,149.60247802734375,5.264847278594971,-71.02751922607422,149.92999267578125,56.74000549316406,-74.54000854492188,163.9523468017578,-57.94999694824219,-73.37481689453125,165.43235778808594
1711476102.3077252,-4.182343482971191,-70.89517211914062,149.60247802734375,5.264847278594971,-71.02751922607422,149.92999267578125,56.74000549316406,-74.54000854492188,163.9523468017578,-57.94999694824219,-73.37481689453125,165.43235778808594
1711476102.3177054,-4.182343482971191,-70.89517211914062,149.60247802734375,5.264847278594971,-71.02751922607422,149.92999267578125,56.74000549316406,-74.54000854492188,163.9523468017578,-57.94999694824219,-73.37481689453125,165.43235778808594
1711476102.327707,-4.182343482971191,-70.89517211914062,149.60247802734375,5.264847278594971,-71.02751922607422,149.92999267578125,56.74000549316406,-74.54000854492188,163.9523468017578,-57.94999694824219,-73.37481689453125,165.43235778808594
1711476102.3377156,-4.182343482971191,-70.89517211914062,149.60247802734375,5.264847278594971,-71.02751922607422,149.92999267578125,56.74000549316406,-74.54000854492188,163.9523468017578,-57.94999694824219,-73.37481689453125,165.43235778808594
1711476102.3477223,-4.182343482971191,-70.89517211914062,149.60247802734375,5.264847278594971,-71.02751922607422,149.92999267578125,56.74000549316406,-74.54000854492188,163.9523468017578,-57.94999694824219,-73.37481689453125,165.43235778808594
1711476102.3577213,-4.182343482971191,-70.89517211914062,149.60247802734375,5.264847278594971,-71.02751922607422,149.92999267578125,56.74000549316406,-74.54000854492188,163.9523468017578,-57.94999694824219,-73.37481689453125,165.43235778808594
1711476102.3677104,-4.182343482971191,-70.89517211914062,149.60247802734375,5.264847278594971,-71.02751922607422,149.92999267578125,56.74000549316406,-74.54000854492188,163.9523468017578,-57.94999694824219,-73.37481689453125,165.43235778808594
1711476102.3777134,-4.182343482971191,-70.89517211914062,149.60247802734375,5.264847278594971,-71.02751922607422,149.92999267578125,56.74000549316406,-74.54000854492188,163.9523468017578,-57.94999694824219,-73.37481689453125,165.43235778808594
1711476102.3877113,-4.182343482971191,-70.89517211914062,149.60247802734375,5.264847278594971,-71.02751922607422,149.92999267578125,56.74000549316406,-74.54000854492188,163.9523468017578,-57.94999694824219,-73.37481689453125,165.43235778808594
1711476102.3977132,-4.182343482971191,-70.89517211914062,149.60247802734375,5.264847278594971,-71.02751922607422,149.92999267578125,56.74000549316406,-74.54000854492188,163.9523468017578,-57.94999694824219,-73.37481689453125,165.43235778808594
1711476102.4077113,-4.182343482971191,-70.89517211914062,149.60247802734375,5.264847278594971,-71.02751922607422,149.92999267578125,56.74000549316406,-74.54000854492188,163.9523468017578,-57.94999694824219,-73.37481689453125,165.43235778808594
1711476102.4177144,-4.182343482971191,-70.89517211914062,149.60247802734375,5.264847278594971,-71.02751922607422,149.92999267578125,56.74000549316406,-74.54000854492188,163.9523468017578,-57.94999694824219,-73.37481689453125,165.43235778808594
1711476102.4277105,-4.182343482971191,-70.89517211914062,149.60247802734375,5.264847278594971,-71.02751922607422,149.92999267578125,56.74000549316406,-74.54000854492188,163.9523468017578,-57.94999694824219,-73.37481689453125,165.43235778808594
1711476102.437717,-4.182343482971191,-70.89517211914062,149.60247802734375,5.264847278594971,-71.02751922607422,149.92999267578125,56.74000549316406,-74.54000854492188,163.9523468017578,-57.94999694824219,-73.37481689453125,165.43235778808594
1711476102.4477115,-4.182343482971191,-70.89517211914062,149.60247802734375,5.264847278594971,-71.02751922607422,149.92999267578125,56.74000549316406,-74.54000854492188,163.9523468017578,-57.94999694824219,-73.37481689453125,165.43235778808594
1711476102.457732,-4.182343482971191,-70.89517211914062,149.60247802734375,5.264847278594971,-71.02751922607422,149.92999267578125,56.74000549316406,-74.54000854492188,163.9523468017578,-57.94999694824219,-73.37481689453125,165.43235778808594
1711476102.4677255,-4.182343482971191,-70.89517211914062,149.60247802734375,5.264847278594971,-71.02751922607422,149.92999267578125,56.74000549316406,-74.54000854492188,163.9523468017578,-57.94999694824219,-73.37481689453125,165.43235778808594
1711476102.4777257,-4.182343482971191,-70.89517211914062,149.60247802734375,5.264847278594971,-71.02751922607422,149.92999267578125,56.74000549316406,-74.54000854492188,163.9523468017578,-57.94999694824219,-73.37481689453125,165.43235778808594
1711476102.4877257,-4.182343482971191,-70.89517211914062,149.60247802734375,5.264847278594971,-71.02751922607422,149.92999267578125,56.74000549316406,-74.54000854492188,163.9523468017578,-57.94999694824219,-73.37481689453125,165.43235778808594
1711476102.4977286,-4.182343482971191,-70.89517211914062,149.60247802734375,5.264847278594971,-71.02751922607422,149.92999267578125,56.74000549316406,-74.54000854492188,163.9523468017578,-57.94999694824219,-73.37481689453125,165.43235778808594
1711476102.507733,-4.182343482971191,-70.89517211914062,149.60247802734375,5.264847278594971,-71.02751922607422,149.92999267578125,56.74000549316406,-74.54000854492188,163.9523468017578,-57.94999694824219,-73.37481689453125,165.43235778808594
1711476102.517784,-4.182343482971191,-70.89517211914062,149.60247802734375,5.264847278594971,-71.02751922607422,149.92999267578125,56.74000549316406,-74.54000854492188,163.9523468017578,-57.94999694824219,-73.37481689453125,165.43235778808594
1711476102.5277822,-4.182343482971191,-70.89517211914062,149.60247802734375,5.264847278594971,-71.02751922607422,149.92999267578125,56.74000549316406,-74.54000854492188,163.9523468017578,-57.94999694824219,-73.37481689453125,165.43235778808594
1711476102.5377264,-4.182343482971191,-70.89517211914062,149.60247802734375,5.264847278594971,-71.02751922607422,149.92999267578125,56.74000549316406,-74.54000854492188,163.9523468017578,-57.94999694824219,-73.37481689453125,165.43235778808594
1711476102.5477226,-4.182343482971191,-70.89517211914062,149.60247802734375,5.264847278594971,-71.02751922607422,149.92999267578125,56.74000549316406,-74.54000854492188,163.9523468017578,-57.94999694824219,-73.37481689453125,165.43235778808594
1711476102.5577235,-4.182343482971191,-70.89517211914062,149.60247802734375,5.264847278594971,-71.02751922607422,149.92999267578125,56.74000549316406,-74.54000854492188,163.9523468017578,-57.94999694824219,-73.37481689453125,165.43235778808594
1711476102.567732,-4.182343482971191,-70.89517211914062,149.60247802734375,5.264847278594971,-71.02751922607422,149.92999267578125,56.74000549316406,-74.54000854492188,163.9523468017578,-57.94999694824219,-73.37481689453125,165.43235778808594
1711476102.5777204,-4.182343482971191,-70.89517211914062,149.60247802734375,5.264847278594971,-71.02751922607422,149.92999267578125,56.74000549316406,-74.54000854492188,163.9523468017578,-57.94999694824219,-73.37481689453125,165.43235778808594
1711476102.587731,-4.182343482971191,-70.89517211914062,149.60247802734375,5.264847278594971,-71.02751922607422,149.92999267578125,56.74000549316406,-74.54000854492188,163.9523468017578,-57.94999694824219,-73.37481689453125,165.43235778808594
1711476102.5977318,-4.182343482971191,-70.89517211914062,149.60247802734375,5.264847278594971,-71.02751922607422,149.92999267578125,56.74000549316406,-74.54000854492188,163.9523468017578,-57.94999694824219,-73.37481689453125,165.43235778808594
1711476102.607731,-4.182343482971191,-70.89517211914062,149.60247802734375,5.264847278594971,-71.02751922607422,149.92999267578125,56.74000549316406,-74.54000854492188,163.9523468017578,-57.94999694824219,-73.37481689453125,165.43235778808594
1711476102.6177504,-4.182343482971191,-70.89517211914062,149.60247802734375,5.264847278594971,-71.02751922607422,149.92999267578125,56.74000549316406,-74.54000854492188,163.9523468017578,-57.94999694824219,-73.37481689453125,165.43235778808594
1711476102.6277266,-4.182343482971191,-70.89517211914062,149.60247802734375,5.264847278594971,-71.02751922607422,149.92999267578125,56.74000549316406,-74.54000854492188,163.9523468017578,-57.94999694824219,-73.37481689453125,165.43235778808594
1711476102.6377256,-4.182343482971191,-70.89517211914062,149.60247802734375,5.264847278594971,-71.02751922607422,149.92999267578125,56.74000549316406,-74.54000854492188,163.9523468017578,-57.94999694824219,-73.37481689453125,165.43235778808594
1711476102.6477392,-4.182343482971191,-70.89517211914062,149.60247802734375,5.264847278594971,-71.02751922607422,149.92999267578125,56.74000549316406,-74.54000854492188,163.9523468017578,-57.94999694824219,-73.37481689453125,165.43235778808594
1711476102.6577406,-4.182343482971191,-70.89517211914062,149.60247802734375,5.264847278594971,-71.02751922607422,149.92999267578125,56.74000549316406,-74.54000854492188,163.9523468017578,-57.94999694824219,-73.37481689453125,165.43235778808594
1711476102.667726,-4.182343482971191,-70.89517211914062,149.60247802734375,5.264847278594971,-71.02751922607422,149.92999267578125,56.74000549316406,-74.54000854492188,163.9523468017578,-57.94999694824219,-73.37481689453125,165.43235778808594
1711476102.6777253,-4.182343482971191,-70.89517211914062,149.60247802734375,5.264847278594971,-71.02751922607422,149.92999267578125,56.74000549316406,-74.54000854492188,163.9523468017578,-57.94999694824219,-73.37481689453125,165.43235778808594
1711476102.6877377,-4.182343482971191,-70.89517211914062,149.60247802734375,5.264847278594971,-71.02751922607422,149.92999267578125,56.74000549316406,-74.54000854492188,163.9523468017578,-57.94999694824219,-73.37481689453125,165.43235778808594
1711476102.6977274,-4.182343482971191,-70.89517211914062,149.60247802734375,5.264847278594971,-71.02751922607422,149.92999267578125,56.74000549316406,-74.54000854492188,163.9523468017578,-57.94999694824219,-73.37481689453125,165.43235778808594
1711476102.7077255,-4.182343482971191,-70.89517211914062,149.60247802734375,5.264847278594971,-71.02751922607422,149.92999267578125,56.74000549316406,-74.54000854492188,163.9523468017578,-57.94999694824219,-73.37481689453125,165.43235778808594
1711476102.718304,-4.182343482971191,-70.89517211914062,149.60247802734375,5.264847278594971,-71.02751922607422,149.92999267578125,56.74000549316406,-74.54000854492188,163.9523468017578,-57.94999694824219,-73.37481689453125,165.43235778808594
1711476102.7277334,-4.182343482971191,-70.89517211914062,149.60247802734375,5.264847278594971,-71.02751922607422,149.92999267578125,56.74000549316406,-74.54000854492188,163.9523468017578,-57.94999694824219,-73.37481689453125,165.43235778808594
1711476102.7377338,-4.182343482971191,-70.89517211914062,149.60247802734375,5.264847278594971,-71.02751922607422,149.92999267578125,56.74000549316406,-74.54000854492188,163.9523468017578,-57.94999694824219,-73.37481689453125,165.43235778808594
1711476102.7477422,-4.182343482971191,-70.89517211914062,149.60247802734375,5.264847278594971,-71.02751922607422,149.92999267578125,56.74000549316406,-74.54000854492188,163.9523468017578,-57.94999694824219,-73.37481689453125,165.43235778808594
1711476102.7577353,-4.182343482971191,-70.89517211914062,149.60247802734375,5.264847278594971,-71.02751922607422,149.92999267578125,56.74000549316406,-74.54000854492188,163.9523468017578,-57.94999694824219,-73.37481689453125,165.43235778808594
1711476102.767742,-4.182343482971191,-70.89517211914062,149.60247802734375,5.264847278594971,-71.02751922607422,149.92999267578125,56.74000549316406,-74.54000854492188,163.9523468017578,-57.94999694824219,-73.37481689453125,165.43235778808594
1711476102.7777991,-4.182343482971191,-70.89517211914062,149.60247802734375,5.264847278594971,-71.02751922607422,149.92999267578125,56.74000549316406,-74.54000854492188,163.9523468017578,-57.94999694824219,-73.37481689453125,165.43235778808594
1711476102.7877367,-4.182343482971191,-70.89517211914062,149.60247802734375,5.264847278594971,-71.02751922607422,149.92999267578125,56.74000549316406,-74.54000854492188,163.9523468017578,-57.94999694824219,-73.37481689453125,165.43235778808594
1711476102.7977312,-4.182343482971191,-70.89517211914062,149.60247802734375,5.264847278594971,-71.02751922607422,149.92999267578125,56.74000549316406,-74.54000854492188,163.9523468017578,-57.94999694824219,-73.37481689453125,165.43235778808594
1711476102.8077326,-4.182343482971191,-70.89517211914062,149.60247802734375,5.264847278594971,-71.02751922607422,149.92999267578125,56.74000549316406,-74.54000854492188,163.9523468017578,-57.94999694824219,-73.37481689453125,165.43235778808594
1711476102.8177474,-4.182343482971191,-70.89517211914062,149.60247802734375,5.264847278594971,-71.02751922607422,149.92999267578125,56.74000549316406,-74.54000854492188,163.9523468017578,-57.94999694824219,-73.37481689453125,165.43235778808594
1711476102.82773,-4.182343482971191,-70.89517211914062,149.60247802734375,5.264847278594971,-71.02751922607422,149.92999267578125,56.74000549316406,-74.54000854492188,163.9523468017578,-57.94999694824219,-73.37481689453125,165.43235778808594
1711476102.8377333,-4.182343482971191,-70.89517211914062,149.60247802734375,5.264847278594971,-71.02751922607422,149.92999267578125,56.74000549316406,-74.54000854492188,163.9523468017578,-57.94999694824219,-73.37481689453125,165.43235778808594
1711476102.8477366,-4.182343482971191,-70.89517211914062,149.60247802734375,5.264847278594971,-71.02751922607422,149.92999267578125,56.74000549316406,-74.54000854492188,163.9523468017578,-57.94999694824219,-73.37481689453125,165.43235778808594
1711476102.8577423,-4.182343482971191,-70.89517211914062,149.60247802734375,5.264847278594971,-71.02751922607422,149.92999267578125,56.74000549316406,-74.54000854492188,163.9523468017578,-57.94999694824219,-73.37481689453125,165.43235778808594
1711476102.8677409,-4.182343482971191,-70.89517211914062,149.60247802734375,5.264847278594971,-71.02751922607422,149.92999267578125,56.74000549316406,-74.54000854492188,163.9523468017578,-57.94999694824219,-73.37481689453125,165.43235778808594
1711476102.877744,-4.182343482971191,-70.89517211914062,149.60247802734375,5.264847278594971,-71.02751922607422,149.92999267578125,56.74000549316406,-74.54000854492188,163.9523468017578,-57.94999694824219,-73.37481689453125,165.43235778808594
1711476102.8877573,-4.182343482971191,-70.89517211914062,149.60247802734375,5.264847278594971,-71.02751922607422,149.92999267578125,56.74000549316406,-74.54000854492188,163.9523468017578,-57.94999694824219,-73.37481689453125,165.43235778808594
1711476102.8977447,-4.182343482971191,-70.89517211914062,149.60247802734375,5.264847278594971,-71.02751922607422,149.92999267578125,56.74000549316406,-74.54000854492188,163.9523468017578,-57.94999694824219,-73.37481689453125,165.43235778808594
1711476102.9077415,-4.182343482971191,-70.89517211914062,149.60247802734375,5.264847278594971,-71.02751922607422,149.92999267578125,56.74000549316406,-74.54000854492188,163.9523468017578,-57.94999694824219,-73.37481689453125,165.43235778808594
1711476102.917742,-4.182343482971191,-70.89517211914062,149.60247802734375,5.264847278594971,-71.02751922607422,149.92999267578125,56.74000549316406,-74.54000854492188,163.9523468017578,-57.94999694824219,-73.37481689453125,165.43235778808594
1711476102.927748,-4.182343482971191,-70.89517211914062,149.60247802734375,5.264847278594971,-71.02751922607422,149.92999267578125,56.74000549316406,-74.54000854492188,163.9523468017578,-57.94999694824219,-73.37481689453125,165.43235778808594
1711476102.9377377,-4.182343482971191,-70.89517211914062,149.60247802734375,5.264847278594971,-71.02751922607422,149.92999267578125,56.74000549316406,-74.54000854492188,163.9523468017578,-57.94999694824219,-73.37481689453125,165.43235778808594
1711476102.9477487,-4.182343482971191,-70.89517211914062,149.60247802734375,5.264847278594971,-71.02751922607422,149.92999267578125,56.74000549316406,-74.54000854492188,163.9523468017578,-57.94999694824219,-73.37481689453125,165.43235778808594
1711476102.9577444,-4.182343482971191,-70.89517211914062,149.60247802734375,5.264847278594971,-71.02751922607422,149.92999267578125,56.74000549316406,-74.54000854492188,163.9523468017578,-57.94999694824219,-73.37481689453125,165.43235778808594
1711476102.9677489,-4.182343482971191,-70.89517211914062,149.60247802734375,5.264847278594971,-71.02751922607422,149.92999267578125,56.74000549316406,-74.54000854492188,163.9523468017578,-57.94999694824219,-73.37481689453125,165.43235778808594
1711476102.9777546,-4.182343482971191,-70.89517211914062,149.60247802734375,5.264847278594971,-71.02751922607422,149.92999267578125,56.74000549316406,-74.54298400878906,163.9523468017578,-57.94999694824219,-73.37481689453125,165.43235778808594
1711476102.9877512,-4.182343482971191,-70.89517211914062,149.60247802734375,5.264847278594971,-71.02751922607422,149.92999267578125,56.74000549316406,-74.55001831054688,163.9523468017578,-57.94999694824219,-73.37481689453125,165.43235778808594
1711476102.9977398,-4.182343482971191,-70.89517211914062,149.60247802734375,5.264847278594971,-71.02751922607422,149.92999267578125,56.74000549316406,-74.55001831054688,163.9523468017578,-57.94999694824219,-73.37481689453125,165.43235778808594
1711476103.0077412,-4.182343482971191,-70.89517211914062,149.60247802734375,5.264847278594971,-71.02751922607422,149.92999267578125,56.74000549316406,-74.55001831054688,163.9523468017578,-57.94999694824219,-73.37481689453125,165.43235778808594
1711476103.0177474,-4.182343482971191,-70.89517211914062,149.60247802734375,5.264847278594971,-71.02751922607422,149.92999267578125,56.74000549316406,-74.55001831054688,163.9523468017578,-57.94999694824219,-73.37481689453125,165.43235778808594
1711476103.0277472,-4.182343482971191,-70.89517211914062,149.60247802734375,5.264847278594971,-71.02751922607422,149.92999267578125,56.74000549316406,-74.55001831054688,163.9523468017578,-57.94999694824219,-73.37481689453125,165.43235778808594
1711476103.037752,-4.182343482971191,-70.89517211914062,149.60247802734375,5.264847278594971,-71.02751922607422,149.92999267578125,56.74000549316406,-74.55001831054688,163.9523468017578,-57.94999694824219,-73.37481689453125,165.43235778808594
1711476103.0477543,-4.182343482971191,-70.89517211914062,149.60247802734375,5.264847278594971,-71.02751922607422,149.92999267578125,56.74000549316406,-74.55001831054688,163.9523468017578,-57.94999694824219,-73.37481689453125,165.43235778808594
1711476103.0577514,-4.182343482971191,-70.89517211914062,149.60247802734375,5.264847278594971,-71.02751922607422,149.92999267578125,56.74000549316406,-74.55001831054688,163.9523468017578,-57.94999694824219,-73.37481689453125,165.43235778808594
1711476103.067749,-4.182343482971191,-70.89517211914062,149.60247802734375,5.264847278594971,-71.02751922607422,149.92999267578125,56.74000549316406,-74.55001831054688,163.9523468017578,-57.94999694824219,-73.37481689453125,165.43235778808594
1711476103.0777473,-4.182343482971191,-70.89517211914062,149.60247802734375,5.264847278594971,-71.02751922607422,149.92999267578125,56.74000549316406,-74.55001831054688,163.9523468017578,-57.94999694824219,-73.37481689453125,165.43235778808594
1711476103.0877497,-4.182343482971191,-70.89517211914062,149.60247802734375,5.264847278594971,-71.02751922607422,149.92999267578125,56.74000549316406,-74.55001831054688,163.9523468017578,-57.94999694824219,-73.37481689453125,165.43235778808594
1711476103.0977445,-4.182343482971191,-70.89517211914062,149.60247802734375,5.264847278594971,-71.02751922607422,149.92999267578125,56.74000549316406,-74.55001831054688,163.9523468017578,-57.94999694824219,-73.37481689453125,165.43235778808594
1711476103.1077583,-4.182343482971191,-70.89517211914062,149.60247802734375,5.264847278594971,-71.02751922607422,149.92999267578125,56.74000549316406,-74.55001831054688,163.9523468017578,-57.94999694824219,-73.37481689453125,165.43235778808594
1711476103.1177528,-4.182343482971191,-70.89517211914062,149.60247802734375,5.264847278594971,-71.02751922607422,149.92999267578125,56.74000549316406,-74.55001831054688,163.9523468017578,-57.94999694824219,-73.37481689453125,165.43235778808594
1711476103.12775,-4.182343482971191,-70.89517211914062,149.60247802734375,5.264847278594971,-71.02751922607422,149.92999267578125,56.74000549316406,-74.55001831054688,163.9523468017578,-57.94999694824219,-73.37481689453125,165.43235778808594
1711476103.137756,-4.182343482971191,-70.89517211914062,149.60247802734375,5.264847278594971,-71.02751922607422,149.92999267578125,56.74000549316406,-74.55001831054688,163.9523468017578,-57.94999694824219,-73.37481689453125,165.43235778808594
1711476103.1477582,-4.182343482971191,-70.89517211914062,149.60247802734375,5.264847278594971,-71.02751922607422,149.92999267578125,56.74000549316406,-74.55001831054688,163.9523468017578,-57.94999694824219,-73.37481689453125,165.43235778808594
1711476103.1577656,-4.182343482971191,-70.89517211914062,149.60247802734375,5.264847278594971,-71.02751922607422,149.92999267578125,56.74000549316406,-74.55001831054688,163.9523468017578,-57.94999694824219,-73.37481689453125,165.43235778808594
1711476103.1677544,-4.182343482971191,-70.89517211914062,149.60247802734375,5.264847278594971,-71.02751922607422,149.92999267578125,56.74000549316406,-74.55001831054688,163.9523468017578,-57.94999694824219,-73.37481689453125,165.43235778808594
1711476103.1777532,-4.182343482971191,-70.89517211914062,149.60247802734375,5.264847278594971,-71.02751922607422,149.92999267578125,56.74000549316406,-74.55001831054688,163.9523468017578,-57.94999694824219,-73.37481689453125,165.43235778808594
1711476103.187755,-4.182343482971191,-70.89517211914062,149.60247802734375,5.264847278594971,-71.02751922607422,149.92999267578125,56.74000549316406,-74.55001831054688,163.9523468017578,-57.94999694824219,-73.37481689453125,165.43235778808594
1711476103.1977596,-4.182343482971191,-70.89517211914062,149.60247802734375,5.264847278594971,-71.02751922607422,149.92999267578125,56.74000549316406,-74.55001831054688,163.9523468017578,-57.94999694824219,-73.37481689453125,165.43235778808594
1711476103.2077546,-4.182343482971191,-70.89517211914062,149.60247802734375,5.264847278594971,-71.02751922607422,149.92999267578125,56.74000549316406,-74.55001831054688,163.9523468017578,-57.94999694824219,-73.37481689453125,165.43235778808594
1711476103.217762,-4.182343482971191,-70.89517211914062,149.60247802734375,5.264847278594971,-71.02751922607422,149.92999267578125,56.74000549316406,-74.55001831054688,163.9523468017578,-57.94999694824219,-73.37481689453125,165.43235778808594
1711476103.227761,-4.182343482971191,-70.89517211914062,149.60247802734375,5.264847278594971,-71.02751922607422,149.92999267578125,56.74000549316406,-74.55001831054688,163.9523468017578,-57.94999694824219,-73.37481689453125,165.43235778808594
1711476103.237767,-4.182343482971191,-70.89517211914062,149.60247802734375,5.264847278594971,-71.02751922607422,149.92999267578125,56.74000549316406,-74.55001831054688,163.9523468017578,-57.94999694824219,-73.37481689453125,165.43235778808594
1711476103.2477748,-4.182343482971191,-70.89517211914062,149.60247802734375,5.264847278594971,-71.02751922607422,149.92999267578125,56.74000549316406,-74.55001831054688,163.9523468017578,-57.94999694824219,-73.37481689453125,165.43235778808594
1711476103.2577677,-4.182343482971191,-70.89517211914062,149.60247802734375,5.264847278594971,-71.02751922607422,149.92999267578125,56.74000549316406,-74.55001831054688,163.9523468017578,-57.94999694824219,-73.37481689453125,165.43235778808594
1711476103.267761,-4.182343482971191,-70.89517211914062,149.60247802734375,5.264847278594971,-71.02751922607422,149.92999267578125,56.74000549316406,-74.55001831054688,163.9523468017578,-57.94999694824219,-73.37481689453125,165.43235778808594
1711476103.2777631,-4.182343482971191,-70.89517211914062,149.60247802734375,5.264847278594971,-71.02751922607422,149.92999267578125,56.74000549316406,-74.55001831054688,163.9523468017578,-57.94999694824219,-73.37481689453125,165.43235778808594
1711476103.2877746,-4.182343482971191,-70.89517211914062,149.60247802734375,5.264847278594971,-71.02751922607422,149.92999267578125,56.74000549316406,-74.55001831054688,163.9523468017578,-57.94999694824219,-73.37481689453125,165.43235778808594
1711476103.297759,-4.182343482971191,-70.89517211914062,149.60247802734375,5.264847278594971,-71.02751922607422,149.92999267578125,56.74000549316406,-74.55001831054688,163.9523468017578,-57.94999694824219,-73.37481689453125,165.43235778808594
1711476103.3077793,-4.182343482971191,-70.89517211914062,149.60247802734375,5.264847278594971,-71.02751922607422,149.92999267578125,56.74000549316406,-74.55001831054688,163.9523468017578,-57.94999694824219,-73.37481689453125,165.43235778808594
1711476103.3177693,-4.182343482971191,-70.89517211914062,149.60247802734375,5.264847278594971,-71.02751922607422,149.92999267578125,56.74000549316406,-74.55001831054688,163.9523468017578,-57.94999694824219,-73.37481689453125,165.43235778808594
1711476103.3282807,-4.182343482971191,-70.89517211914062,149.60247802734375,5.264847278594971,-71.02751922607422,149.92999267578125,56.74000549316406,-74.55001831054688,163.9523468017578,-57.94999694824219,-73.37481689453125,165.43235778808594
1711476103.337757,-4.182343482971191,-70.89517211914062,149.60247802734375,5.264847278594971,-71.02751922607422,149.92999267578125,56.74000549316406,-74.55001831054688,163.9523468017578,-57.94999694824219,-73.37481689453125,165.43235778808594
1711476103.3477726,-4.182343482971191,-70.89517211914062,149.60247802734375,5.264847278594971,-71.02751922607422,149.92999267578125,56.74000549316406,-74.55001831054688,163.9523468017578,-57.94999694824219,-73.37481689453125,165.43235778808594
1711476103.357769,-4.182343482971191,-70.89517211914062,149.60247802734375,5.264847278594971,-71.02751922607422,149.92999267578125,56.74000549316406,-74.55001831054688,163.9523468017578,-57.94999694824219,-73.37481689453125,165.43235778808594
1711476103.3677628,-4.182343482971191,-70.89517211914062,149.60247802734375,5.264847278594971,-71.02751922607422,149.92999267578125,56.74000549316406,-74.55001831054688,163.9523468017578,-57.94999694824219,-73.37481689453125,165.43235778808594
1711476103.3777726,-4.182343482971191,-70.89517211914062,149.60247802734375,5.264847278594971,-71.02751922607422,149.92999267578125,56.74000549316406,-74.55001831054688,163.9523468017578,-57.94999694824219,-73.37481689453125,165.43235778808594
1711476103.3877695,-4.182343482971191,-70.89517211914062,149.60247802734375,5.264847278594971,-71.02751922607422,149.92999267578125,56.74000549316406,-74.55001831054688,163.9523468017578,-57.94999694824219,-73.37481689453125,165.43235778808594
1711476103.397767,-4.182343482971191,-70.89517211914062,149.60247802734375,5.264847278594971,-71.02751922607422,149.92999267578125,56.74000549316406,-74.55001831054688,163.9523468017578,-57.94999694824219,-73.37481689453125,165.43235778808594
1711476103.4077702,-4.182343482971191,-70.89517211914062,149.60247802734375,5.264847278594971,-71.02751922607422,149.92999267578125,56.74000549316406,-74.55001831054688,163.9523468017578,-57.94999694824219,-73.37481689453125,165.43235778808594
1711476103.417778,-4.182343482971191,-70.89517211914062,149.60247802734375,5.264847278594971,-71.02751922607422,149.92999267578125,56.74000549316406,-74.55001831054688,163.9523468017578,-57.94999694824219,-73.37481689453125,165.43235778808594
1711476103.4277706,-4.182343482971191,-70.89517211914062,149.60247802734375,5.264847278594971,-71.02751922607422,149.92999267578125,56.74000549316406,-74.55001831054688,163.9523468017578,-57.94999694824219,-73.37481689453125,165.43235778808594
1711476103.4377952,-4.182343482971191,-70.89517211914062,149.60247802734375,5.264847278594971,-71.02751922607422,149.92999267578125,56.74000549316406,-74.55001831054688,163.9523468017578,-57.94999694824219,-73.37481689453125,165.43235778808594
1711476103.447819,-4.182343482971191,-70.89517211914062,149.60247802734375,5.264847278594971,-71.02751922607422,149.92999267578125,56.74000549316406,-74.55001831054688,163.9523468017578,-57.94999694824219,-73.37481689453125,165.43235778808594
1711476103.457773,-4.182343482971191,-70.89517211914062,149.60247802734375,5.264847278594971,-71.02751922607422,149.92999267578125,56.74000549316406,-74.55001831054688,163.9523468017578,-57.94999694824219,-73.37481689453125,165.43235778808594
1711476103.4678195,-4.182343482971191,-70.89517211914062,149.60247802734375,5.264847278594971,-71.02751922607422,149.92999267578125,56.74000549316406,-74.55001831054688,163.9523468017578,-57.94999694824219,-73.37481689453125,165.43235778808594
1711476103.4777725,-4.182343482971191,-70.89517211914062,149.60247802734375,5.264847278594971,-71.02751922607422,149.92999267578125,56.74000549316406,-74.55001831054688,163.9523468017578,-57.94999694824219,-73.37481689453125,165.43235778808594
1711476103.487777,-4.182343482971191,-70.89517211914062,149.60247802734375,5.264847278594971,-71.02751922607422,149.92999267578125,56.74000549316406,-74.55001831054688,163.9523468017578,-57.94999694824219,-73.37481689453125,165.43235778808594
1711476103.4977882,-4.182343482971191,-70.89517211914062,149.60247802734375,5.264847278594971,-71.02751922607422,149.92999267578125,56.74000549316406,-74.55001831054688,163.9523468017578,-57.94999694824219,-73.37481689453125,165.43235778808594
1711476103.507774,-4.182343482971191,-70.89517211914062,149.60247802734375,5.264847278594971,-71.02751922607422,149.92999267578125,56.74000549316406,-74.55001831054688,163.9523468017578,-57.94999694824219,-73.37481689453125,165.43235778808594
1711476103.5177717,-4.182343482971191,-70.89517211914062,149.60247802734375,5.264847278594971,-71.02751922607422,149.92999267578125,56.74000549316406,-74.55001831054688,163.9523468017578,-57.94999694824219,-73.37481689453125,165.43235778808594
1711476103.527779,-4.182343482971191,-70.89517211914062,149.60247802734375,5.264847278594971,-71.02751922607422,149.92999267578125,56.74000549316406,-74.55001831054688,163.9523468017578,-57.94999694824219,-73.37481689453125,165.43235778808594
1711476103.5377698,-4.182343482971191,-70.89517211914062,149.60247802734375,5.264847278594971,-71.02751922607422,149.92999267578125,56.74000549316406,-74.55001831054688,163.9523468017578,-57.94999694824219,-73.37481689453125,165.43235778808594
1711476103.547783,-4.182343482971191,-70.89517211914062,149.60247802734375,5.264847278594971,-71.02751922607422,149.92999267578125,56.74000549316406,-74.55001831054688,163.9523468017578,-57.94999694824219,-73.37481689453125,165.43235778808594
1711476103.5577877,-4.182343482971191,-70.89517211914062,149.60247802734375,5.264847278594971,-71.02751922607422,149.92999267578125,56.74000549316406,-74.55001831054688,163.9523468017578,-57.94999694824219,-73.37481689453125,165.43235778808594
1711476103.5677733,-4.182343482971191,-70.89517211914062,149.60247802734375,5.264847278594971,-71.02751922607422,149.92999267578125,56.74000549316406,-74.55001831054688,163.9523468017578,-57.94999694824219,-73.37481689453125,165.43235778808594
1711476103.5777748,-4.182343482971191,-70.89517211914062,149.60247802734375,5.264847278594971,-71.02751922607422,149.92999267578125,56.74000549316406,-74.55001831054688,163.9523468017578,-57.94999694824219,-73.37481689453125,165.43235778808594
1711476103.5877752,-4.182343482971191,-70.89517211914062,149.60247802734375,5.264847278594971,-71.02751922607422,149.92999267578125,56.74000549316406,-74.55001831054688,163.9523468017578,-57.94999694824219,-73.37481689453125,165.43235778808594
1711476103.5977755,-4.182343482971191,-70.89517211914062,149.60247802734375,5.264847278594971,-71.02751922607422,149.92999267578125,56.74000549316406,-74.55001831054688,163.9523468017578,-57.94999694824219,-73.37481689453125,165.43235778808594
1711476103.607825,-4.182343482971191,-70.89517211914062,149.60247802734375,5.264847278594971,-71.02751922607422,149.92999267578125,56.74000549316406,-74.55001831054688,163.9523468017578,-57.94999694824219,-73.37481689453125,165.43235778808594
1711476103.6177778,-4.182343482971191,-70.89517211914062,149.60247802734375,5.264847278594971,-71.02751922607422,149.92999267578125,56.74000549316406,-74.55001831054688,163.9523468017578,-57.94999694824219,-73.37481689453125,165.43235778808594
1711476103.6277869,-4.182343482971191,-70.89517211914062,149.60247802734375,5.264847278594971,-71.02751922607422,149.92999267578125,56.74000549316406,-74.55001831054688,163.9523468017578,-57.94999694824219,-73.37481689453125,165.43235778808594
1711476103.6377969,-4.182343482971191,-70.89517211914062,149.60247802734375,5.264847278594971,-71.02751922607422,149.92999267578125,56.74000549316406,-74.55001831054688,163.9523468017578,-57.94999694824219,-73.37481689453125,165.43235778808594
1711476103.6478415,-4.182343482971191,-70.89517211914062,149.60247802734375,5.264847278594971,-71.02751922607422,149.92999267578125,56.74000549316406,-74.55001831054688,163.9523468017578,-57.94999694824219,-73.37481689453125,165.43235778808594
1711476103.6577828,-4.182343482971191,-70.89517211914062,149.60247802734375,5.264847278594971,-71.02751922607422,149.92999267578125,56.74000549316406,-74.55001831054688,163.9523468017578,-57.94999694824219,-73.37481689453125,165.43235778808594
1711476103.6677802,-4.182343482971191,-70.89517211914062,149.60247802734375,5.264847278594971,-71.02751922607422,149.92999267578125,56.74000549316406,-74.55001831054688,163.9523468017578,-57.94999694824219,-73.37481689453125,165.43235778808594
1711476103.6778421,-4.182343482971191,-70.89517211914062,149.60247802734375,5.264847278594971,-71.02751922607422,149.92999267578125,56.74000549316406,-74.55001831054688,163.9523468017578,-57.94999694824219,-73.37481689453125,165.43235778808594
1711476103.687789,-4.182343482971191,-70.89517211914062,149.60247802734375,5.264847278594971,-71.02751922607422,149.92999267578125,56.74000549316406,-74.55001831054688,163.9523468017578,-57.94999694824219,-73.37481689453125,165.43235778808594
1711476103.6977878,-4.182343482971191,-70.89517211914062,149.60247802734375,5.264847278594971,-71.02751922607422,149.92999267578125,56.74000549316406,-74.55001831054688,163.9523468017578,-57.94999694824219,-73.37481689453125,165.43235778808594
1711476103.7078555,-4.182343482971191,-70.89517211914062,149.60247802734375,5.264847278594971,-71.02751922607422,149.92999267578125,56.74000549316406,-74.55001831054688,163.9523468017578,-57.94999694824219,-73.37481689453125,165.43235778808594
1711476103.7178113,-4.182343482971191,-70.89517211914062,149.60247802734375,5.264847278594971,-71.02751922607422,149.92999267578125,56.74000549316406,-74.55001831054688,163.9523468017578,-57.94999694824219,-73.37481689453125,165.43235778808594
1711476103.7278,-4.182343482971191,-70.89517211914062,149.60247802734375,5.264847278594971,-71.02751922607422,149.92999267578125,56.74000549316406,-74.55001831054688,163.9523468017578,-57.94999694824219,-73.37481689453125,165.43235778808594
1711476103.7378001,-4.182343482971191,-70.89517211914062,149.60247802734375,5.264847278594971,-71.02751922607422,149.92999267578125,56.74000549316406,-74.55001831054688,163.9523468017578,-57.94999694824219,-73.37481689453125,165.43235778808594
1711476103.7477984,-4.182343482971191,-70.89517211914062,149.60247802734375,5.264847278594971,-71.02751922607422,149.92999267578125,56.74000549316406,-74.55001831054688,163.9523468017578,-57.94999694824219,-73.37481689453125,165.43235778808594
1711476103.7577875,-4.182343482971191,-70.89517211914062,149.60247802734375,5.264847278594971,-71.02751922607422,149.92999267578125,56.74000549316406,-74.55001831054688,163.9523468017578,-57.94999694824219,-73.37481689453125,165.43235778808594
1711476103.7678025,-4.182343482971191,-70.89517211914062,149.60247802734375,5.264847278594971,-71.02751922607422,149.92999267578125,56.74000549316406,-74.55001831054688,163.9523468017578,-57.94999694824219,-73.37481689453125,165.43235778808594
1711476103.777797,-4.182343482971191,-70.89517211914062,149.60247802734375,5.264847278594971,-71.02751922607422,149.92999267578125,56.74000549316406,-74.55001831054688,163.9523468017578,-57.94999694824219,-73.37481689453125,165.43235778808594
1711476103.7877932,-4.182343482971191,-70.89517211914062,149.60247802734375,5.264847278594971,-71.02751922607422,149.92999267578125,56.74000549316406,-74.55001831054688,163.9523468017578,-57.94999694824219,-73.37481689453125,165.43235778808594
1711476103.7977922,-4.182343482971191,-70.89517211914062,149.60247802734375,5.264847278594971,-71.02751922607422,149.92999267578125,56.74000549316406,-74.55001831054688,163.9523468017578,-57.94999694824219,-73.37481689453125,165.43235778808594
1711476103.8078365,-4.182343482971191,-70.89517211914062,149.60247802734375,5.264847278594971,-71.02751922607422,149.92999267578125,56.74000549316406,-74.55001831054688,163.9523468017578,-57.94999694824219,-73.37481689453125,165.43235778808594
1711476103.817802,-4.182343482971191,-70.89517211914062,149.60247802734375,5.264847278594971,-71.02751922607422,149.92999267578125,56.74000549316406,-74.55001831054688,163.9523468017578,-57.94999694824219,-73.37481689453125,165.43235778808594
1711476103.8278282,-4.182343482971191,-70.89517211914062,149.60247802734375,5.264847278594971,-71.02751922607422,149.92999267578125,56.74000549316406,-74.55001831054688,163.9523468017578,-57.94999694824219,-73.37481689453125,165.43235778808594
1711476103.8377905,-4.182343482971191,-70.89517211914062,149.60247802734375,5.264847278594971,-71.02751922607422,149.92999267578125,56.74000549316406,-74.55001831054688,163.9523468017578,-57.94999694824219,-73.37481689453125,165.43235778808594
1711476103.847789,-4.182343482971191,-70.89517211914062,149.60247802734375,5.264847278594971,-71.02751922607422,149.92999267578125,56.74000549316406,-74.55001831054688,163.9523468017578,-57.94999694824219,-73.37481689453125,165.43235778808594
1711476103.857839,-4.182343482971191,-70.89517211914062,149.60247802734375,5.264847278594971,-71.02751922607422,149.92999267578125,56.74000549316406,-74.55001831054688,163.9523468017578,-57.94999694824219,-73.37481689453125,165.43235778808594
1711476103.8678086,-4.182343482971191,-70.89517211914062,149.60247802734375,5.264847278594971,-71.02751922607422,149.92999267578125,56.74000549316406,-74.55001831054688,163.9523468017578,-57.94999694824219,-73.37481689453125,165.43235778808594
1711476103.8778484,-4.182343482971191,-70.89517211914062,149.60247802734375,5.264847278594971,-71.02751922607422,149.92999267578125,56.74000549316406,-74.55001831054688,163.9523468017578,-57.94999694824219,-73.37481689453125,165.43235778808594
1711476103.8877714,-4.182343482971191,-70.90454864501953,149.60247802734375,5.264847278594971,-71.02751922607422,149.92999267578125,56.74000549316406,-74.55001831054688,163.9523468017578,-57.94999694824219,-73.37481689453125,165.43235778808594
1711476103.8978517,-4.182343482971191,-70.90518188476562,149.60247802734375,5.264847278594971,-71.02751922607422,149.92999267578125,56.74000549316406,-74.55001831054688,163.9523468017578,-57.94999694824219,-73.37481689453125,165.43235778808594
1711476103.9078667,-4.182343482971191,-70.90518188476562,149.61170959472656,5.264847278594971,-71.02751922607422,149.92999267578125,56.74000549316406,-74.55001831054688,163.9523468017578,-57.94999694824219,-73.37481689453125,165.43235778808594
1711476103.9178233,-4.182343482971191,-70.90518188476562,149.61248779296875,5.264847278594971,-71.02751922607422,149.92999267578125,56.74000549316406,-74.56001281738281,163.9523468017578,-57.94999694824219,-73.37481689453125,165.43235778808594
1711476103.9278154,-4.182343482971191,-70.90518188476562,149.61248779296875,5.264847278594971,-71.02751922607422,149.92999267578125,56.74000549316406,-74.56001281738281,163.9523468017578,-57.94999694824219,-73.37481689453125,165.43235778808594
1711476103.9377959,-4.182343482971191,-70.90955352783203,149.61248779296875,5.264847278594971,-71.02751922607422,149.92999267578125,56.74000549316406,-74.56001281738281,163.9523468017578,-57.94999694824219,-73.37481689453125,165.43235778808594
1711476103.9478006,-4.182343482971191,-70.91517639160156,149.61248779296875,5.264847278594971,-71.02751922607422,149.92999267578125,56.74000549316406,-74.56001281738281,163.9523468017578,-57.94999694824219,-73.37481689453125,165.43235778808594
1711476103.9577923,-4.182343482971191,-70.91517639160156,149.61248779296875,5.264847278594971,-71.02751922607422,149.92999267578125,56.74000549316406,-74.56001281738281,163.9523468017578,-57.94999694824219,-73.37481689453125,165.43235778808594
1711476103.9678247,-4.182343482971191,-70.91517639160156,149.61248779296875,5.264847278594971,-71.01235961914062,149.92999267578125,56.74000549316406,-74.56001281738281,163.9523468017578,-57.94999694824219,-73.37481689453125,165.43235778808594
1711476103.9778578,-4.182343482971191,-70.91517639160156,149.61248779296875,5.261566638946533,-71.01235961914062,149.92999267578125,56.74000549316406,-74.56001281738281,163.9523468017578,-57.94999694824219,-73.37481689453125,165.43235778808594
1711476103.987802,-4.182343482971191,-70.91517639160156,149.61248779296875,5.254848003387451,-71.01235961914062,149.92999267578125,56.74000549316406,-74.56001281738281,163.9523468017578,-57.94999694824219,-73.37481689453125,165.43235778808594
1711476103.9978054,-4.182343482971191,-70.91517639160156,149.61248779296875,5.254848003387451,-71.00235748291016,149.92999267578125,56.74000549316406,-74.56001281738281,163.9523468017578,-57.94999694824219,-73.37481689453125,165.43235778808594
1711476104.0078108,-4.182343482971191,-70.91517639160156,149.61248779296875,5.254848003387451,-71.00235748291016,149.92999267578125,56.750003814697266,-74.56001281738281,163.9523468017578,-57.94999694824219,-73.37481689453125,165.43235778808594
1711476104.017808,-4.182343482971191,-70.91517639160156,149.61248779296875,5.254848003387451,-70.99236297607422,149.92999267578125,56.750003814697266,-74.56001281738281,163.9523468017578,-57.94999694824219,-73.37481689453125,165.43235778808594
1711476104.0278025,-4.182343482971191,-70.91517639160156,149.61248779296875,5.24625301361084,-70.98517608642578,149.92999267578125,56.750003814697266,-74.56001281738281,163.9523468017578,-57.94999694824219,-73.37481689453125,165.43235778808594
1711476104.0378094,-4.182343482971191,-70.91517639160156,149.61248779296875,5.242190361022949,-70.97470092773438,149.92999267578125,56.750003814697266,-74.56001281738281,163.9523468017578,-57.94999694824219,-73.37481689453125,165.43235778808594
1711476104.0478134,-4.182343482971191,-70.91517639160156,149.61248779296875,5.196254253387451,-70.90782928466797,149.92999267578125,56.750003814697266,-74.56001281738281,163.9523468017578,-57.94999694824219,-73.37481689453125,165.43235778808594
1711476104.0577993,-4.182343482971191,-70.91517639160156,149.61248779296875,5.091409683227539,-70.8700180053711,149.92999267578125,56.750003814697266,-74.56954956054688,163.9523468017578,-57.94999694824219,-73.37481689453125,165.43235778808594
1711476104.0678122,-4.177968502044678,-70.91517639160156,149.61248779296875,4.919066429138184,-70.87236022949219,149.92999267578125,56.750003814697266,-74.57251739501953,163.9523468017578,-57.94999694824219,-73.37481689453125,165.43235778808594
1711476104.077803,-4.158281326293945,-70.93313598632812,149.61248779296875,4.650628566741943,-70.87236022949219,149.92999267578125,56.750003814697266,-74.6009521484375,163.9523468017578,-57.94999694824219,-73.37481689453125,165.43235778808594
1711476104.0878055,-4.111405849456787,-70.94517517089844,149.61248779296875,4.315159320831299,-70.87236022949219,149.92999267578125,56.750003814697266,-74.61439514160156,163.9523468017578,-57.94999694824219,-73.36949920654297,165.43235778808594
1711476104.0978124,-4.063905715942383,-70.95516967773438,149.61248779296875,3.881409168243408,-70.86235809326172,149.92999267578125,56.759376525878906,-74.6551742553711,163.9523468017578,-57.94999694824219,-73.36481475830078,165.43235778808594
1711476104.1078837,-3.9539058208465576,-70.95516967773438,149.58294677734375,3.2790660858154297,-70.86235809326172,149.92999267578125,56.780006408691406,-74.69564056396484,163.9523468017578,-57.94999694824219,-73.36481475830078,165.43235778808594
1711476104.1178079,-3.703749656677246,-70.96517944335938,149.5848388671875,2.5751590728759766,-70.85236358642578,149.92999267578125,56.79000473022461,-74.7254867553711,163.9523468017578,-57.94999694824219,-73.36481475830078,165.43235778808594
1711476104.1278176,-3.3385932445526123,-70.99564361572266,149.5770263671875,1.8207859992980957,-70.85236358642578,149.92999267578125,56.79484558105469,-74.78063201904297,163.9523468017578,-57.94999694824219,-73.36481475830078,165.43235778808594
1711476104.137851,-2.9443747997283936,-71.01517486572266,149.5437469482422,1.0600042343139648,-70.85236358642578,149.92999267578125,56.81984329223633,-74.81017303466797,163.9523468017578,-57.94999694824219,-73.36481475830078,165.43235778808594
1711476104.1478565,-2.52187442779541,-71.01517486572266,149.52078247070312,0.24047136306762695,-70.85236358642578,149.92999267578125,56.81999969482422,-74.83407592773438,163.9523468017578,-57.94999694824219,-73.34809112548828,165.43235778808594
1711476104.1578696,-2.011561870574951,-71.01517486572266,149.49139404296875,-0.6093716621398926,-70.85236358642578,149.92999267578125,56.81999969482422,-74.84001159667969,163.9523468017578,-57.94999694824219,-73.34481811523438,165.43235778808594
1711476104.1678298,-1.3820308446884155,-70.95565032958984,149.4685821533203,-1.4092159271240234,-70.85236358642578,149.92999267578125,56.83015823364258,-74.85001373291016,163.9523468017578,-57.94999694824219,-73.33871459960938,165.43235778808594
1711476104.1778843,-0.5953121185302734,-70.89111328125,149.4442138671875,-2.180464267730713,-70.89751434326172,149.92999267578125,56.83828353881836,-74.85001373291016,163.9523468017578,-57.94999694824219,-73.33480834960938,165.43235778808594
1711476104.1878283,0.2315630167722702,-70.81173706054688,149.41921997070312,-3.027338981628418,-70.95923614501953,149.92999267578125,56.84000015258789,-74.75751495361328,163.9523468017578,-57.94999694824219,-73.33480834960938,165.43235778808594
1711476104.197773,1.1607816219329834,-70.72892761230469,149.41921997070312,-3.859527111053467,-71.02142333984375,149.92999267578125,56.84000015258789,-74.66313934326172,163.9523468017578,-57.94999694824219,-73.33480834960938,165.43235778808594
1711476104.2078626,2.212031602859497,-70.63908386230469,149.18577575683594,-4.648902416229248,-71.09220123291016,149.92999267578125,56.84000015258789,-74.62423706054688,163.9523468017578,-57.94999694824219,-73.35012817382812,165.43235778808594
1711476104.2178402,3.2704691886901855,-70.54423522949219,148.93983459472656,-5.496714115142822,-71.16127014160156,149.92999267578125,56.84000015258789,-74.55626678466797,163.9523468017578,-57.94999694824219,-73.38121795654297,165.43235778808594
1711476104.2279022,4.346719264984131,-70.41548919677734,148.73373413085938,-6.435308456420898,-71.21798706054688,149.92999267578125,56.8292236328125,-74.447509765625,163.9523468017578,-57.94999694824219,-73.41355895996094,165.43235778808594
1711476104.2378225,5.561563014984131,-70.28845977783203,148.57342529296875,-7.306246280670166,-71.24970245361328,149.92999267578125,56.80375289916992,-74.28329467773438,163.9523468017578,-57.94999694824219,-73.5152816772461,165.43235778808594
1711476104.247912,6.775156497955322,-70.15298461914062,148.53468322753906,-8.213276863098145,-71.24752044677734,149.92999267578125,56.804847717285156,-74.08782196044922,163.9523468017578,-57.94999694824219,-73.66637420654297,165.43235778808594
1711476104.2578773,8.046563148498535,-69.8750228881836,148.55499267578125,-9.28905963897705,-71.24752044677734,149.92999267578125,56.804847717285156,-73.83016967773438,163.9523468017578,-57.94999694824219,-73.78636932373047,165.43235778808594
1711476104.2678213,9.363282203674316,-69.70924377441406,148.63201904296875,-10.362496376037598,-71.24752044677734,149.92999267578125,56.804847717285156,-73.61329650878906,163.9523468017578,-57.94999694824219,-73.86637115478516,165.43235778808594
1711476104.2778902,10.751249313354492,-69.51643371582031,148.6425018310547,-11.5042142868042,-71.1986083984375,149.92999267578125,56.804847717285156,-73.42266845703125,163.9523468017578,-57.94999694824219,-73.90699768066406,165.43235778808594
1711476104.287736,12.14156436920166,-69.2293930053711,148.5738983154297,-12.850778579711914,-71.09986114501953,149.92999267578125,56.804847717285156,-73.20782470703125,163.9523468017578,-57.94999694824219,-73.94668579101562,165.43235778808594
1711476104.2978404,13.569062232971191,-69.08721160888672,148.57484436035156,-14.26312255859375,-70.99189758300781,149.92999267578125,56.804847717285156,-73.08313751220703,163.9523468017578,-57.94999694824219,-73.97028350830078,165.43235778808594
1711476104.3079054,15.087186813354492,-68.74330139160156,148.57484436035156,-15.742494583129883,-70.82345581054688,149.91436767578125,56.804847717285156,-72.94783020019531,163.94720458984375,-57.94999694824219,-73.98153686523438,165.43235778808594
1711476104.3178432,16.650468826293945,-68.53939819335938,148.57484436035156,-17.299997329711914,-70.59626770019531,149.89389038085938,56.762813568115234,-72.86422729492188,163.92173767089844,-57.94999694824219,-73.98246765136719,165.43235778808594
1711476104.327911,18.232969284057617,-68.17017364501953,148.57484436035156,-18.97124481201172,-70.30923461914062,149.89483642578125,56.76484680175781,-72.82454681396484,163.92234802246094,-57.94999694824219,-73.98246765136719,165.43235778808594
1711476104.3379,19.900470733642578,-67.83407592773438,148.57484436035156,-20.65656089782715,-69.98657989501953,149.89483642578125,56.76484680175781,-72.8123550415039,163.92234802246094,-57.94999694824219,-73.98246765136719,165.43235778808594
1711476104.3478496,21.552656173706055,-67.5328369140625,148.57484436035156,-22.289682388305664,-69.59751892089844,149.89483642578125,56.76484680175781,-72.8123550415039,163.92234802246094,-57.94999694824219,-73.98246765136719,165.43235778808594
1711476104.3578634,23.221094131469727,-67.09329986572266,148.57484436035156,-24.00749397277832,-69.13939666748047,149.89483642578125,56.76484680175781,-72.8123550415039,163.92234802246094,-57.94999694824219,-73.99481201171875,165.43235778808594
1711476104.3678365,24.81468963623047,-66.62861633300781,148.56483459472656,-25.687496185302734,-68.67658233642578,149.89483642578125,56.76484680175781,-72.8123550415039,163.92234802246094,-57.94999694824219,-74.00247192382812,165.43235778808594
1711476104.3778474,26.391250610351562,-66.1493911743164,148.56483459472656,-27.35405731201172,-68.12095642089844,149.89483642578125,56.76484680175781,-72.8123550415039,163.92234802246094,-57.94999694824219,-74.00247192382812,165.43235778808594
1711476104.3877487,28.092031478881836,-65.52908325195312,148.56483459472656,-28.726247787475586,-67.60986328125,149.89483642578125,56.77656555175781,-72.8123550415039,163.92234802246094,-57.94062042236328,-73.93340301513672,165.43235778808594
1711476104.397861,29.88218879699707,-64.85626983642578,148.56483459472656,-28.88812255859375,-67.23861694335938,149.89483642578125,56.820316314697266,-72.81484985351562,163.92234802246094,-57.91390609741211,-73.83402252197266,165.43235778808594
1711476104.4079156,31.509531021118164,-64.32064819335938,148.6307830810547,-27.93218231201172,-67.31720733642578,149.9099884033203,56.769065856933594,-72.74938201904297,163.92234802246094,-57.94749450683594,-73.78465270996094,165.43235778808594
1711476104.4178252,32.040313720703125,-64.29360961914062,148.6812286376953,-27.007652282714844,-67.12517547607422,149.8445281982422,56.73469161987305,-72.73236083984375,163.91407775878906,-58.06515121459961,-73.80044555664062,165.43235778808594
1711476104.4278545,31.15593719482422,-63.89299011230469,148.5692138671875,-26.449684143066406,-66.99502563476562,149.8248291015625,56.71484375,-72.81719970703125,163.912353515625,-58.08999252319336,-73.76715850830078,165.43235778808594
1711476104.437845,30.10093879699707,-63.55173873901367,148.43312072753906,-26.087963104248047,-66.89220428466797,149.8404541015625,56.75078201293945,-72.89016723632812,163.912353515625,-57.91515350341797,-73.57215881347656,165.43235778808594
1711476104.448092,29.681251525878906,-63.08955383300781,148.32937622070312,-25.933279037475586,-66.80001831054688,149.8599853515625,56.77000045776367,-72.81375885009766,163.912353515625,-57.88484191894531,-73.38325500488281,165.42796325683594
1711476104.4577444,29.55890655517578,-62.64830017089844,148.1538848876953,-25.899370193481445,-66.75173950195312,149.8599853515625,56.77000045776367,-72.73391723632812,163.912353515625,-57.92421340942383,-73.26497650146484,165.412353515625
1711476104.4679165,29.30406379699707,-62.05549621582031,148.04452514648438,-26.25296401977539,-66.65345764160156,149.8599853515625,56.801876068115234,-72.72235870361328,163.9004669189453,-57.94437026977539,-73.25481414794922,165.412353515625
1711476104.4778636,29.150156021118164,-61.53486633300781,148.03485107421875,-26.555931091308594,-66.59799194335938,149.8599853515625,56.79109573364258,-72.81282806396484,163.90235900878906,-57.95999526977539,-73.24434661865234,165.412353515625
1711476104.4879003,29.48375129699707,-60.95907974243164,148.12452697753906,-26.829059600830078,-66.41127014160156,149.8599853515625,56.78484344482422,-72.84219360351562,163.90235900878906,-57.94687271118164,-73.25981140136719,165.412353515625
1711476104.497883,29.957969665527344,-60.31736373901367,148.1425018310547,-27.231714248657227,-66.24471282958984,149.8599853515625,56.78484344482422,-72.76251220703125,163.90235900878906,-57.94484329223633,-73.3004379272461,165.412353515625
1711476104.5078611,30.20234489440918,-59.57173538208008,148.1042022705078,-27.5926513671875,-66.05032348632812,149.8599853515625,56.78484344482422,-72.75234985351562,163.90235900878906,-57.94484329223633,-73.31871795654297,165.412353515625
1711476104.5178523,30.533124923706055,-58.84439468383789,148.09483337402344,-27.632652282714844,-65.83314514160156,149.8599853515625,56.813907623291016,-72.75234985351562,163.90235900878906,-57.94484329223633,-73.34246826171875,165.412353515625
1711476104.5278563,30.977970123291016,-58.09799575805664,148.09483337402344,-27.426088333129883,-65.51814270019531,149.8599853515625,56.80672073364258,-72.75234985351562,163.90235900878906,-57.94484329223633,-73.39574432373047,165.412353515625
1711476104.5378644,30.99625015258789,-57.23736572265625,148.09483337402344,-27.26858901977539,-65.22517395019531,149.8599853515625,56.754844665527344,-72.75234985351562,163.90235900878906,-57.94484329223633,-73.43246459960938,165.412353515625
1711476104.5478704,30.65203094482422,-56.36220932006836,148.09483337402344,-27.178123474121094,-64.91220092773438,149.8599853515625,56.754844665527344,-72.76423645019531,163.90235900878906,-57.94484329223633,-73.43246459960938,165.412353515625
1711476104.55785,30.55687713623047,-55.54267883300781,148.09483337402344,-27.159997940063477,-64.63204956054688,149.8599853515625,56.754844665527344,-72.77001190185547,163.90235900878906,-57.94484329223633,-73.30699920654297,165.412353515625
1711476104.5678942,30.64797019958496,-54.654083251953125,148.09483337402344,-27.159997940063477,-64.40345764160156,149.8599853515625,56.754844665527344,-72.77001190185547,163.90235900878906,-57.94484329223633,-73.1930923461914,165.412353515625
1711476104.5778544,30.540937423706055,-53.771114349365234,148.09483337402344,-27.19702911376953,-64.16658020019531,149.8599853515625,56.7734375,-72.77001190185547,163.90235900878906,-57.94484329223633,-73.184814453125,165.412353515625
1711476104.590446,30.648752212524414,-53.771114349365234,148.09483337402344,-27.195152282714844,-64.02173614501953,149.8599853515625,56.780006408691406,-72.77001190185547,163.90235900878906,-57.94484329223633,-73.25496673583984,165.412353515625
1711476104.5978549,30.83094024658203,-52.05329895019531,148.09483337402344,-27.25562286376953,-63.80189514160156,149.8599853515625,56.780006408691406,-72.77001190185547,163.90235900878906,-57.94484329223633,-73.282470703125,165.412353515625
1711476104.607927,30.820783615112305,-51.13767623901367,148.09483337402344,-27.255149841308594,-63.67533493041992,149.8599853515625,56.780006408691406,-72.77001190185547,163.90235900878906,-57.94484329223633,-73.25621795654297,165.412353515625
1711476104.6178794,30.681406021118164,-50.27767562866211,148.09483337402344,-27.255149841308594,-63.46017074584961,149.8599853515625,56.780006408691406,-72.77001190185547,163.90235900878906,-57.94484329223633,-73.22402954101562,165.412353515625
1711476104.6278386,30.650001525878906,-49.337520599365234,148.09483337402344,-27.255149841308594,-63.23673629760742,149.8599853515625,56.780006408691406,-72.75234985351562,163.90235900878906,-57.94484329223633,-73.22481536865234,165.412353515625
1711476104.6378558,30.650001525878906,-48.42611312866211,148.09483337402344,-27.255149841308594,-63.03173828125,149.8599853515625,56.780006408691406,-72.75234985351562,163.90235900878906,-57.94484329223633,-73.25106811523438,165.412353515625
1711476104.6478474,30.666093826293945,-47.50595474243164,148.09483337402344,-27.255149841308594,-62.79907989501953,149.8599853515625,56.780006408691406,-72.75234985351562,163.90235900878906,-57.94484329223633,-73.25247192382812,165.412353515625
1711476104.6578426,30.68765640258789,-46.611270904541016,148.09483337402344,-27.255149841308594,-62.61111068725586,149.8599853515625,56.780006408691406,-72.75234985351562,163.90235900878906,-57.94484329223633,-73.25247192382812,165.412353515625
1711476104.6678207,30.68765640258789,-45.74127197265625,148.09483337402344,-27.255149841308594,-62.42955017089844,149.8599853515625,56.78968811035156,-72.75234985351562,163.90235900878906,-57.94484329223633,-73.23355865478516,165.412353515625
1711476104.6778426,30.68765640258789,-44.935020446777344,148.09483337402344,-27.24155616760254,-62.30204772949219,149.8599853515625,56.79000473022461,-72.75234985351562,163.90235900878906,-57.94484329223633,-73.23480987548828,165.412353515625
1711476104.6878574,30.68765640258789,-44.147987365722656,148.09483337402344,-27.23999786376953,-62.16079330444336,149.8599853515625,56.79000473022461,-72.75234985351562,163.90235900878906,-57.94484329223633,-73.23480987548828,165.412353515625
1711476104.6977558,30.68765640258789,-43.41642761230469,148.09483337402344,-27.261869430541992,-62.12798309326172,149.8599853515625,56.79000473022461,-72.75234985351562,163.90235900878906,-57.94484329223633,-73.23480987548828,165.412353515625
1711476104.7084556,30.68765640258789,-42.712364196777344,148.09483337402344,-27.26515007019043,-62.11235809326172,149.8599853515625,56.79000473022461,-72.75234985351562,163.90235900878906,-57.94484329223633,-73.23480987548828,165.412353515625
1711476104.717912,30.68765640258789,-42.072052001953125,148.09483337402344,-27.24921417236328,-62.13470458984375,149.8599853515625,56.79000473022461,-72.75234985351562,163.90235900878906,-57.94484329223633,-73.23480987548828,165.412353515625
1711476104.7278419,30.68765640258789,-41.489864349365234,148.09483337402344,-27.249996185302734,-62.18392562866211,149.8599853515625,56.79000473022461,-72.75234985351562,163.90235900878906,-57.94484329223633,-73.23480987548828,165.412353515625
1711476104.7379005,30.672035217285156,-40.95689392089844,148.09483337402344,-27.249996185302734,-62.19751739501953,149.8599853515625,56.79000473022461,-72.75234985351562,163.90235900878906,-57.94484329223633,-73.23480987548828,165.412353515625
1711476104.7478495,30.670000076293945,-40.46892547607422,148.09483337402344,-27.249996185302734,-62.19751739501953,149.8599853515625,56.79000473022461,-72.75234985351562,163.90235900878906,-57.94484329223633,-73.23480987548828,165.412353515625
1711476104.7578464,30.664377212524414,-40.04095458984375,148.09483337402344,-27.249996185302734,-62.19751739501953,149.8599853515625,56.79000473022461,-72.75234985351562,163.90235900878906,-57.94484329223633,-73.23480987548828,165.412353515625
1711476104.7679076,30.65999984741211,-39.69642639160156,148.09483337402344,-27.249996185302734,-62.18235778808594,149.8599853515625,56.79000473022461,-72.75234985351562,163.90235900878906,-57.94484329223633,-73.23480987548828,165.412353515625
1711476104.7778606,30.65999984741211,-39.51158142089844,148.09483337402344,-27.249996185302734,-62.18235778808594,149.8599853515625,56.79000473022461,-72.75234985351562,163.90235900878906,-57.94484329223633,-73.23480987548828,165.412353515625
1711476104.787859,30.65999984741211,-39.39080047607422,148.09483337402344,-27.249996185302734,-62.18235778808594,149.8599853515625,56.79000473022461,-72.75234985351562,163.90235900878906,-57.94484329223633,-73.23480987548828,165.412353515625
1711476104.7979004,30.65999984741211,-39.38751983642578,148.09483337402344,-27.249996185302734,-62.18235778808594,149.8599853515625,56.79000473022461,-72.75234985351562,163.90235900878906,-57.94484329223633,-73.23480987548828,165.412353515625
1711476104.807878,30.65999984741211,-39.41096115112305,148.09483337402344,-27.249996185302734,-62.18235778808594,149.8599853515625,56.79000473022461,-72.75234985351562,163.90235900878906,-57.94484329223633,-73.23480987548828,165.412353515625
1711476104.8178542,30.65999984741211,-39.51892852783203,148.09483337402344,-27.249996185302734,-62.18235778808594,149.8599853515625,56.79000473022461,-72.75234985351562,163.90235900878906,-57.94484329223633,-73.23480987548828,165.412353515625
1711476104.827866,30.65999984741211,-39.64955139160156,148.09483337402344,-27.249996185302734,-62.18235778808594,149.8599853515625,56.79000473022461,-72.75234985351562,163.90235900878906,-57.94484329223633,-73.23480987548828,165.412353515625
1711476104.8378656,30.65999984741211,-39.79267883300781,148.09483337402344,-27.249996185302734,-62.18235778808594,149.8599853515625,56.79000473022461,-72.75234985351562,163.90235900878906,-57.94484329223633,-73.23480987548828,165.412353515625
1711476104.8478587,30.65999984741211,-39.905487060546875,148.09483337402344,-27.249996185302734,-62.18235778808594,149.8599853515625,56.79000473022461,-72.75234985351562,163.90235900878906,-57.94484329223633,-73.23480987548828,165.412353515625
1711476104.8578577,30.650001525878906,-39.97392654418945,148.09483337402344,-27.249996185302734,-62.18235778808594,149.8599853515625,56.79000473022461,-72.75234985351562,163.90235900878906,-57.94484329223633,-73.23480987548828,165.412353515625
1711476104.8678603,30.650001525878906,-39.97517395019531,148.09483337402344,-27.249996185302734,-62.18235778808594,149.8599853515625,56.79000473022461,-72.75234985351562,163.90235900878906,-57.94484329223633,-73.23480987548828,165.412353515625
1711476104.8778734,30.650001525878906,-39.97517395019531,148.09483337402344,-27.249996185302734,-62.18235778808594,149.8599853515625,56.79000473022461,-72.75234985351562,163.90235900878906,-57.94484329223633,-73.23480987548828,165.412353515625
1711476104.8878727,30.650001525878906,-39.92704772949219,148.09483337402344,-27.249996185302734,-62.18235778808594,149.8599853515625,56.79000473022461,-72.75234985351562,163.90235900878906,-57.94484329223633,-73.23480987548828,165.412353515625
1711476104.8979254,30.650001525878906,-39.88174057006836,148.09483337402344,-27.249996185302734,-62.18235778808594,149.8599853515625,56.79000473022461,-72.75234985351562,163.90235900878906,-57.94484329223633,-73.23480987548828,165.412353515625
1711476104.9078557,30.650001525878906,-39.834861755371094,148.09483337402344,-27.249996185302734,-62.18235778808594,149.8599853515625,56.79000473022461,-72.75234985351562,163.90235900878906,-57.94484329223633,-73.23480987548828,165.412353515625
1711476104.9178677,30.650001525878906,-39.81752014160156,148.09483337402344,-27.249996185302734,-62.18235778808594,149.8599853515625,56.79000473022461,-72.75234985351562,163.90235900878906,-57.94484329223633,-73.23480987548828,165.412353515625
1711476104.927926,30.650001525878906,-39.81752014160156,148.09483337402344,-27.249996185302734,-62.18235778808594,149.8599853515625,56.79000473022461,-72.75234985351562,163.90235900878906,-57.94484329223633,-73.23480987548828,165.412353515625
1711476104.9378626,30.650001525878906,-39.81752014160156,148.09483337402344,-27.249996185302734,-62.18235778808594,149.8599853515625,56.79000473022461,-72.75234985351562,163.90235900878906,-57.94484329223633,-73.23480987548828,165.412353515625
1711476104.9479055,30.650001525878906,-39.81752014160156,148.09483337402344,-27.249996185302734,-62.18235778808594,149.8599853515625,56.79000473022461,-72.75234985351562,163.90235900878906,-57.94484329223633,-73.23480987548828,165.412353515625
1711476104.957875,30.650001525878906,-39.81752014160156,148.09483337402344,-27.249996185302734,-62.18235778808594,149.8599853515625,56.79000473022461,-72.75234985351562,163.90235900878906,-57.94484329223633,-73.23480987548828,165.412353515625
1711476104.9679024,30.650001525878906,-39.81752014160156,148.09483337402344,-27.249996185302734,-62.18235778808594,149.8599853515625,56.79000473022461,-72.75234985351562,163.90235900878906,-57.94484329223633,-73.23480987548828,165.412353515625
1711476104.9778624,30.650001525878906,-39.81752014160156,148.09483337402344,-27.249996185302734,-62.18235778808594,149.8599853515625,56.79000473022461,-72.75234985351562,163.90235900878906,-57.94484329223633,-73.23480987548828,165.412353515625
1711476104.9878664,30.650001525878906,-39.81752014160156,148.09483337402344,-27.249996185302734,-62.18235778808594,149.8599853515625,56.79000473022461,-72.75234985351562,163.90235900878906,-57.94484329223633,-73.23480987548828,165.412353515625
1711476104.9978812,30.650001525878906,-39.81752014160156,148.09483337402344,-27.249996185302734,-62.18235778808594,149.8599853515625,56.79000473022461,-72.75234985351562,163.90235900878906,-57.94484329223633,-73.23480987548828,165.412353515625
1711476105.0078752,30.650001525878906,-39.81752014160156,148.09483337402344,-27.249996185302734,-62.18235778808594,149.8599853515625,56.79000473022461,-72.75234985351562,163.90235900878906,-57.94484329223633,-73.23480987548828,165.412353515625
1711476105.0179074,30.650001525878906,-39.81752014160156,148.09483337402344,-27.249996185302734,-62.18235778808594,149.8599853515625,56.79000473022461,-72.75234985351562,163.90235900878906,-57.94484329223633,-73.23480987548828,165.412353515625
1711476105.0278828,30.650001525878906,-39.81752014160156,148.09483337402344,-27.249996185302734,-62.18235778808594,149.8599853515625,56.79000473022461,-72.75234985351562,163.90235900878906,-57.94484329223633,-73.23480987548828,165.412353515625
1711476105.0379155,30.650001525878906,-39.81752014160156,148.09483337402344,-27.249996185302734,-62.18235778808594,149.8599853515625,56.79000473022461,-72.75234985351562,163.90235900878906,-57.94484329223633,-73.23480987548828,165.412353515625
1711476105.0479133,30.650001525878906,-39.81752014160156,148.09483337402344,-27.249996185302734,-62.18235778808594,149.8599853515625,56.79000473022461,-72.75234985351562,163.90235900878906,-57.94484329223633,-73.23480987548828,165.412353515625
1711476105.0578735,30.650001525878906,-39.81752014160156,148.09483337402344,-27.238433837890625,-62.18235778808594,149.8599853515625,56.79000473022461,-72.75234985351562,163.90235900878906,-57.94484329223633,-73.23480987548828,165.412353515625
1711476105.0678778,30.650001525878906,-39.81752014160156,148.09483337402344,-27.23999786376953,-62.18235778808594,149.8599853515625,56.79000473022461,-72.75234985351562,163.90235900878906,-57.94484329223633,-73.23480987548828,165.412353515625
1711476105.077865,30.650001525878906,-39.81752014160156,148.09483337402344,-27.23999786376953,-62.18235778808594,149.8599853515625,56.79000473022461,-72.75234985351562,163.90235900878906,-57.94484329223633,-73.23480987548828,165.412353515625
1711476105.0878663,30.650001525878906,-39.81752014160156,148.09483337402344,-27.23999786376953,-62.18235778808594,149.8599853515625,56.79000473022461,-72.75234985351562,163.90235900878906,-57.94484329223633,-73.23480987548828,165.412353515625
1711476105.0982249,30.650001525878906,-39.81752014160156,148.09483337402344,-27.23999786376953,-62.18235778808594,149.8599853515625,56.79000473022461,-72.75234985351562,163.90235900878906,-57.94484329223633,-73.23480987548828,165.412353515625
1711476105.107889,30.650001525878906,-39.81752014160156,148.09483337402344,-27.23999786376953,-62.18235778808594,149.8599853515625,56.79000473022461,-72.75234985351562,163.90235900878906,-57.94484329223633,-73.23480987548828,165.412353515625
1711476105.1179125,30.650001525878906,-39.81752014160156,148.09483337402344,-27.23999786376953,-62.18235778808594,149.8599853515625,56.79000473022461,-72.75234985351562,163.90235900878906,-57.94484329223633,-73.23480987548828,165.412353515625
1711476105.127874,30.650001525878906,-39.81752014160156,148.09483337402344,-27.23999786376953,-62.18235778808594,149.8599853515625,56.79000473022461,-72.75234985351562,163.90235900878906,-57.94484329223633,-73.23480987548828,165.412353515625
1711476105.13788,30.64000129699707,-39.81752014160156,148.09483337402344,-27.23999786376953,-62.18235778808594,149.8599853515625,56.79000473022461,-72.75234985351562,163.90235900878906,-57.94484329223633,-73.23480987548828,165.412353515625
1711476105.1478763,30.64000129699707,-39.81752014160156,148.09483337402344,-27.23999786376953,-62.18235778808594,149.8599853515625,56.79000473022461,-72.75234985351562,163.90235900878906,-57.94484329223633,-73.23480987548828,165.412353515625
1711476105.1578739,30.64000129699707,-39.81752014160156,148.09483337402344,-27.23999786376953,-62.18235778808594,149.8599853515625,56.79000473022461,-72.75234985351562,163.90235900878906,-57.94484329223633,-73.23480987548828,165.412353515625
1711476105.1678843,30.64000129699707,-39.81752014160156,148.09483337402344,-27.23999786376953,-62.18235778808594,149.8599853515625,56.79000473022461,-72.75234985351562,163.90235900878906,-57.94484329223633,-73.23480987548828,165.412353515625
1711476105.1778753,30.64000129699707,-39.81752014160156,148.09483337402344,-27.23999786376953,-62.18235778808594,149.8599853515625,56.79000473022461,-72.75234985351562,163.90235900878906,-57.94484329223633,-73.23480987548828,165.412353515625
1711476105.1878824,30.64000129699707,-39.81752014160156,148.09483337402344,-27.23999786376953,-62.18235778808594,149.8599853515625,56.79000473022461,-72.75234985351562,163.90235900878906,-57.94484329223633,-73.23480987548828,165.412353515625
1711476105.1979187,30.64000129699707,-39.81752014160156,148.09483337402344,-27.23999786376953,-62.18235778808594,149.8599853515625,56.79000473022461,-72.75234985351562,163.90235900878906,-57.94484329223633,-73.23480987548828,165.412353515625
1711476105.208038,30.64000129699707,-39.81752014160156,148.09483337402344,-27.23999786376953,-62.18235778808594,149.8599853515625,56.79000473022461,-72.75234985351562,163.90235900878906,-57.94484329223633,-73.23480987548828,165.412353515625
1711476105.2178876,30.64000129699707,-39.81752014160156,148.09483337402344,-27.23999786376953,-62.18235778808594,149.8599853515625,56.79000473022461,-72.75234985351562,163.90235900878906,-57.94484329223633,-73.23480987548828,165.412353515625
1711476105.2279365,30.64000129699707,-39.81752014160156,148.09483337402344,-27.23999786376953,-62.18235778808594,149.8599853515625,56.79000473022461,-72.75234985351562,163.90235900878906,-57.94484329223633,-73.23480987548828,165.412353515625
1711476105.2378826,30.64000129699707,-39.81752014160156,148.09483337402344,-27.23999786376953,-62.18235778808594,149.8599853515625,56.79000473022461,-72.75234985351562,163.90235900878906,-57.94484329223633,-73.23480987548828,165.412353515625
1711476105.2479415,30.64000129699707,-39.81752014160156,148.09483337402344,-27.23999786376953,-62.18235778808594,149.8599853515625,56.79000473022461,-72.75234985351562,163.90235900878906,-57.94484329223633,-73.23480987548828,165.412353515625
1711476105.2578802,30.64000129699707,-39.81752014160156,148.09483337402344,-27.23999786376953,-62.18235778808594,149.8599853515625,56.79000473022461,-72.75234985351562,163.90235900878906,-57.94484329223633,-73.23480987548828,165.412353515625
1711476105.2679346,30.64000129699707,-39.81752014160156,148.09483337402344,-27.23999786376953,-62.18235778808594,149.8599853515625,56.79000473022461,-72.75234985351562,163.90235900878906,-57.94484329223633,-73.23480987548828,165.412353515625
1711476105.2779205,30.64000129699707,-39.81752014160156,148.09483337402344,-27.23999786376953,-62.18235778808594,149.8599853515625,56.79000473022461,-72.75234985351562,163.90235900878906,-57.94484329223633,-73.23480987548828,165.412353515625
1711476105.2878718,30.64000129699707,-39.81752014160156,148.09483337402344,-27.23999786376953,-62.18235778808594,149.8599853515625,56.79000473022461,-72.75234985351562,163.90235900878906,-57.94484329223633,-73.23480987548828,165.412353515625
1711476105.2979639,30.64000129699707,-39.81752014160156,148.09483337402344,-27.23999786376953,-62.18235778808594,149.8599853515625,56.79000473022461,-72.75234985351562,163.90235900878906,-57.94484329223633,-73.23480987548828,165.412353515625
1711476105.30797,30.64000129699707,-39.81752014160156,148.09483337402344,-27.23999786376953,-62.18235778808594,149.8599853515625,56.79000473022461,-72.75234985351562,163.90235900878906,-57.94484329223633,-73.23480987548828,165.412353515625
1711476105.317883,30.64000129699707,-39.81752014160156,148.09483337402344,-27.23999786376953,-62.18235778808594,149.8599853515625,56.79000473022461,-72.75234985351562,163.90235900878906,-57.94484329223633,-73.23480987548828,165.412353515625
1711476105.3279026,30.64000129699707,-39.81752014160156,148.09483337402344,-27.23999786376953,-62.18235778808594,149.8599853515625,56.79000473022461,-72.75234985351562,163.90235900878906,-57.94484329223633,-73.23480987548828,165.412353515625
1711476105.3379002,30.64000129699707,-39.81752014160156,148.09483337402344,-27.23999786376953,-62.18235778808594,149.8599853515625,56.79000473022461,-72.75234985351562,163.90235900878906,-57.94484329223633,-73.23480987548828,165.412353515625
1711476105.3479497,30.64000129699707,-39.81752014160156,148.09483337402344,-27.23999786376953,-62.18235778808594,149.8599853515625,56.79000473022461,-72.75234985351562,163.90235900878906,-57.94484329223633,-73.23480987548828,165.412353515625
1711476105.3579454,30.64000129699707,-39.81752014160156,148.09483337402344,-27.23999786376953,-62.18235778808594,149.8599853515625,56.79000473022461,-72.75234985351562,163.90235900878906,-57.94484329223633,-73.23480987548828,165.412353515625
1711476105.3678908,30.64000129699707,-39.81752014160156,148.09483337402344,-27.23999786376953,-62.18235778808594,149.8599853515625,56.79000473022461,-72.75234985351562,163.90235900878906,-57.94484329223633,-73.23480987548828,165.412353515625
1711476105.3779154,30.64000129699707,-39.81752014160156,148.09483337402344,-27.229997634887695,-62.18235778808594,149.8599853515625,56.79000473022461,-72.75234985351562,163.90235900878906,-57.94484329223633,-73.23480987548828,165.412353515625
1711476105.3878913,30.64000129699707,-39.81752014160156,148.09483337402344,-27.229997634887695,-62.18235778808594,149.8599853515625,56.79000473022461,-72.75234985351562,163.90235900878906,-57.94484329223633,-73.23480987548828,165.412353515625
1711476105.397927,30.64000129699707,-39.81752014160156,148.09483337402344,-27.229997634887695,-62.18235778808594,149.8599853515625,56.79000473022461,-72.75234985351562,163.90235900878906,-57.94484329223633,-73.23480987548828,165.412353515625
1711476105.4078987,30.64000129699707,-39.81752014160156,148.09483337402344,-27.229997634887695,-62.18235778808594,149.8599853515625,56.79000473022461,-72.75234985351562,163.90235900878906,-57.94484329223633,-73.23480987548828,165.412353515625
1711476105.4179013,30.64000129699707,-39.81752014160156,148.09483337402344,-27.229997634887695,-62.18235778808594,149.8599853515625,56.79000473022461,-72.75234985351562,163.90235900878906,-57.94484329223633,-73.23480987548828,165.412353515625
1711476105.4278853,30.64000129699707,-39.81752014160156,148.09483337402344,-27.229997634887695,-62.18235778808594,149.8599853515625,56.79000473022461,-72.75234985351562,163.90235900878906,-57.94484329223633,-73.23480987548828,165.412353515625
1711476105.437926,30.64000129699707,-39.81752014160156,148.09483337402344,-27.22608757019043,-62.18235778808594,149.8599853515625,56.79000473022461,-72.75234985351562,163.90235900878906,-57.94484329223633,-73.23480987548828,165.412353515625
1711476105.4478936,30.64000129699707,-39.81752014160156,148.09483337402344,-27.219993591308594,-62.18235778808594,149.8599853515625,56.79000473022461,-72.75234985351562,163.90235900878906,-57.94484329223633,-73.23480987548828,165.412353515625
1711476105.4579005,30.64000129699707,-39.81752014160156,148.09483337402344,-27.219993591308594,-62.19751739501953,149.8599853515625,56.79000473022461,-72.75234985351562,163.90235900878906,-57.94484329223633,-73.23480987548828,165.412353515625
1711476105.4679034,30.63187599182129,-39.81752014160156,148.09483337402344,-27.219993591308594,-62.19751739501953,149.8599853515625,56.79000473022461,-72.75234985351562,163.90235900878906,-57.94484329223633,-73.23480987548828,165.412353515625
1711476105.4779005,30.630001068115234,-39.81752014160156,148.09483337402344,-27.219993591308594,-62.19751739501953,149.8599853515625,56.79000473022461,-72.75234985351562,163.90235900878906,-57.94484329223633,-73.23480987548828,165.412353515625
1711476105.487884,30.630001068115234,-39.83517837524414,148.09483337402344,-27.210466384887695,-62.19751739501953,149.8599853515625,56.79000473022461,-72.75234985351562,163.90235900878906,-57.94484329223633,-73.23480987548828,165.412353515625
1711476105.497947,30.630001068115234,-39.83517837524414,148.09483337402344,-27.20999526977539,-62.19751739501953,149.8599853515625,56.79000473022461,-72.75234985351562,163.90235900878906,-57.94484329223633,-73.23480987548828,165.412353515625
1711476105.5079343,30.630001068115234,-39.84408187866211,148.09483337402344,-27.20999526977539,-62.19751739501953,149.8599853515625,56.79000473022461,-72.75234985351562,163.90235900878906,-57.94484329223633,-73.23480987548828,165.412353515625
1711476105.5178978,30.630001068115234,-39.84517288208008,148.09483337402344,-27.20999526977539,-62.19751739501953,149.8599853515625,56.79000473022461,-72.75234985351562,163.90235900878906,-57.94484329223633,-73.23480987548828,165.412353515625
1711476105.527953,30.630001068115234,-39.84517288208008,148.09483337402344,-27.20999526977539,-62.19751739501953,149.8599853515625,56.79000473022461,-72.75234985351562,163.90235900878906,-57.94484329223633,-73.23480987548828,165.412353515625
1711476105.5379186,30.630001068115234,-39.84517288208008,148.09483337402344,-27.20999526977539,-62.20174026489258,149.8599853515625,56.79000473022461,-72.75234985351562,163.90235900878906,-57.94484329223633,-73.23480987548828,165.412353515625
1711476105.5478966,30.630001068115234,-39.84517288208008,148.09483337402344,-27.20999526977539,-62.20751953125,149.8599853515625,56.79000473022461,-72.75234985351562,163.90235900878906,-57.94484329223633,-73.23480987548828,165.412353515625
1711476105.5578947,30.630001068115234,-39.84517288208008,148.09483337402344,-27.20999526977539,-62.20751953125,149.8599853515625,56.79000473022461,-72.75234985351562,163.90235900878906,-57.94484329223633,-73.23480987548828,165.412353515625
1711476105.567902,30.630001068115234,-39.84517288208008,148.09483337402344,-27.20999526977539,-62.20751953125,149.8599853515625,56.79000473022461,-72.75234985351562,163.90235900878906,-57.94484329223633,-73.23480987548828,165.412353515625
1711476105.5779436,30.630001068115234,-39.84517288208008,148.09483337402344,-27.20999526977539,-62.20751953125,149.8599853515625,56.79000473022461,-72.75234985351562,163.90235900878906,-57.94484329223633,-73.23480987548828,165.412353515625
1711476105.5879033,30.630001068115234,-39.84517288208008,148.09483337402344,-27.20999526977539,-62.20751953125,149.8599853515625,56.79000473022461,-72.75234985351562,163.90235900878906,-57.94484329223633,-73.23480987548828,165.412353515625
1711476105.5979064,30.630001068115234,-39.84517288208008,148.09483337402344,-27.20999526977539,-62.20751953125,149.8599853515625,56.79000473022461,-72.75234985351562,163.90235900878906,-57.94484329223633,-73.23480987548828,165.412353515625
1711476105.607944,30.630001068115234,-39.84517288208008,148.09483337402344,-27.20999526977539,-62.20751953125,149.8599853515625,56.79000473022461,-72.75234985351562,163.90235900878906,-57.94484329223633,-73.23480987548828,165.412353515625
1711476105.617907,30.630001068115234,-39.84517288208008,148.09483337402344,-27.20999526977539,-62.20751953125,149.8599853515625,56.79000473022461,-72.75234985351562,163.90235900878906,-57.94484329223633,-73.23480987548828,165.412353515625
1711476105.6279438,30.630001068115234,-39.84517288208008,148.09483337402344,-27.20999526977539,-62.20751953125,149.8599853515625,56.79000473022461,-72.75234985351562,163.90235900878906,-57.94484329223633,-73.23480987548828,165.412353515625
1711476105.6379151,30.630001068115234,-39.84517288208008,148.09483337402344,-27.20999526977539,-62.20751953125,149.8599853515625,56.79000473022461,-72.75234985351562,163.90235900878906,-57.94484329223633,-73.23480987548828,165.412353515625
1711476105.6479478,30.630001068115234,-39.84517288208008,148.09483337402344,-27.20999526977539,-62.20751953125,149.8599853515625,56.79000473022461,-72.75234985351562,163.90235900878906,-57.94484329223633,-73.23480987548828,165.412353515625
1711476105.6578965,30.630001068115234,-39.84517288208008,148.09483337402344,-27.20999526977539,-62.20751953125,149.8599853515625,56.79000473022461,-72.75234985351562,163.90235900878906,-57.94484329223633,-73.23480987548828,165.412353515625
1711476105.6679056,30.630001068115234,-39.84517288208008,148.09483337402344,-27.20999526977539,-62.20751953125,149.8599853515625,56.79000473022461,-72.75234985351562,163.90235900878906,-57.94484329223633,-73.23480987548828,165.412353515625
1711476105.6779168,30.630001068115234,-39.84517288208008,148.09483337402344,-27.20999526977539,-62.20751953125,149.8599853515625,56.79000473022461,-72.75234985351562,163.90235900878906,-57.94484329223633,-73.23480987548828,165.412353515625
1711476105.6879015,30.630001068115234,-39.84517288208008,148.09483337402344,-27.20999526977539,-62.20751953125,149.8599853515625,56.79000473022461,-72.75234985351562,163.90235900878906,-57.94484329223633,-73.23480987548828,165.412353515625
1711476105.6979046,30.630001068115234,-39.84517288208008,148.09483337402344,-27.20999526977539,-62.20751953125,149.8599853515625,56.79000473022461,-72.75234985351562,163.90235900878906,-57.94484329223633,-73.23480987548828,165.412353515625
1711476105.7079704,30.630001068115234,-39.84517288208008,148.09483337402344,-27.20999526977539,-62.20751953125,149.8599853515625,56.79000473022461,-72.75234985351562,163.90235900878906,-57.94484329223633,-73.23480987548828,165.412353515625
1711476105.7179053,30.630001068115234,-39.84517288208008,148.09483337402344,-27.20999526977539,-62.20751953125,149.8599853515625,56.79000473022461,-72.75234985351562,163.90235900878906,-57.94484329223633,-73.23480987548828,165.412353515625
1711476105.727908,30.630001068115234,-39.84517288208008,148.09483337402344,-27.20999526977539,-62.20751953125,149.8599853515625,56.79000473022461,-72.75234985351562,163.90235900878906,-57.94484329223633,-73.23480987548828,165.412353515625
1711476105.737906,30.630001068115234,-39.84517288208008,148.09483337402344,-27.20999526977539,-62.20751953125,149.8599853515625,56.79000473022461,-72.75234985351562,163.90235900878906,-57.94484329223633,-73.23480987548828,165.412353515625
1711476105.747906,30.630001068115234,-39.84517288208008,148.09483337402344,-27.20999526977539,-62.20751953125,149.8599853515625,56.79000473022461,-72.75234985351562,163.90235900878906,-57.94484329223633,-73.23480987548828,165.412353515625
1711476105.7579043,30.630001068115234,-39.84517288208008,148.09483337402344,-27.20999526977539,-62.20751953125,149.8599853515625,56.79000473022461,-72.75234985351562,163.90235900878906,-57.94484329223633,-73.23480987548828,165.412353515625
1711476105.7679484,30.630001068115234,-39.84517288208008,148.09483337402344,-27.20999526977539,-62.19126510620117,149.8599853515625,56.79000473022461,-72.75234985351562,163.90235900878906,-57.94484329223633,-73.23480987548828,165.412353515625
1711476105.7779183,30.630001068115234,-39.84517288208008,148.09483337402344,-27.20999526977539,-62.19236373901367,149.8599853515625,56.79000473022461,-72.75234985351562,163.90235900878906,-57.94484329223633,-73.23480987548828,165.412353515625
1711476105.7879043,30.630001068115234,-39.84517288208008,148.09483337402344,-27.20999526977539,-62.19236373901367,149.8599853515625,56.79000473022461,-72.75234985351562,163.90235900878906,-57.94484329223633,-73.23480987548828,165.412353515625
1711476105.797947,30.630001068115234,-39.84517288208008,148.09483337402344,-27.20999526977539,-62.19236373901367,149.8599853515625,56.79000473022461,-72.75234985351562,163.90235900878906,-57.94484329223633,-73.23480987548828,165.412353515625
1711476105.8079622,30.630001068115234,-39.84517288208008,148.09483337402344,-27.20999526977539,-62.19236373901367,149.8599853515625,56.79000473022461,-72.75234985351562,163.90235900878906,-57.94484329223633,-73.23480987548828,165.412353515625
1711476105.8179154,30.630001068115234,-39.84517288208008,148.09483337402344,-27.20999526977539,-62.19236373901367,149.8599853515625,56.79000473022461,-72.75234985351562,163.90235900878906,-57.94484329223633,-73.23480987548828,165.412353515625
1711476105.8279243,30.630001068115234,-39.84517288208008,148.09483337402344,-27.20999526977539,-62.19236373901367,149.8599853515625,56.79000473022461,-72.75234985351562,163.90235900878906,-57.94484329223633,-73.23480987548828,165.412353515625
1711476105.8379247,30.630001068115234,-39.84517288208008,148.09483337402344,-27.20999526977539,-62.19236373901367,149.8599853515625,56.79000473022461,-72.75234985351562,163.90235900878906,-57.94484329223633,-73.23480987548828,165.412353515625
1711476105.8479252,30.630001068115234,-39.84517288208008,148.09483337402344,-27.20999526977539,-62.19236373901367,149.8599853515625,56.79000473022461,-72.75234985351562,163.90235900878906,-57.94484329223633,-73.23480987548828,165.412353515625
1711476105.8579426,30.630001068115234,-39.84517288208008,148.09483337402344,-27.20999526977539,-62.19236373901367,149.8599853515625,56.79000473022461,-72.75234985351562,163.90235900878906,-57.94484329223633,-73.23480987548828,165.412353515625
1711476105.867919,30.630001068115234,-39.84517288208008,148.09483337402344,-27.20999526977539,-62.19236373901367,149.8599853515625,56.79000473022461,-72.75234985351562,163.90235900878906,-57.94484329223633,-73.23480987548828,165.412353515625
1711476105.8779547,30.630001068115234,-39.83533477783203,148.09483337402344,-27.20999526977539,-62.19236373901367,149.8599853515625,56.79000473022461,-72.75234985351562,163.90235900878906,-57.94484329223633,-73.23480987548828,165.412353515625
1711476105.887901,30.630001068115234,-39.82752227783203,148.09483337402344,-27.20999526977539,-62.19236373901367,149.8599853515625,56.79000473022461,-72.75234985351562,163.90235900878906,-57.94484329223633,-73.23480987548828,165.412353515625
1711476105.8979158,30.630001068115234,-39.82752227783203,148.09483337402344,-27.20999526977539,-62.18798828125,149.8599853515625,56.79000473022461,-72.75234985351562,163.90235900878906,-57.94484329223633,-73.23480987548828,165.412353515625
1711476105.9079478,30.630001068115234,-39.82752227783203,148.09483337402344,-27.20999526977539,-62.18235778808594,149.8599853515625,56.79000473022461,-72.75234985351562,163.90235900878906,-57.94484329223633,-73.23480987548828,165.412353515625
1711476105.9179218,30.630001068115234,-39.82752227783203,148.09483337402344,-27.20999526977539,-62.18235778808594,149.8599853515625,56.79000473022461,-72.75234985351562,163.90235900878906,-57.94484329223633,-73.23480987548828,165.412353515625
1711476105.9279659,30.630001068115234,-39.82752227783203,148.09483337402344,-27.20999526977539,-62.18235778808594,149.8599853515625,56.79000473022461,-72.75234985351562,163.90235900878906,-57.94484329223633,-73.23480987548828,165.412353515625
1711476105.937923,30.630001068115234,-39.82752227783203,148.09483337402344,-27.20999526977539,-62.18235778808594,149.8599853515625,56.79000473022461,-72.75234985351562,163.90235900878906,-57.94484329223633,-73.23480987548828,165.412353515625
1711476105.9479158,30.630001068115234,-39.82752227783203,148.09483337402344,-27.20999526977539,-62.18235778808594,149.8599853515625,56.79000473022461,-72.75234985351562,163.90235900878906,-57.94484329223633,-73.23480987548828,165.412353515625
1711476105.9579248,30.630001068115234,-39.82752227783203,148.09483337402344,-27.20999526977539,-62.18235778808594,149.8599853515625,56.79000473022461,-72.75234985351562,163.90235900878906,-57.94484329223633,-73.23480987548828,165.412353515625
1711476105.9679184,30.630001068115234,-39.82752227783203,148.09483337402344,-27.20999526977539,-62.18235778808594,149.8599853515625,56.79000473022461,-72.75234985351562,163.90235900878906,-57.94484329223633,-73.23480987548828,165.412353515625
1711476105.977928,30.630001068115234,-39.82752227783203,148.09483337402344,-27.20999526977539,-62.18235778808594,149.8599853515625,56.79000473022461,-72.75234985351562,163.90235900878906,-57.94484329223633,-73.23480987548828,165.412353515625
1711476105.987997,30.630001068115234,-39.82752227783203,148.09483337402344,-27.20999526977539,-62.18235778808594,149.8599853515625,56.79000473022461,-72.75234985351562,163.90235900878906,-57.94484329223633,-73.23480987548828,165.412353515625
1711476105.997913,30.630001068115234,-39.82752227783203,148.09483337402344,-27.20999526977539,-62.18235778808594,149.8599853515625,56.79000473022461,-72.75234985351562,163.90235900878906,-57.94484329223633,-73.23480987548828,165.412353515625
1711476106.0079265,30.630001068115234,-39.82752227783203,148.09483337402344,-27.20999526977539,-62.18235778808594,149.8599853515625,56.79000473022461,-72.75234985351562,163.90235900878906,-57.94484329223633,-73.23480987548828,165.412353515625
1711476106.0179393,30.630001068115234,-39.82752227783203,148.09483337402344,-27.20999526977539,-62.18235778808594,149.8599853515625,56.79000473022461,-72.75234985351562,163.90235900878906,-57.94484329223633,-73.23480987548828,165.412353515625
1711476106.0279334,30.630001068115234,-39.82752227783203,148.09483337402344,-27.20999526977539,-62.18235778808594,149.8599853515625,56.79000473022461,-72.75234985351562,163.90235900878906,-57.94484329223633,-73.23480987548828,165.412353515625
1711476106.0379803,30.630001068115234,-39.82752227783203,148.09483337402344,-27.20999526977539,-62.18235778808594,149.8599853515625,56.79000473022461,-72.75234985351562,163.90235900878906,-57.94484329223633,-73.23480987548828,165.412353515625
1711476106.047945,30.630001068115234,-39.82752227783203,148.09483337402344,-27.20999526977539,-62.18235778808594,149.8599853515625,56.79000473022461,-72.75234985351562,163.90235900878906,-57.94484329223633,-73.23480987548828,165.412353515625
1711476106.057916,30.630001068115234,-39.82752227783203,148.09483337402344,-27.20999526977539,-62.17923355102539,149.8599853515625,56.79000473022461,-72.75234985351562,163.90235900878906,-57.94484329223633,-73.23480987548828,165.412353515625
1711476106.0679197,30.630001068115234,-39.82752227783203,148.09483337402344,-27.20999526977539,-62.17236328125,149.8599853515625,56.79000473022461,-72.75234985351562,163.90235900878906,-57.94484329223633,-73.23480987548828,165.412353515625
1711476106.0779247,30.630001068115234,-39.82752227783203,148.09483337402344,-27.20999526977539,-62.17236328125,149.8599853515625,56.79000473022461,-72.75234985351562,163.90235900878906,-57.94484329223633,-73.23480987548828,165.412353515625
1711476106.087924,30.630001068115234,-39.81752014160156,148.09483337402344,-27.20999526977539,-62.17236328125,149.8599853515625,56.79000473022461,-72.75234985351562,163.90235900878906,-57.94484329223633,-73.23480987548828,165.412353515625
1711476106.0979493,30.630001068115234,-39.81752014160156,148.09483337402344,-27.20999526977539,-62.17236328125,149.8599853515625,56.79000473022461,-72.75234985351562,163.90235900878906,-57.94484329223633,-73.23480987548828,165.412353515625
1711476106.1078935,30.630001068115234,-39.81752014160156,148.09483337402344,-27.20999526977539,-62.17236328125,149.8599853515625,56.79000473022461,-72.75234985351562,163.90235900878906,-57.94484329223633,-73.23480987548828,165.412353515625
1711476106.1179297,30.630001068115234,-39.81752014160156,148.09483337402344,-27.20999526977539,-62.17236328125,149.8599853515625,56.79000473022461,-72.75234985351562,163.90235900878906,-57.94484329223633,-73.23480987548828,165.412353515625
1711476106.1279242,30.630001068115234,-39.81752014160156,148.09483337402344,-27.20999526977539,-62.17236328125,149.8599853515625,56.79000473022461,-72.75234985351562,163.90235900878906,-57.94484329223633,-73.23480987548828,165.412353515625
1711476106.1379507,30.630001068115234,-39.81752014160156,148.09483337402344,-27.20999526977539,-62.17236328125,149.8599853515625,56.79000473022461,-72.75234985351562,163.90235900878906,-57.94484329223633,-73.23480987548828,165.412353515625
1711476106.147962,30.630001068115234,-39.81752014160156,148.09483337402344,-27.20999526977539,-62.17236328125,149.8599853515625,56.79000473022461,-72.75234985351562,163.90235900878906,-57.94484329223633,-73.23480987548828,165.412353515625
1711476106.1579306,30.630001068115234,-39.81752014160156,148.09483337402344,-27.20999526977539,-62.17236328125,149.8599853515625,56.79000473022461,-72.75234985351562,163.90235900878906,-57.94484329223633,-73.23480987548828,165.412353515625
1711476106.167931,30.630001068115234,-39.81752014160156,148.09483337402344,-27.20999526977539,-62.17236328125,149.8599853515625,56.79000473022461,-72.75234985351562,163.90235900878906,-57.94484329223633,-73.23480987548828,165.412353515625
1711476106.177932,30.630001068115234,-39.81752014160156,148.09483337402344,-27.20999526977539,-62.17236328125,149.8599853515625,56.79000473022461,-72.75234985351562,163.90235900878906,-57.94484329223633,-73.23480987548828,165.412353515625
1711476106.1879377,30.630001068115234,-39.81752014160156,148.09483337402344,-27.20999526977539,-62.17236328125,149.8599853515625,56.79000473022461,-72.75234985351562,163.90235900878906,-57.94484329223633,-73.23480987548828,165.412353515625
1711476106.1979682,30.630001068115234,-39.81752014160156,148.09483337402344,-27.20999526977539,-62.17236328125,149.8599853515625,56.79000473022461,-72.75234985351562,163.90235900878906,-57.94484329223633,-73.23480987548828,165.412353515625
1711476106.2079453,30.630001068115234,-39.81752014160156,148.09483337402344,-27.20999526977539,-62.17236328125,149.8599853515625,56.79000473022461,-72.75234985351562,163.90235900878906,-57.94484329223633,-73.23480987548828,165.412353515625
1711476106.2179413,30.630001068115234,-39.81752014160156,148.09483337402344,-27.20999526977539,-62.17236328125,149.8599853515625,56.79000473022461,-72.75234985351562,163.90235900878906,-57.94484329223633,-73.23480987548828,165.412353515625
1711476106.22798,30.630001068115234,-39.81752014160156,148.09483337402344,-27.20999526977539,-62.17236328125,149.8599853515625,56.79000473022461,-72.75234985351562,163.90235900878906,-57.94484329223633,-73.23480987548828,165.412353515625
1711476106.2379653,30.630001068115234,-39.81752014160156,148.09483337402344,-27.20999526977539,-62.17236328125,149.8599853515625,56.79000473022461,-72.75234985351562,163.90235900878906,-57.94484329223633,-73.23480987548828,165.412353515625
1711476106.2479587,30.630001068115234,-39.81752014160156,148.09483337402344,-27.20999526977539,-62.17236328125,149.8599853515625,56.79000473022461,-72.75234985351562,163.90235900878906,-57.94484329223633,-73.23480987548828,165.412353515625
1711476106.257943,30.630001068115234,-39.81752014160156,148.09483337402344,-27.20999526977539,-62.17236328125,149.8599853515625,56.79000473022461,-72.75234985351562,163.90235900878906,-57.94484329223633,-73.23480987548828,165.412353515625
1711476106.267957,30.630001068115234,-39.81752014160156,148.09483337402344,-27.20999526977539,-62.17236328125,149.8599853515625,56.79000473022461,-72.75234985351562,163.90235900878906,-57.94484329223633,-73.23480987548828,165.412353515625
1711476106.2779434,30.630001068115234,-39.81752014160156,148.09483337402344,-27.20999526977539,-62.17236328125,149.8599853515625,56.79000473022461,-72.75234985351562,163.90235900878906,-57.94484329223633,-73.23480987548828,165.412353515625
1711476106.2879438,30.630001068115234,-39.81752014160156,148.09483337402344,-27.20999526977539,-62.17236328125,149.8599853515625,56.79000473022461,-72.75234985351562,163.90235900878906,-57.94484329223633,-73.23480987548828,165.412353515625
1711476106.297969,30.630001068115234,-39.81752014160156,148.09483337402344,-27.20999526977539,-62.17236328125,149.8599853515625,56.79000473022461,-72.75234985351562,163.90235900878906,-57.94484329223633,-73.23480987548828,165.412353515625
1711476106.3079448,30.630001068115234,-39.81752014160156,148.09483337402344,-27.20999526977539,-62.17236328125,149.8599853515625,56.79000473022461,-72.75234985351562,163.90235900878906,-57.94484329223633,-73.23480987548828,165.412353515625
1711476106.3179426,30.630001068115234,-39.81752014160156,148.09483337402344,-27.20999526977539,-62.17236328125,149.8599853515625,56.79000473022461,-72.75234985351562,163.90235900878906,-57.94484329223633,-73.23480987548828,165.412353515625
1711476106.3279347,30.630001068115234,-39.81752014160156,148.09483337402344,-27.20999526977539,-62.17236328125,149.8599853515625,56.79000473022461,-72.75234985351562,163.90235900878906,-57.94484329223633,-73.23480987548828,165.412353515625
1711476106.3379326,30.630001068115234,-39.81752014160156,148.09483337402344,-27.22734260559082,-62.17236328125,149.8599853515625,56.79000473022461,-72.75234985351562,163.90235900878906,-57.94484329223633,-73.23480987548828,165.412353515625
1711476106.3479383,30.630001068115234,-39.81752014160156,148.09483337402344,-27.230464935302734,-62.16064453125,149.8599853515625,56.79000473022461,-72.75234985351562,163.90235900878906,-57.94484329223633,-73.23480987548828,165.412353515625
1711476106.3579361,30.630001068115234,-39.81752014160156,148.09483337402344,-27.235153198242188,-62.16236114501953,149.8599853515625,56.79000473022461,-72.75234985351562,163.90235900878906,-57.94484329223633,-73.23480987548828,165.412353515625
1711476106.3679252,30.630001068115234,-39.81752014160156,148.09483337402344,-27.235153198242188,-62.16236114501953,149.8599853515625,56.79000473022461,-72.75234985351562,163.90235900878906,-57.94484329223633,-73.23480987548828,165.412353515625
1711476106.3779402,30.630001068115234,-39.81752014160156,148.09483337402344,-27.235153198242188,-62.16236114501953,149.8599853515625,56.79000473022461,-72.75234985351562,163.90235900878906,-57.94484329223633,-73.23480987548828,165.412353515625
1711476106.3879354,30.630001068115234,-39.81752014160156,148.09483337402344,-27.235153198242188,-62.16236114501953,149.8599853515625,56.79000473022461,-72.75234985351562,163.90235900878906,-57.94484329223633,-73.23480987548828,165.412353515625
1711476106.3979456,30.630001068115234,-39.81752014160156,148.09483337402344,-27.235153198242188,-62.16236114501953,149.8599853515625,56.79000473022461,-72.75234985351562,163.90235900878906,-57.94484329223633,-73.23480987548828,165.412353515625
1711476106.4079459,30.630001068115234,-39.81752014160156,148.09483337402344,-27.235153198242188,-62.16236114501953,149.8599853515625,56.79000473022461,-72.75234985351562,163.90235900878906,-57.94484329223633,-73.23480987548828,165.412353515625
1711476106.4179397,30.630001068115234,-39.81752014160156,148.09483337402344,-27.235153198242188,-62.16236114501953,149.8599853515625,56.79000473022461,-72.75234985351562,163.90235900878906,-57.94484329223633,-73.23480987548828,165.412353515625
1711476106.4279795,30.630001068115234,-39.81752014160156,148.09483337402344,-27.235153198242188,-62.16236114501953,149.8599853515625,56.79000473022461,-72.75234985351562,163.90235900878906,-57.94484329223633,-73.23480987548828,165.412353515625
1711476106.4379423,30.630001068115234,-39.81752014160156,148.09483337402344,-27.235153198242188,-62.16236114501953,149.8599853515625,56.79000473022461,-72.75234985351562,163.90235900878906,-57.94484329223633,-73.23480987548828,165.412353515625
1711476106.4479477,30.630001068115234,-39.81752014160156,148.09483337402344,-27.235153198242188,-62.16236114501953,149.8599853515625,56.79000473022461,-72.75234985351562,163.90235900878906,-57.94484329223633,-73.23480987548828,165.412353515625
1711476106.4579375,30.630001068115234,-39.81752014160156,148.09483337402344,-27.235153198242188,-62.16236114501953,149.8599853515625,56.79000473022461,-72.75234985351562,163.90235900878906,-57.94484329223633,-73.23480987548828,165.412353515625
1711476106.46794,30.630001068115234,-39.81752014160156,148.09483337402344,-27.235153198242188,-62.16236114501953,149.8599853515625,56.79000473022461,-72.75234985351562,163.90235900878906,-57.94484329223633,-73.23480987548828,165.412353515625
1711476106.477949,30.630001068115234,-39.81752014160156,148.09483337402344,-27.235153198242188,-62.16236114501953,149.8599853515625,56.79000473022461,-72.75234985351562,163.90235900878906,-57.94484329223633,-73.23480987548828,165.412353515625
1711476106.4879415,30.630001068115234,-39.81752014160156,148.09483337402344,-27.235153198242188,-62.16236114501953,149.8599853515625,56.79000473022461,-72.75234985351562,163.90235900878906,-57.94484329223633,-73.23480987548828,165.412353515625
1711476106.4979432,30.630001068115234,-39.81752014160156,148.09483337402344,-27.235153198242188,-62.16236114501953,149.8599853515625,56.79000473022461,-72.75234985351562,163.90235900878906,-57.94484329223633,-73.23480987548828,165.412353515625
1711476106.5079439,30.630001068115234,-39.81752014160156,148.09483337402344,-27.235153198242188,-62.16236114501953,149.8599853515625,56.79000473022461,-72.75234985351562,163.90235900878906,-57.94484329223633,-73.23480987548828,165.412353515625
1711476106.5179462,30.630001068115234,-39.81752014160156,148.09483337402344,-27.235153198242188,-62.16236114501953,149.8599853515625,56.79000473022461,-72.75234985351562,163.90235900878906,-57.94484329223633,-73.23480987548828,165.412353515625
1711476106.527952,30.630001068115234,-39.81752014160156,148.09483337402344,-27.235153198242188,-62.16236114501953,149.8599853515625,56.79000473022461,-72.75234985351562,163.90235900878906,-57.94484329223633,-73.23480987548828,165.412353515625
1711476106.5379488,30.630001068115234,-39.81752014160156,148.09483337402344,-27.235153198242188,-62.16236114501953,149.8599853515625,56.79000473022461,-72.75234985351562,163.90235900878906,-57.94484329223633,-73.23480987548828,165.412353515625
1711476106.5479474,30.630001068115234,-39.81752014160156,148.09483337402344,-27.235153198242188,-62.16236114501953,149.8599853515625,56.79000473022461,-72.75234985351562,163.90235900878906,-57.94484329223633,-73.23480987548828,165.412353515625
1711476106.5580122,30.630001068115234,-39.81752014160156,148.09483337402344,-27.235153198242188,-62.16236114501953,149.8599853515625,56.79000473022461,-72.75234985351562,163.90235900878906,-57.94484329223633,-73.23480987548828,165.412353515625
1711476106.5679934,30.630001068115234,-39.81752014160156,148.09483337402344,-27.235153198242188,-62.16236114501953,149.8599853515625,56.79000473022461,-72.75234985351562,163.90235900878906,-57.94484329223633,-73.23480987548828,165.412353515625
1711476106.5779529,30.630001068115234,-39.81752014160156,148.09483337402344,-27.235153198242188,-62.16236114501953,149.8599853515625,56.79000473022461,-72.75234985351562,163.90235900878906,-57.94484329223633,-73.23480987548828,165.412353515625
1711476106.587953,30.630001068115234,-39.81752014160156,148.09483337402344,-27.235153198242188,-62.16236114501953,149.8599853515625,56.79000473022461,-72.75234985351562,163.90235900878906,-57.94484329223633,-73.23480987548828,165.412353515625
1711476106.605262,30.630001068115234,-39.81752014160156,148.09483337402344,-27.235153198242188,-62.16236114501953,149.8599853515625,56.79000473022461,-72.75234985351562,163.90235900878906,-57.94484329223633,-73.23480987548828,165.412353515625
1711476106.6079912,30.630001068115234,-39.81752014160156,148.09483337402344,-27.235153198242188,-62.16236114501953,149.8599853515625,56.79000473022461,-72.75234985351562,163.90235900878906,-57.94484329223633,-73.23480987548828,165.412353515625
1711476106.617959,30.630001068115234,-39.81752014160156,148.09483337402344,-27.235153198242188,-62.16236114501953,149.8599853515625,56.79000473022461,-72.75234985351562,163.90235900878906,-57.94484329223633,-73.23480987548828,165.412353515625
1711476106.627953,30.630001068115234,-39.81752014160156,148.09483337402344,-27.235153198242188,-62.16236114501953,149.8599853515625,56.79000473022461,-72.75234985351562,163.90235900878906,-57.94484329223633,-73.23480987548828,165.412353515625
1711476106.6379564,30.630001068115234,-39.81752014160156,148.09483337402344,-27.235153198242188,-62.16236114501953,149.8599853515625,56.79000473022461,-72.75234985351562,163.90235900878906,-57.94484329223633,-73.23480987548828,165.412353515625
1711476106.6479492,30.630001068115234,-39.81752014160156,148.09483337402344,-27.235153198242188,-62.16236114501953,149.8599853515625,56.79000473022461,-72.75234985351562,163.90235900878906,-57.94484329223633,-73.23480987548828,165.412353515625
1711476106.6579547,30.630001068115234,-39.81752014160156,148.09483337402344,-27.235153198242188,-62.16236114501953,149.8599853515625,56.79000473022461,-72.75234985351562,163.90235900878906,-57.94484329223633,-73.23480987548828,165.412353515625
1711476106.6679559,30.630001068115234,-39.81752014160156,148.09483337402344,-27.235153198242188,-62.16236114501953,149.8599853515625,56.79000473022461,-72.75234985351562,163.90235900878906,-57.94484329223633,-73.23480987548828,165.412353515625
1711476106.6779642,30.630001068115234,-39.81752014160156,148.09483337402344,-27.235153198242188,-62.16236114501953,149.8599853515625,56.79000473022461,-72.75234985351562,163.90235900878906,-57.94484329223633,-73.23480987548828,165.412353515625
1711476106.6879482,30.630001068115234,-39.81752014160156,148.09483337402344,-27.235153198242188,-62.16236114501953,149.8599853515625,56.79000473022461,-72.75234985351562,163.90235900878906,-57.94484329223633,-73.23480987548828,165.412353515625
1711476106.6979887,30.630001068115234,-39.81752014160156,148.09483337402344,-27.235153198242188,-62.16236114501953,149.8599853515625,56.79000473022461,-72.75234985351562,163.90235900878906,-57.94484329223633,-73.23480987548828,165.412353515625
1711476106.7079623,30.630001068115234,-39.81752014160156,148.09483337402344,-27.235153198242188,-62.16236114501953,149.8599853515625,56.79000473022461,-72.75234985351562,163.90235900878906,-57.94484329223633,-73.23480987548828,165.412353515625
1711476106.7179625,30.630001068115234,-39.81752014160156,148.09483337402344,-27.235153198242188,-62.16236114501953,149.8599853515625,56.79000473022461,-72.75234985351562,163.90235900878906,-57.94484329223633,-73.23480987548828,165.412353515625
1711476106.7279673,30.630001068115234,-39.81752014160156,148.09483337402344,-27.235153198242188,-62.16236114501953,149.8599853515625,56.79000473022461,-72.75234985351562,163.90235900878906,-57.94484329223633,-73.23480987548828,165.412353515625
1711476106.737973,30.630001068115234,-39.81752014160156,148.09483337402344,-27.235153198242188,-62.16236114501953,149.8599853515625,56.79000473022461,-72.75234985351562,163.90235900878906,-57.94484329223633,-73.23480987548828,165.412353515625
1711476106.7479699,30.630001068115234,-39.81752014160156,148.09483337402344,-27.235153198242188,-62.16236114501953,149.8599853515625,56.79000473022461,-72.75234985351562,163.90235900878906,-57.94484329223633,-73.23480987548828,165.412353515625
1711476106.7579994,30.630001068115234,-39.81752014160156,148.09483337402344,-27.235153198242188,-62.16236114501953,149.8599853515625,56.79000473022461,-72.75234985351562,163.90235900878906,-57.94484329223633,-73.23480987548828,165.412353515625
1711476106.767977,30.630001068115234,-39.81752014160156,148.09483337402344,-27.235153198242188,-62.16236114501953,149.8599853515625,56.79000473022461,-72.75234985351562,163.90235900878906,-57.94484329223633,-73.23480987548828,165.412353515625
1711476106.7779706,30.630001068115234,-39.81752014160156,148.09483337402344,-27.235153198242188,-62.16236114501953,149.8599853515625,56.79000473022461,-72.75234985351562,163.90235900878906,-57.94484329223633,-73.23480987548828,165.412353515625
1711476106.7879567,30.630001068115234,-39.81752014160156,148.09483337402344,-27.235153198242188,-62.16236114501953,149.8599853515625,56.79000473022461,-72.75234985351562,163.90235900878906,-57.94484329223633,-73.23480987548828,165.412353515625
1711476106.7980185,30.630001068115234,-39.81752014160156,148.09483337402344,-27.235153198242188,-62.16236114501953,149.8599853515625,56.79000473022461,-72.75234985351562,163.90235900878906,-57.94484329223633,-73.23480987548828,165.412353515625
1711476106.807979,30.630001068115234,-39.81752014160156,148.09483337402344,-27.235153198242188,-62.16236114501953,149.8599853515625,56.79000473022461,-72.75234985351562,163.90235900878906,-57.94484329223633,-73.23480987548828,165.412353515625
1711476106.8179884,30.630001068115234,-39.81752014160156,148.09483337402344,-27.235153198242188,-62.16236114501953,149.8599853515625,56.79000473022461,-72.75234985351562,163.90235900878906,-57.94484329223633,-73.23480987548828,165.412353515625
1711476106.8279705,30.630001068115234,-39.81752014160156,148.09483337402344,-27.235153198242188,-62.16236114501953,149.8599853515625,56.79000473022461,-72.75234985351562,163.90235900878906,-57.94484329223633,-73.23480987548828,165.412353515625
1711476106.8380048,30.630001068115234,-39.81752014160156,148.09483337402344,-27.235153198242188,-62.16236114501953,149.8599853515625,56.79000473022461,-72.75234985351562,163.90235900878906,-57.94484329223633,-73.23480987548828,165.412353515625
1711476106.8479562,30.630001068115234,-39.81752014160156,148.09483337402344,-27.235153198242188,-62.16236114501953,149.8599853515625,56.79000473022461,-72.75234985351562,163.90235900878906,-57.94484329223633,-73.23480987548828,165.412353515625
1711476106.8580089,30.630001068115234,-39.81752014160156,148.09483337402344,-27.235153198242188,-62.16236114501953,149.8599853515625,56.79000473022461,-72.75234985351562,163.90235900878906,-57.94484329223633,-73.23480987548828,165.412353515625
1711476106.868018,30.630001068115234,-39.81752014160156,148.09483337402344,-27.235153198242188,-62.16236114501953,149.8599853515625,56.79000473022461,-72.75234985351562,163.90235900878906,-57.94484329223633,-73.23480987548828,165.412353515625
1711476106.8780127,30.630001068115234,-39.81752014160156,148.09483337402344,-27.235153198242188,-62.16236114501953,149.8599853515625,56.79000473022461,-72.75234985351562,163.90235900878906,-57.94484329223633,-73.23480987548828,165.412353515625
1711476106.8878887,30.630001068115234,-39.81752014160156,148.09483337402344,-27.235153198242188,-62.16236114501953,149.8599853515625,56.79000473022461,-72.75234985351562,163.90235900878906,-57.94484329223633,-73.23480987548828,165.412353515625
1711476106.8979764,30.630001068115234,-39.81752014160156,148.09483337402344,-27.235153198242188,-62.16236114501953,149.8599853515625,56.79000473022461,-72.75234985351562,163.90235900878906,-57.94484329223633,-73.23480987548828,165.412353515625
1711476106.908,30.630001068115234,-39.81752014160156,148.09483337402344,-27.235153198242188,-62.16236114501953,149.8599853515625,56.79000473022461,-72.75234985351562,163.90235900878906,-57.94484329223633,-73.23480987548828,165.412353515625
1711476106.917982,30.630001068115234,-39.81752014160156,148.09483337402344,-27.235153198242188,-62.16236114501953,149.8599853515625,56.79000473022461,-72.75234985351562,163.90235900878906,-57.94484329223633,-73.23480987548828,165.412353515625
1711476106.9279802,30.630001068115234,-39.81752014160156,148.09483337402344,-27.235153198242188,-62.16236114501953,149.8599853515625,56.79000473022461,-72.75234985351562,163.90235900878906,-57.94484329223633,-73.23480987548828,165.412353515625
1711476106.9380224,30.630001068115234,-39.81752014160156,148.09483337402344,-27.235153198242188,-62.16236114501953,149.8599853515625,56.79000473022461,-72.75234985351562,163.90235900878906,-57.94484329223633,-73.23480987548828,165.412353515625
1711476106.9480093,30.630001068115234,-39.81752014160156,148.09483337402344,-27.235153198242188,-62.16236114501953,149.8599853515625,56.79000473022461,-72.75234985351562,163.90235900878906,-57.94484329223633,-73.23480987548828,165.412353515625
1711476106.9579697,30.630001068115234,-39.81752014160156,148.09483337402344,-27.235153198242188,-62.16236114501953,149.8599853515625,56.79000473022461,-72.75234985351562,163.90235900878906,-57.94484329223633,-73.23480987548828,165.412353515625
1711476106.9679735,30.630001068115234,-39.81752014160156,148.09483337402344,-27.235153198242188,-62.16236114501953,149.8599853515625,56.79000473022461,-72.75234985351562,163.90235900878906,-57.94484329223633,-73.23480987548828,165.412353515625
1711476106.978022,30.630001068115234,-39.81752014160156,148.09483337402344,-27.235153198242188,-62.16236114501953,149.8599853515625,56.79000473022461,-72.75234985351562,163.90235900878906,-57.94484329223633,-73.23480987548828,165.412353515625
1711476106.9879718,30.630001068115234,-39.81752014160156,148.09483337402344,-27.235153198242188,-62.16236114501953,149.8599853515625,56.79000473022461,-72.75234985351562,163.90235900878906,-57.94484329223633,-73.23480987548828,165.412353515625
1711476106.9979782,30.630001068115234,-39.81752014160156,148.09483337402344,-27.235153198242188,-62.16236114501953,149.8599853515625,56.79000473022461,-72.75234985351562,163.90235900878906,-57.94484329223633,-73.23480987548828,165.412353515625
1711476107.007977,30.630001068115234,-39.81752014160156,148.09483337402344,-27.235153198242188,-62.16236114501953,149.8599853515625,56.79000473022461,-72.75234985351562,163.90235900878906,-57.94484329223633,-73.23480987548828,165.412353515625
1711476107.0179896,30.630001068115234,-39.81752014160156,148.09483337402344,-27.235153198242188,-62.16236114501953,149.8599853515625,56.79000473022461,-72.75234985351562,163.90235900878906,-57.94484329223633,-73.23480987548828,165.412353515625
1711476107.0281003,30.630001068115234,-39.81752014160156,148.09483337402344,-27.235153198242188,-62.16236114501953,149.8599853515625,56.79000473022461,-72.75234985351562,163.90235900878906,-57.94484329223633,-73.23480987548828,165.412353515625
1711476107.0380118,30.630001068115234,-39.81752014160156,148.09483337402344,-27.235153198242188,-62.16236114501953,149.8599853515625,56.79000473022461,-72.75234985351562,163.90235900878906,-57.94484329223633,-73.23480987548828,165.412353515625
1711476107.0480158,30.630001068115234,-39.81752014160156,148.09483337402344,-27.235153198242188,-62.16236114501953,149.8599853515625,56.79000473022461,-72.75234985351562,163.90235900878906,-57.94484329223633,-73.23480987548828,165.412353515625
1711476107.0579982,30.630001068115234,-39.81752014160156,148.09483337402344,-27.235153198242188,-62.16236114501953,149.8599853515625,56.79000473022461,-72.75234985351562,163.90235900878906,-57.94484329223633,-73.23480987548828,165.412353515625
1711476107.068018,30.630001068115234,-39.81752014160156,148.09483337402344,-27.235153198242188,-62.16236114501953,149.8599853515625,56.79000473022461,-72.75234985351562,163.90235900878906,-57.94484329223633,-73.23480987548828,165.412353515625
1711476107.0779793,30.630001068115234,-39.81752014160156,148.09483337402344,-27.235153198242188,-62.16236114501953,149.8599853515625,56.79000473022461,-72.75234985351562,163.90235900878906,-57.94484329223633,-73.23480987548828,165.412353515625
1711476107.0879765,30.630001068115234,-39.81752014160156,148.09483337402344,-27.235153198242188,-62.16236114501953,149.8599853515625,56.79000473022461,-72.75234985351562,163.90235900878906,-57.94484329223633,-73.23480987548828,165.412353515625
1711476107.0979896,30.630001068115234,-39.81752014160156,148.09483337402344,-27.235153198242188,-62.16236114501953,149.8599853515625,56.79000473022461,-72.75234985351562,163.90235900878906,-57.94484329223633,-73.23480987548828,165.412353515625
1711476107.1081083,30.630001068115234,-39.81752014160156,148.09483337402344,-27.235153198242188,-62.16236114501953,149.8599853515625,56.79000473022461,-72.75234985351562,163.90235900878906,-57.94484329223633,-73.23480987548828,165.412353515625
1711476107.117999,30.630001068115234,-39.81752014160156,148.09483337402344,-27.235153198242188,-62.16236114501953,149.8599853515625,56.79000473022461,-72.75234985351562,163.90235900878906,-57.94484329223633,-73.23480987548828,165.412353515625
1711476107.1279864,30.630001068115234,-39.81752014160156,148.09483337402344,-27.235153198242188,-62.16236114501953,149.8599853515625,56.79000473022461,-72.75234985351562,163.90235900878906,-57.94484329223633,-73.23480987548828,165.412353515625
1711476107.1379945,30.630001068115234,-39.81752014160156,148.09483337402344,-27.235153198242188,-62.16236114501953,149.8599853515625,56.79000473022461,-72.75234985351562,163.90235900878906,-57.94484329223633,-73.23480987548828,165.412353515625
1711476107.147996,30.630001068115234,-39.81752014160156,148.09483337402344,-27.235153198242188,-62.16236114501953,149.8599853515625,56.79000473022461,-72.75234985351562,163.90235900878906,-57.94484329223633,-73.23480987548828,165.412353515625
1711476107.157984,30.630001068115234,-39.81752014160156,148.09483337402344,-27.235153198242188,-62.16236114501953,149.8599853515625,56.79000473022461,-72.75234985351562,163.90235900878906,-57.94484329223633,-73.23480987548828,165.412353515625
1711476107.1680026,30.630001068115234,-39.81752014160156,148.09483337402344,-27.235153198242188,-62.16236114501953,149.8599853515625,56.79000473022461,-72.75234985351562,163.90235900878906,-57.94484329223633,-73.23480987548828,165.412353515625
1711476107.1779974,30.630001068115234,-39.81752014160156,148.09483337402344,-27.235153198242188,-62.16236114501953,149.8599853515625,56.79000473022461,-72.75234985351562,163.90235900878906,-57.94484329223633,-73.23480987548828,165.412353515625
1711476107.1879978,30.630001068115234,-39.81752014160156,148.09483337402344,-27.235153198242188,-62.16236114501953,149.8599853515625,56.79000473022461,-72.75234985351562,163.90235900878906,-57.94484329223633,-73.23480987548828,165.412353515625
1711476107.1980193,30.630001068115234,-39.81752014160156,148.09483337402344,-27.235153198242188,-62.16236114501953,149.8599853515625,56.79000473022461,-72.75234985351562,163.90235900878906,-57.94484329223633,-73.23480987548828,165.412353515625
1711476107.208081,30.630001068115234,-39.81752014160156,148.09483337402344,-27.235153198242188,-62.16236114501953,149.8599853515625,56.79000473022461,-72.75234985351562,163.90235900878906,-57.94484329223633,-73.23480987548828,165.412353515625
1711476107.2179928,30.630001068115234,-39.81752014160156,148.09483337402344,-27.235153198242188,-62.16236114501953,149.8599853515625,56.79000473022461,-72.75234985351562,163.90235900878906,-57.94484329223633,-73.23480987548828,165.412353515625
1711476107.2279992,30.630001068115234,-39.81752014160156,148.09483337402344,-27.235153198242188,-62.16236114501953,149.8599853515625,56.79000473022461,-72.75234985351562,163.90235900878906,-57.94484329223633,-73.23480987548828,165.412353515625
1711476107.2380352,30.630001068115234,-39.81752014160156,148.09483337402344,-27.235153198242188,-62.16236114501953,149.8599853515625,56.79000473022461,-72.75234985351562,163.90235900878906,-57.94484329223633,-73.23480987548828,165.412353515625
1711476107.248144,30.630001068115234,-39.81752014160156,148.09483337402344,-27.235153198242188,-62.16236114501953,149.8599853515625,56.79000473022461,-72.75234985351562,163.90235900878906,-57.94484329223633,-73.23480987548828,165.412353515625
1711476107.2579865,30.630001068115234,-39.81752014160156,148.09483337402344,-27.235153198242188,-62.16236114501953,149.8599853515625,56.79000473022461,-72.75234985351562,163.90235900878906,-57.94484329223633,-73.23480987548828,165.412353515625
1711476107.2680113,30.630001068115234,-39.81752014160156,148.09483337402344,-27.235153198242188,-62.16236114501953,149.8599853515625,56.79000473022461,-72.75234985351562,163.90235900878906,-57.94484329223633,-73.23480987548828,165.412353515625
1711476107.2779984,30.630001068115234,-39.81752014160156,148.09483337402344,-27.235153198242188,-62.16236114501953,149.8599853515625,56.79000473022461,-72.75234985351562,163.90235900878906,-57.94484329223633,-73.23480987548828,165.412353515625
1711476107.2879884,30.630001068115234,-39.81752014160156,148.09483337402344,-27.235153198242188,-62.16236114501953,149.8599853515625,56.79000473022461,-72.75234985351562,163.90235900878906,-57.94484329223633,-73.23480987548828,165.412353515625
1711476107.2980123,30.630001068115234,-39.81752014160156,148.09483337402344,-27.235153198242188,-62.16236114501953,149.8599853515625,56.79000473022461,-72.75234985351562,163.90235900878906,-57.94484329223633,-73.23480987548828,165.412353515625
1711476107.3080134,30.630001068115234,-39.81752014160156,148.09483337402344,-27.235153198242188,-62.16236114501953,149.8599853515625,56.79000473022461,-72.75234985351562,163.90235900878906,-57.94484329223633,-73.23480987548828,165.412353515625
1711476107.3180165,30.630001068115234,-39.81752014160156,148.09483337402344,-27.235153198242188,-62.16236114501953,149.8599853515625,56.79000473022461,-72.75234985351562,163.90235900878906,-57.94484329223633,-73.23480987548828,165.412353515625
1711476107.327999,30.630001068115234,-39.81752014160156,148.09483337402344,-27.235153198242188,-62.16236114501953,149.8599853515625,56.79000473022461,-72.75234985351562,163.90235900878906,-57.94484329223633,-73.23480987548828,165.412353515625
1711476107.338075,30.630001068115234,-39.81752014160156,148.09483337402344,-27.235153198242188,-62.16236114501953,149.8599853515625,56.79000473022461,-72.75234985351562,163.90235900878906,-57.94484329223633,-73.23480987548828,165.412353515625
1711476107.348006,30.630001068115234,-39.81752014160156,148.09483337402344,-27.235153198242188,-62.16236114501953,149.8599853515625,56.79000473022461,-72.75234985351562,163.90235900878906,-57.94484329223633,-73.23480987548828,165.412353515625
1711476107.357904,30.630001068115234,-39.81752014160156,148.09483337402344,-27.235153198242188,-62.16236114501953,149.8599853515625,56.79000473022461,-72.75234985351562,163.90235900878906,-57.94484329223633,-73.23480987548828,165.412353515625
1711476107.3681114,30.630001068115234,-39.81752014160156,148.09483337402344,-27.235153198242188,-62.16236114501953,149.8599853515625,56.79000473022461,-72.75234985351562,163.90235900878906,-57.94484329223633,-73.23480987548828,165.412353515625
1711476107.3780098,30.630001068115234,-39.81752014160156,148.09483337402344,-27.235153198242188,-62.16236114501953,149.8599853515625,56.79000473022461,-72.75234985351562,163.90235900878906,-57.94484329223633,-73.23480987548828,165.412353515625
1711476107.3879962,30.630001068115234,-39.81752014160156,148.09483337402344,-27.235153198242188,-62.16236114501953,149.8599853515625,56.79000473022461,-72.75234985351562,163.90235900878906,-57.94484329223633,-73.23480987548828,165.412353515625
1711476107.3979979,30.630001068115234,-39.81752014160156,148.09483337402344,-27.235153198242188,-62.16236114501953,149.8599853515625,56.79000473022461,-72.75234985351562,163.90235900878906,-57.94484329223633,-73.23480987548828,165.412353515625
1711476107.4080079,30.630001068115234,-39.81752014160156,148.09483337402344,-27.235153198242188,-62.16236114501953,149.8599853515625,56.79000473022461,-72.75234985351562,163.90235900878906,-57.94484329223633,-73.23480987548828,165.412353515625
1711476107.4180212,30.630001068115234,-39.81752014160156,148.09483337402344,-27.235153198242188,-62.16236114501953,149.8599853515625,56.79000473022461,-72.75234985351562,163.90235900878906,-57.94484329223633,-73.23480987548828,165.412353515625
1711476107.4280279,30.630001068115234,-39.81752014160156,148.09483337402344,-27.235153198242188,-62.16236114501953,149.8599853515625,56.79000473022461,-72.75234985351562,163.90235900878906,-57.94484329223633,-73.23480987548828,165.412353515625
1711476107.4380062,30.630001068115234,-39.81752014160156,148.09483337402344,-27.235153198242188,-62.16236114501953,149.8599853515625,56.79000473022461,-72.75234985351562,163.90235900878906,-57.94484329223633,-73.23480987548828,165.412353515625
1711476107.4480057,30.630001068115234,-39.81752014160156,148.09483337402344,-27.235153198242188,-62.16236114501953,149.8599853515625,56.79000473022461,-72.75234985351562,163.90235900878906,-57.94484329223633,-73.23480987548828,165.412353515625
1711476107.4579933,30.630001068115234,-39.81752014160156,148.09483337402344,-27.235153198242188,-62.16236114501953,149.8599853515625,56.79000473022461,-72.75234985351562,163.90235900878906,-57.94484329223633,-73.23480987548828,165.412353515625
1711476107.4680533,30.630001068115234,-39.81752014160156,148.09483337402344,-27.235153198242188,-62.16236114501953,149.8599853515625,56.79000473022461,-72.75234985351562,163.90235900878906,-57.94484329223633,-73.23480987548828,165.412353515625
1711476107.478004,30.630001068115234,-39.81752014160156,148.09483337402344,-27.235153198242188,-62.16236114501953,149.8599853515625,56.79000473022461,-72.75234985351562,163.90235900878906,-57.94484329223633,-73.23480987548828,165.412353515625
1711476107.4880111,30.630001068115234,-39.81752014160156,148.09483337402344,-27.235153198242188,-62.16236114501953,149.8599853515625,56.79000473022461,-72.75234985351562,163.90235900878906,-57.94484329223633,-73.23480987548828,165.412353515625
1711476107.4980304,30.630001068115234,-39.81752014160156,148.09483337402344,-27.235153198242188,-62.16236114501953,149.8599853515625,56.79000473022461,-72.75234985351562,163.90235900878906,-57.94484329223633,-73.23480987548828,165.412353515625
1711476107.508339,30.630001068115234,-39.81752014160156,148.09483337402344,-27.235153198242188,-62.16236114501953,149.8599853515625,56.79000473022461,-72.75234985351562,163.90235900878906,-57.94484329223633,-73.23480987548828,165.412353515625
1711476107.5180266,30.630001068115234,-39.81752014160156,148.09483337402344,-27.235153198242188,-62.16236114501953,149.8599853515625,56.79000473022461,-72.75234985351562,163.90235900878906,-57.94484329223633,-73.23480987548828,165.412353515625
1711476107.5280192,30.630001068115234,-39.81752014160156,148.09483337402344,-27.235153198242188,-62.16236114501953,149.8599853515625,56.79000473022461,-72.75234985351562,163.90235900878906,-57.94484329223633,-73.23480987548828,165.412353515625
1711476107.5380385,30.630001068115234,-39.81752014160156,148.09483337402344,-27.235153198242188,-62.16236114501953,149.8599853515625,56.79000473022461,-72.75234985351562,163.90235900878906,-57.94484329223633,-73.23480987548828,165.412353515625
1711476107.5480056,30.630001068115234,-39.81752014160156,148.09483337402344,-27.235153198242188,-62.16236114501953,149.8599853515625,56.79000473022461,-72.75234985351562,163.90235900878906,-57.94484329223633,-73.23480987548828,165.412353515625
1711476107.5579998,30.630001068115234,-39.81752014160156,148.09483337402344,-27.235153198242188,-62.16236114501953,149.8599853515625,56.79000473022461,-72.75234985351562,163.90235900878906,-57.94484329223633,-73.23480987548828,165.412353515625
1711476107.5680518,30.630001068115234,-39.81752014160156,148.09483337402344,-27.235153198242188,-62.16236114501953,149.8599853515625,56.79000473022461,-72.75234985351562,163.90235900878906,-57.94484329223633,-73.23480987548828,165.412353515625
1711476107.578023,30.630001068115234,-39.81752014160156,148.09483337402344,-27.235153198242188,-62.16236114501953,149.8599853515625,56.79000473022461,-72.75234985351562,163.90235900878906,-57.94484329223633,-73.23480987548828,165.412353515625
1711476107.5880158,30.630001068115234,-39.81752014160156,148.09483337402344,-27.235153198242188,-62.16236114501953,149.8599853515625,56.79000473022461,-72.75234985351562,163.90235900878906,-57.94484329223633,-73.23480987548828,165.412353515625
1711476107.5980546,30.630001068115234,-39.81752014160156,148.09483337402344,-27.235153198242188,-62.16236114501953,149.8599853515625,56.79000473022461,-72.75234985351562,163.90235900878906,-57.94484329223633,-73.23480987548828,165.412353515625
1711476107.6080334,30.630001068115234,-39.81752014160156,148.09483337402344,-27.235153198242188,-62.16236114501953,149.8599853515625,56.79000473022461,-72.75234985351562,163.90235900878906,-57.94484329223633,-73.23480987548828,165.412353515625
1711476107.618026,30.630001068115234,-39.81752014160156,148.09483337402344,-27.235153198242188,-62.16236114501953,149.8599853515625,56.79000473022461,-72.75234985351562,163.90235900878906,-57.94484329223633,-73.23480987548828,165.412353515625
1711476107.6280234,30.630001068115234,-39.81752014160156,148.09483337402344,-27.235153198242188,-62.16236114501953,149.8599853515625,56.79000473022461,-72.75234985351562,163.90235900878906,-57.94484329223633,-73.23480987548828,165.412353515625
1711476107.638052,30.630001068115234,-39.81752014160156,148.09483337402344,-27.235153198242188,-62.16236114501953,149.8599853515625,56.79000473022461,-72.75234985351562,163.90235900878906,-57.94484329223633,-73.23480987548828,165.412353515625
1711476107.6480362,30.630001068115234,-39.81752014160156,148.09483337402344,-27.235153198242188,-62.16236114501953,149.8599853515625,56.79000473022461,-72.75234985351562,163.90235900878906,-57.94484329223633,-73.23480987548828,165.412353515625
1711476107.6580322,30.630001068115234,-39.81752014160156,148.09483337402344,-27.235153198242188,-62.16236114501953,149.8599853515625,56.79000473022461,-72.75234985351562,163.90235900878906,-57.94484329223633,-73.23480987548828,165.412353515625
1711476107.6681,30.630001068115234,-39.81752014160156,148.09483337402344,-27.235153198242188,-62.16236114501953,149.8599853515625,56.79000473022461,-72.75234985351562,163.90235900878906,-57.94484329223633,-73.23480987548828,165.412353515625
1711476107.678026,30.630001068115234,-39.81752014160156,148.09483337402344,-27.235153198242188,-62.16236114501953,149.8599853515625,56.79000473022461,-72.75234985351562,163.90235900878906,-57.94484329223633,-73.23480987548828,165.412353515625
1711476107.6880078,30.630001068115234,-39.81752014160156,148.09483337402344,-27.235153198242188,-62.16236114501953,149.8599853515625,56.79000473022461,-72.75234985351562,163.90235900878906,-57.94484329223633,-73.23480987548828,165.412353515625
1711476107.6981354,30.630001068115234,-39.81752014160156,148.09483337402344,-27.235153198242188,-62.16236114501953,149.8599853515625,56.79000473022461,-72.75234985351562,163.90235900878906,-57.94484329223633,-73.23480987548828,165.412353515625
1711476107.7080672,30.630001068115234,-39.81752014160156,148.09483337402344,-27.235153198242188,-62.16236114501953,149.8599853515625,56.79000473022461,-72.75234985351562,163.90235900878906,-57.94484329223633,-73.23480987548828,165.412353515625
1711476107.7180521,30.630001068115234,-39.81752014160156,148.09483337402344,-27.235153198242188,-62.16236114501953,149.8599853515625,56.79000473022461,-72.75234985351562,163.90235900878906,-57.94484329223633,-73.23480987548828,165.412353515625
1711476107.7280223,30.630001068115234,-39.81752014160156,148.09483337402344,-27.235153198242188,-62.16236114501953,149.8599853515625,56.79000473022461,-72.75234985351562,163.90235900878906,-57.94484329223633,-73.23480987548828,165.412353515625
1711476107.738015,30.630001068115234,-39.81752014160156,148.09483337402344,-27.235153198242188,-62.16236114501953,149.8599853515625,56.79000473022461,-72.75234985351562,163.90235900878906,-57.94484329223633,-73.23480987548828,165.412353515625
1711476107.7480502,30.630001068115234,-39.81752014160156,148.09483337402344,-27.235153198242188,-62.16236114501953,149.8599853515625,56.79000473022461,-72.75234985351562,163.90235900878906,-57.94484329223633,-73.23480987548828,165.412353515625
1711476107.7580183,30.630001068115234,-39.81752014160156,148.09483337402344,-27.235153198242188,-62.16236114501953,149.8599853515625,56.79000473022461,-72.75234985351562,163.90235900878906,-57.94484329223633,-73.23480987548828,165.412353515625
1711476107.7680337,30.630001068115234,-39.81752014160156,148.09483337402344,-27.235153198242188,-62.16236114501953,149.8599853515625,56.79000473022461,-72.75234985351562,163.90235900878906,-57.94484329223633,-73.23480987548828,165.412353515625
1711476107.7780664,30.630001068115234,-39.81752014160156,148.09483337402344,-27.235153198242188,-62.16236114501953,149.8599853515625,56.79000473022461,-72.75234985351562,163.90235900878906,-57.94484329223633,-73.23480987548828,165.412353515625
1711476107.7880292,30.630001068115234,-39.81752014160156,148.09483337402344,-27.235153198242188,-62.16236114501953,149.8599853515625,56.79000473022461,-72.75234985351562,163.90235900878906,-57.94484329223633,-73.23480987548828,165.412353515625
1711476107.7980244,30.630001068115234,-39.81752014160156,148.09483337402344,-27.235153198242188,-62.16236114501953,149.8599853515625,56.79000473022461,-72.75234985351562,163.90235900878906,-57.94484329223633,-73.23480987548828,165.412353515625
1711476107.808035,30.630001068115234,-39.81752014160156,148.09483337402344,-27.235153198242188,-62.16236114501953,149.8599853515625,56.79000473022461,-72.75234985351562,163.90235900878906,-57.94484329223633,-73.23480987548828,165.412353515625
1711476107.8180292,30.630001068115234,-39.81752014160156,148.09483337402344,-27.235153198242188,-62.16236114501953,149.8599853515625,56.79000473022461,-72.75234985351562,163.90235900878906,-57.94484329223633,-73.23480987548828,165.412353515625
1711476107.828045,30.630001068115234,-39.81752014160156,148.09483337402344,-27.235153198242188,-62.16236114501953,149.8599853515625,56.79000473022461,-72.75234985351562,163.90235900878906,-57.94484329223633,-73.23480987548828,165.412353515625
1711476107.8383412,30.630001068115234,-39.81752014160156,148.09483337402344,-27.235153198242188,-62.16236114501953,149.8599853515625,56.79000473022461,-72.75234985351562,163.90235900878906,-57.94484329223633,-73.23480987548828,165.412353515625
1711476107.8480535,30.630001068115234,-39.81752014160156,148.09483337402344,-27.235153198242188,-62.16236114501953,149.8599853515625,56.79000473022461,-72.75234985351562,163.90235900878906,-57.94484329223633,-73.23480987548828,165.412353515625
1711476107.8580427,30.630001068115234,-39.81752014160156,148.09483337402344,-27.235153198242188,-62.16236114501953,149.8599853515625,56.79000473022461,-72.75234985351562,163.90235900878906,-57.94484329223633,-73.23480987548828,165.412353515625
1711476107.8680542,30.630001068115234,-39.81752014160156,148.09483337402344,-27.235153198242188,-62.16236114501953,149.8599853515625,56.79000473022461,-72.75234985351562,163.90235900878906,-57.94484329223633,-73.23480987548828,165.412353515625
1711476107.8780305,30.630001068115234,-39.81752014160156,148.09483337402344,-27.235153198242188,-62.16236114501953,149.8599853515625,56.79000473022461,-72.75234985351562,163.90235900878906,-57.94484329223633,-73.23480987548828,165.412353515625
1711476107.8880274,30.630001068115234,-39.81752014160156,148.09483337402344,-27.235153198242188,-62.16236114501953,149.8599853515625,56.79000473022461,-72.75234985351562,163.90235900878906,-57.94484329223633,-73.23480987548828,165.412353515625
1711476107.8980339,30.630001068115234,-39.81752014160156,148.09483337402344,-27.235153198242188,-62.16236114501953,149.8599853515625,56.79000473022461,-72.75234985351562,163.90235900878906,-57.94484329223633,-73.23480987548828,165.412353515625
1711476107.9080343,30.630001068115234,-39.81752014160156,148.09483337402344,-27.235153198242188,-62.16236114501953,149.8599853515625,56.79000473022461,-72.75234985351562,163.90235900878906,-57.94484329223633,-73.23480987548828,165.412353515625
1711476107.9180465,30.630001068115234,-39.81752014160156,148.09483337402344,-27.235153198242188,-62.16236114501953,149.8599853515625,56.79000473022461,-72.75234985351562,163.90235900878906,-57.94484329223633,-73.23480987548828,165.412353515625
1711476107.9280596,30.630001068115234,-39.81752014160156,148.09483337402344,-27.235153198242188,-62.16236114501953,149.8599853515625,56.79000473022461,-72.75234985351562,163.90235900878906,-57.94484329223633,-73.23480987548828,165.412353515625
1711476107.9380364,30.630001068115234,-39.81752014160156,148.09483337402344,-27.235153198242188,-62.16236114501953,149.8599853515625,56.79000473022461,-72.75234985351562,163.90235900878906,-57.94484329223633,-73.23480987548828,165.412353515625
1711476107.9480314,30.630001068115234,-39.81752014160156,148.09483337402344,-27.235153198242188,-62.16236114501953,149.8599853515625,56.79000473022461,-72.75234985351562,163.90235900878906,-57.94484329223633,-73.23480987548828,165.412353515625
1711476107.9580212,30.630001068115234,-39.81752014160156,148.09483337402344,-27.235153198242188,-62.16236114501953,149.8599853515625,56.79000473022461,-72.75234985351562,163.90235900878906,-57.94484329223633,-73.23480987548828,165.412353515625
1711476107.968031,30.630001068115234,-39.81752014160156,148.09483337402344,-27.235153198242188,-62.16236114501953,149.8599853515625,56.79000473022461,-72.75234985351562,163.90235900878906,-57.94484329223633,-73.23480987548828,165.412353515625
1711476107.9780357,30.630001068115234,-39.81752014160156,148.09483337402344,-27.235153198242188,-62.16236114501953,149.8599853515625,56.79000473022461,-72.75234985351562,163.90235900878906,-57.94484329223633,-73.23480987548828,165.412353515625
1711476107.9880245,30.630001068115234,-39.81752014160156,148.09483337402344,-27.235153198242188,-62.16236114501953,149.8599853515625,56.79000473022461,-72.75234985351562,163.90235900878906,-57.94484329223633,-73.23480987548828,165.412353515625
1711476107.9980419,30.630001068115234,-39.81752014160156,148.09483337402344,-27.235153198242188,-62.16236114501953,149.8599853515625,56.79000473022461,-72.75234985351562,163.90235900878906,-57.94484329223633,-73.23480987548828,165.412353515625
1711476108.0080297,30.630001068115234,-39.81752014160156,148.09483337402344,-27.235153198242188,-62.16236114501953,149.8599853515625,56.79000473022461,-72.75234985351562,163.90235900878906,-57.94484329223633,-73.23480987548828,165.412353515625
1711476108.0180488,30.630001068115234,-39.81752014160156,148.09483337402344,-27.235153198242188,-62.17970657348633,149.8599853515625,56.79000473022461,-72.75234985351562,163.90235900878906,-57.94484329223633,-73.23480987548828,165.412353515625
1711476108.0280454,30.630001068115234,-39.81752014160156,148.09483337402344,-27.235153198242188,-62.17751693725586,149.8599853515625,56.79000473022461,-72.75234985351562,163.90235900878906,-57.94484329223633,-73.23480987548828,165.412353515625
1711476108.0380566,30.630001068115234,-39.81752014160156,148.09483337402344,-27.235153198242188,-62.17751693725586,149.8599853515625,56.79000473022461,-72.75234985351562,163.90235900878906,-57.94484329223633,-73.23480987548828,165.412353515625
1711476108.0480478,30.630001068115234,-39.81752014160156,148.09483337402344,-27.235153198242188,-62.17751693725586,149.8599853515625,56.79000473022461,-72.75234985351562,163.90235900878906,-57.94484329223633,-73.23480987548828,165.412353515625
1711476108.0581021,30.630001068115234,-39.81752014160156,148.09483337402344,-27.235153198242188,-62.17751693725586,149.8599853515625,56.79000473022461,-72.75234985351562,163.90235900878906,-57.94484329223633,-73.23480987548828,165.412353515625
1711476108.0680654,30.630001068115234,-39.81752014160156,148.09483337402344,-27.235153198242188,-62.17751693725586,149.8599853515625,56.79000473022461,-72.75234985351562,163.90235900878906,-57.94484329223633,-73.23480987548828,165.412353515625
1711476108.078047,30.630001068115234,-39.81752014160156,148.09483337402344,-27.235153198242188,-62.17751693725586,149.8599853515625,56.79000473022461,-72.75234985351562,163.90235900878906,-57.94484329223633,-73.23480987548828,165.412353515625
1711476108.0880246,30.630001068115234,-39.81752014160156,148.09483337402344,-27.235153198242188,-62.17751693725586,149.8599853515625,56.79000473022461,-72.75234985351562,163.90235900878906,-57.94484329223633,-73.23480987548828,165.412353515625
1711476108.098051,30.630001068115234,-39.81752014160156,148.09483337402344,-27.235153198242188,-62.17751693725586,149.8599853515625,56.79000473022461,-72.75234985351562,163.90235900878906,-57.94484329223633,-73.23480987548828,165.412353515625
1711476108.108038,30.630001068115234,-39.81752014160156,148.09483337402344,-27.235153198242188,-62.17751693725586,149.8599853515625,56.79000473022461,-72.75234985351562,163.90235900878906,-57.94484329223633,-73.23480987548828,165.412353515625
1711476108.1180446,30.630001068115234,-39.81752014160156,148.09483337402344,-27.235153198242188,-62.17751693725586,149.8599853515625,56.79000473022461,-72.75234985351562,163.90235900878906,-57.94484329223633,-73.23480987548828,165.412353515625
1711476108.1280406,30.630001068115234,-39.81752014160156,148.09483337402344,-27.235153198242188,-62.17751693725586,149.8599853515625,56.79000473022461,-72.75234985351562,163.90235900878906,-57.94484329223633,-73.23480987548828,165.412353515625
1711476108.1380422,30.630001068115234,-39.81752014160156,148.09483337402344,-27.235153198242188,-62.17751693725586,149.8599853515625,56.79000473022461,-72.75234985351562,163.90235900878906,-57.94484329223633,-73.23480987548828,165.412353515625
1711476108.1480522,30.630001068115234,-39.81752014160156,148.09483337402344,-27.222965240478516,-62.17751693725586,149.8599853515625,56.79000473022461,-72.75234985351562,163.90235900878906,-57.94484329223633,-73.23480987548828,165.412353515625
1711476108.1580493,30.630001068115234,-39.81752014160156,148.09483337402344,-27.219993591308594,-62.17751693725586,149.8599853515625,56.79000473022461,-72.75234985351562,163.90235900878906,-57.94484329223633,-73.23480987548828,165.412353515625
1711476108.168076,30.630001068115234,-39.81752014160156,148.09483337402344,-27.219993591308594,-62.17751693725586,149.8599853515625,56.79000473022461,-72.75234985351562,163.90235900878906,-57.94484329223633,-73.23480987548828,165.412353515625
1711476108.1780863,30.630001068115234,-39.81752014160156,148.09483337402344,-27.219993591308594,-62.17751693725586,149.8599853515625,56.79000473022461,-72.75234985351562,163.90235900878906,-57.94484329223633,-73.23480987548828,165.412353515625
1711476108.188048,30.630001068115234,-39.81752014160156,148.09483337402344,-27.219993591308594,-62.17751693725586,149.8599853515625,56.79000473022461,-72.75234985351562,163.90235900878906,-57.94484329223633,-73.23480987548828,165.412353515625
1711476108.1980762,30.630001068115234,-39.81752014160156,148.09483337402344,-27.219993591308594,-62.17751693725586,149.8599853515625,56.79000473022461,-72.75234985351562,163.90235900878906,-57.94484329223633,-73.23480987548828,165.412353515625
1711476108.2080617,30.630001068115234,-39.81752014160156,148.09483337402344,-27.219993591308594,-62.17751693725586,149.8599853515625,56.79000473022461,-72.75234985351562,163.90235900878906,-57.94484329223633,-73.23480987548828,165.412353515625
1711476108.218073,30.630001068115234,-39.81752014160156,148.09483337402344,-27.219993591308594,-62.17751693725586,149.8599853515625,56.79000473022461,-72.75234985351562,163.90235900878906,-57.94484329223633,-73.23480987548828,165.412353515625
1711476108.2280514,30.630001068115234,-39.81752014160156,148.09483337402344,-27.219993591308594,-62.17751693725586,149.8599853515625,56.79000473022461,-72.75234985351562,163.90235900878906,-57.94484329223633,-73.23480987548828,165.412353515625
1711476108.238573,30.630001068115234,-39.81752014160156,148.09483337402344,-27.219993591308594,-62.17751693725586,149.8599853515625,56.79000473022461,-72.75234985351562,163.90235900878906,-57.94484329223633,-73.23480987548828,165.412353515625
1711476108.248056,30.630001068115234,-39.81752014160156,148.09483337402344,-27.219993591308594,-62.17751693725586,149.8599853515625,56.79000473022461,-72.75234985351562,163.90235900878906,-57.94484329223633,-73.23480987548828,165.412353515625
1711476108.2580488,30.630001068115234,-39.81752014160156,148.09483337402344,-27.219993591308594,-62.17751693725586,149.8599853515625,56.79000473022461,-72.75234985351562,163.90235900878906,-57.94484329223633,-73.23480987548828,165.412353515625
1711476108.268062,30.630001068115234,-39.81752014160156,148.09483337402344,-27.219993591308594,-62.17751693725586,149.8599853515625,56.79000473022461,-72.75234985351562,163.90235900878906,-57.94484329223633,-73.23480987548828,165.412353515625
1711476108.278045,30.630001068115234,-39.81752014160156,148.09483337402344,-27.219993591308594,-62.17751693725586,149.8599853515625,56.79000473022461,-72.75234985351562,163.90235900878906,-57.94484329223633,-73.23480987548828,165.412353515625
1711476108.2880595,30.630001068115234,-39.81752014160156,148.09483337402344,-27.219993591308594,-62.17751693725586,149.8599853515625,56.79000473022461,-72.75234985351562,163.90235900878906,-57.94484329223633,-73.23480987548828,165.412353515625
1711476108.2980402,30.630001068115234,-39.81752014160156,148.09483337402344,-27.219993591308594,-62.17751693725586,149.8599853515625,56.79000473022461,-72.75234985351562,163.90235900878906,-57.94484329223633,-73.23480987548828,165.412353515625
1711476108.3080726,30.630001068115234,-39.81752014160156,148.09483337402344,-27.219993591308594,-62.17751693725586,149.8599853515625,56.79000473022461,-72.75234985351562,163.90235900878906,-57.94484329223633,-73.23480987548828,165.412353515625
1711476108.3180475,30.630001068115234,-39.81752014160156,148.09483337402344,-27.219993591308594,-62.17751693725586,149.8599853515625,56.79000473022461,-72.75234985351562,163.90235900878906,-57.94484329223633,-73.23480987548828,165.412353515625
1711476108.3280547,30.630001068115234,-39.81752014160156,148.09483337402344,-27.219993591308594,-62.17751693725586,149.8599853515625,56.79000473022461,-72.75234985351562,163.90235900878906,-57.94484329223633,-73.23480987548828,165.412353515625
1711476108.3380666,30.630001068115234,-39.81752014160156,148.09483337402344,-27.219993591308594,-62.17751693725586,149.8599853515625,56.79000473022461,-72.75234985351562,163.90235900878906,-57.94484329223633,-73.23480987548828,165.412353515625
1711476108.3480704,30.630001068115234,-39.81752014160156,148.09483337402344,-27.219993591308594,-62.17751693725586,149.8599853515625,56.79000473022461,-72.75234985351562,163.90235900878906,-57.94484329223633,-73.23480987548828,165.412353515625
1711476108.358053,30.630001068115234,-39.81752014160156,148.09483337402344,-27.219993591308594,-62.17751693725586,149.8599853515625,56.79000473022461,-72.75234985351562,163.90235900878906,-57.94484329223633,-73.23480987548828,165.412353515625
1711476108.3680692,30.630001068115234,-39.81752014160156,148.09483337402344,-27.219993591308594,-62.17751693725586,149.8599853515625,56.79000473022461,-72.75234985351562,163.90235900878906,-57.94484329223633,-73.23480987548828,165.412353515625
1711476108.3780618,30.630001068115234,-39.81752014160156,148.09483337402344,-27.219993591308594,-62.17751693725586,149.8599853515625,56.79000473022461,-72.75234985351562,163.90235900878906,-57.94484329223633,-73.23480987548828,165.412353515625
1711476108.388051,30.630001068115234,-39.81752014160156,148.09483337402344,-27.219993591308594,-62.17751693725586,149.8599853515625,56.79000473022461,-72.75234985351562,163.90235900878906,-57.94484329223633,-73.23480987548828,165.412353515625
1711476108.398092,30.630001068115234,-39.81752014160156,148.09483337402344,-27.219993591308594,-62.17751693725586,149.8599853515625,56.79000473022461,-72.75234985351562,163.90235900878906,-57.94484329223633,-73.23480987548828,165.412353515625
1711476108.4080784,30.630001068115234,-39.81752014160156,148.09483337402344,-27.219993591308594,-62.17751693725586,149.8599853515625,56.79000473022461,-72.75234985351562,163.90235900878906,-57.94484329223633,-73.23480987548828,165.412353515625
1711476108.4180708,30.630001068115234,-39.81752014160156,148.09483337402344,-27.219993591308594,-62.17751693725586,149.8599853515625,56.79000473022461,-72.75234985351562,163.90235900878906,-57.94484329223633,-73.23480987548828,165.412353515625
1711476108.4282963,30.630001068115234,-39.81752014160156,148.09483337402344,-27.219993591308594,-62.17751693725586,149.8599853515625,56.79000473022461,-72.75234985351562,163.90235900878906,-57.94484329223633,-73.23480987548828,165.412353515625
1711476108.4380708,30.630001068115234,-39.81752014160156,148.09483337402344,-27.219993591308594,-62.17751693725586,149.8599853515625,56.79000473022461,-72.75234985351562,163.90235900878906,-57.94484329223633,-73.23480987548828,165.412353515625
1711476108.4481204,30.630001068115234,-39.81752014160156,148.09483337402344,-27.219993591308594,-62.17751693725586,149.8599853515625,56.79000473022461,-72.75234985351562,163.90235900878906,-57.94484329223633,-73.23480987548828,165.412353515625
1711476108.4580562,30.630001068115234,-39.81752014160156,148.09483337402344,-27.219993591308594,-62.17751693725586,149.8599853515625,56.79000473022461,-72.75234985351562,163.90235900878906,-57.94484329223633,-73.23480987548828,165.412353515625
1711476108.4680612,30.630001068115234,-39.81752014160156,148.09483337402344,-27.219993591308594,-62.17751693725586,149.8599853515625,56.79000473022461,-72.75234985351562,163.90235900878906,-57.94484329223633,-73.23480987548828,165.412353515625
1711476108.4781983,30.630001068115234,-39.81752014160156,148.09483337402344,-27.219993591308594,-62.17751693725586,149.8599853515625,56.79000473022461,-72.75234985351562,163.90235900878906,-57.94484329223633,-73.23480987548828,165.412353515625
1711476108.4880564,30.630001068115234,-39.81752014160156,148.09483337402344,-27.219993591308594,-62.17751693725586,149.8599853515625,56.79000473022461,-72.75234985351562,163.90235900878906,-57.94484329223633,-73.23480987548828,165.412353515625
1711476108.498087,30.630001068115234,-39.81752014160156,148.09483337402344,-27.219993591308594,-62.17751693725586,149.8599853515625,56.79000473022461,-72.75234985351562,163.90235900878906,-57.94484329223633,-73.23480987548828,165.412353515625
1711476108.5080705,30.630001068115234,-39.81752014160156,148.09483337402344,-27.219993591308594,-62.17751693725586,149.8599853515625,56.79000473022461,-72.75234985351562,163.90235900878906,-57.94484329223633,-73.23480987548828,165.412353515625
1711476108.5180542,30.630001068115234,-39.81752014160156,148.09483337402344,-27.219993591308594,-62.17751693725586,149.8599853515625,56.79000473022461,-72.75234985351562,163.90235900878906,-57.94484329223633,-73.23480987548828,165.412353515625
1711476108.5280678,30.630001068115234,-39.81752014160156,148.09483337402344,-27.219993591308594,-62.17751693725586,149.8599853515625,56.79000473022461,-72.75234985351562,163.90235900878906,-57.94484329223633,-73.23480987548828,165.412353515625
1711476108.538068,30.630001068115234,-39.81752014160156,148.09483337402344,-27.219993591308594,-62.17751693725586,149.8599853515625,56.79000473022461,-72.75234985351562,163.90235900878906,-57.94484329223633,-73.23480987548828,165.412353515625
1711476108.548076,30.630001068115234,-39.81752014160156,148.09483337402344,-27.219993591308594,-62.17751693725586,149.8599853515625,56.79000473022461,-72.75234985351562,163.90235900878906,-57.94484329223633,-73.23480987548828,165.412353515625
1711476108.55805,30.630001068115234,-39.81752014160156,148.09483337402344,-27.219993591308594,-62.17751693725586,149.8599853515625,56.79000473022461,-72.75234985351562,163.90235900878906,-57.94484329223633,-73.23480987548828,165.412353515625
1711476108.568086,30.630001068115234,-39.81752014160156,148.09483337402344,-27.219993591308594,-62.17751693725586,149.8599853515625,56.79000473022461,-72.75234985351562,163.90235900878906,-57.94484329223633,-73.23480987548828,165.412353515625
1711476108.5781536,30.630001068115234,-39.81752014160156,148.09483337402344,-27.219993591308594,-62.17751693725586,149.8599853515625,56.79000473022461,-72.75234985351562,163.90235900878906,-57.94484329223633,-73.23480987548828,165.412353515625
1711476108.5880618,30.630001068115234,-39.81752014160156,148.09483337402344,-27.219993591308594,-62.17751693725586,149.8599853515625,56.79000473022461,-72.75234985351562,163.90235900878906,-57.94484329223633,-73.23480987548828,165.412353515625
1711476108.5980852,30.630001068115234,-39.81752014160156,148.09483337402344,-27.219993591308594,-62.17751693725586,149.8599853515625,56.79000473022461,-72.75234985351562,163.90235900878906,-57.94484329223633,-73.23480987548828,165.412353515625
1711476108.6081438,30.630001068115234,-39.81752014160156,148.09483337402344,-27.219993591308594,-62.17751693725586,149.8599853515625,56.79000473022461,-72.75234985351562,163.90235900878906,-57.94484329223633,-73.23480987548828,165.412353515625
1711476108.6180735,30.630001068115234,-39.81752014160156,148.09483337402344,-27.219993591308594,-62.17751693725586,149.8599853515625,56.79000473022461,-72.75234985351562,163.90235900878906,-57.94484329223633,-73.23480987548828,165.412353515625
1711476108.628077,30.630001068115234,-39.81752014160156,148.09483337402344,-27.219993591308594,-62.17751693725586,149.8599853515625,56.79000473022461,-72.75234985351562,163.90235900878906,-57.94484329223633,-73.23480987548828,165.412353515625
1711476108.6381009,30.630001068115234,-39.81752014160156,148.09483337402344,-27.219993591308594,-62.17751693725586,149.8599853515625,56.79000473022461,-72.75234985351562,163.90235900878906,-57.94484329223633,-73.23480987548828,165.412353515625
1711476108.6480634,30.630001068115234,-39.81752014160156,148.09483337402344,-27.219993591308594,-62.17751693725586,149.8599853515625,56.79000473022461,-72.75234985351562,163.90235900878906,-57.94484329223633,-73.23480987548828,165.412353515625
1711476108.6580846,30.630001068115234,-39.81752014160156,148.09483337402344,-27.219993591308594,-62.17751693725586,149.8599853515625,56.79000473022461,-72.75234985351562,163.90235900878906,-57.94484329223633,-73.23480987548828,165.412353515625
1711476108.668061,30.630001068115234,-39.81752014160156,148.09483337402344,-27.219993591308594,-62.17751693725586,149.8599853515625,56.79000473022461,-72.75234985351562,163.90235900878906,-57.94484329223633,-73.23480987548828,165.412353515625
1711476108.6782167,30.630001068115234,-39.81752014160156,148.09483337402344,-27.219993591308594,-62.17751693725586,149.8599853515625,56.79000473022461,-72.75234985351562,163.90235900878906,-57.94484329223633,-73.23480987548828,165.412353515625
1711476108.688061,30.630001068115234,-39.81752014160156,148.09483337402344,-27.219993591308594,-62.17751693725586,149.8599853515625,56.79000473022461,-72.75234985351562,163.90235900878906,-57.94484329223633,-73.23480987548828,165.412353515625
1711476108.6980662,30.630001068115234,-39.81752014160156,148.09483337402344,-27.219993591308594,-62.17751693725586,149.8599853515625,56.79000473022461,-72.75234985351562,163.90235900878906,-57.94484329223633,-73.23480987548828,165.412353515625
1711476108.7081125,30.630001068115234,-39.81752014160156,148.09483337402344,-27.219993591308594,-62.17751693725586,149.8599853515625,56.79000473022461,-72.75234985351562,163.90235900878906,-57.94484329223633,-73.23480987548828,165.412353515625
1711476108.71818,30.630001068115234,-39.81752014160156,148.09483337402344,-27.219993591308594,-62.17751693725586,149.8599853515625,56.79000473022461,-72.75234985351562,163.90235900878906,-57.94484329223633,-73.23480987548828,165.412353515625
1711476108.728092,30.630001068115234,-39.81752014160156,148.09483337402344,-27.219993591308594,-62.17751693725586,149.8599853515625,56.79000473022461,-72.75234985351562,163.90235900878906,-57.94484329223633,-73.23480987548828,165.412353515625
1711476108.738096,30.630001068115234,-39.81752014160156,148.09483337402344,-27.219993591308594,-62.17751693725586,149.8599853515625,56.79000473022461,-72.75234985351562,163.90235900878906,-57.94484329223633,-73.23480987548828,165.412353515625
1711476108.7480693,30.630001068115234,-39.81752014160156,148.09483337402344,-27.219993591308594,-62.17751693725586,149.8599853515625,56.79000473022461,-72.75234985351562,163.90235900878906,-57.94484329223633,-73.23480987548828,165.412353515625
1711476108.7580872,30.630001068115234,-39.81752014160156,148.09483337402344,-27.219993591308594,-62.17751693725586,149.8599853515625,56.79000473022461,-72.75234985351562,163.90235900878906,-57.94484329223633,-73.23480987548828,165.412353515625
1711476108.7681184,30.630001068115234,-39.81752014160156,148.09483337402344,-27.219993591308594,-62.17751693725586,149.8599853515625,56.79000473022461,-72.75234985351562,163.90235900878906,-57.94484329223633,-73.23480987548828,165.412353515625
1711476108.7780643,30.630001068115234,-39.81752014160156,148.09483337402344,-27.219993591308594,-62.17751693725586,149.8599853515625,56.77640914916992,-72.75234985351562,163.90235900878906,-57.94484329223633,-73.23480987548828,165.412353515625
1711476108.7880654,30.630001068115234,-39.81752014160156,148.09483337402344,-27.219993591308594,-62.17751693725586,149.8599853515625,56.774845123291016,-72.75234985351562,163.90235900878906,-57.94484329223633,-73.23480987548828,165.412353515625
1711476108.798078,30.630001068115234,-39.81752014160156,148.09483337402344,-27.219993591308594,-62.17751693725586,149.8599853515625,56.774845123291016,-72.75234985351562,163.90235900878906,-57.94484329223633,-73.23480987548828,165.412353515625
1711476108.8080723,30.630001068115234,-39.81752014160156,148.09483337402344,-27.219993591308594,-62.17751693725586,149.8599853515625,56.774845123291016,-72.75234985351562,163.90235900878906,-57.94484329223633,-73.23480987548828,165.412353515625
1711476108.8181026,30.630001068115234,-39.81752014160156,148.09483337402344,-27.219993591308594,-62.17751693725586,149.8599853515625,56.774845123291016,-72.75234985351562,163.90235900878906,-57.94484329223633,-73.23480987548828,165.412353515625
1711476108.8281076,30.630001068115234,-39.81752014160156,148.09483337402344,-27.219993591308594,-62.17751693725586,149.8599853515625,56.774845123291016,-72.75234985351562,163.90235900878906,-57.94484329223633,-73.23480987548828,165.412353515625
1711476108.8381188,30.630001068115234,-39.81752014160156,148.09483337402344,-27.219993591308594,-62.17751693725586,149.8599853515625,56.774845123291016,-72.75234985351562,163.90235900878906,-57.94484329223633,-73.23480987548828,165.412353515625
1711476108.8480973,30.630001068115234,-39.81752014160156,148.09483337402344,-27.219993591308594,-62.17751693725586,149.8599853515625,56.774845123291016,-72.75234985351562,163.90235900878906,-57.94484329223633,-73.23480987548828,165.412353515625
1711476108.8581135,30.630001068115234,-39.81752014160156,148.09483337402344,-27.219993591308594,-62.17751693725586,149.8599853515625,56.774845123291016,-72.75234985351562,163.90235900878906,-57.94484329223633,-73.23480987548828,165.412353515625
1711476108.8681004,30.630001068115234,-39.81752014160156,148.09483337402344,-27.219993591308594,-62.17751693725586,149.8599853515625,56.774845123291016,-72.75234985351562,163.90235900878906,-57.94484329223633,-73.23480987548828,165.412353515625
1711476108.8780768,30.630001068115234,-39.81752014160156,148.09483337402344,-27.219993591308594,-62.17751693725586,149.8599853515625,56.774845123291016,-72.75234985351562,163.90235900878906,-57.94484329223633,-73.23480987548828,165.412353515625
1711476108.8880708,30.630001068115234,-39.81752014160156,148.09483337402344,-27.219993591308594,-62.17751693725586,149.8599853515625,56.774845123291016,-72.75234985351562,163.90235900878906,-57.94484329223633,-73.23480987548828,165.412353515625
1711476108.898147,30.630001068115234,-39.81752014160156,148.09483337402344,-27.219993591308594,-62.17751693725586,149.8599853515625,56.774845123291016,-72.75234985351562,163.90235900878906,-57.94484329223633,-73.23480987548828,165.412353515625
1711476108.908074,30.630001068115234,-39.81752014160156,148.09483337402344,-27.219993591308594,-62.17751693725586,149.8599853515625,56.774845123291016,-72.75234985351562,163.90235900878906,-57.94484329223633,-73.23480987548828,165.412353515625
1711476108.9180756,30.630001068115234,-39.81752014160156,148.09483337402344,-27.219993591308594,-62.17751693725586,149.8599853515625,56.774845123291016,-72.75234985351562,163.90235900878906,-57.94484329223633,-73.23480987548828,165.412353515625
1711476108.9281192,30.630001068115234,-39.81752014160156,148.09483337402344,-27.219993591308594,-62.17751693725586,149.8599853515625,56.774845123291016,-72.75234985351562,163.90235900878906,-57.94484329223633,-73.23480987548828,165.412353515625
1711476108.9380949,30.630001068115234,-39.81752014160156,148.09483337402344,-27.219993591308594,-62.17751693725586,149.8599853515625,56.774845123291016,-72.75234985351562,163.90235900878906,-57.94484329223633,-73.23480987548828,165.412353515625
1711476108.9480739,30.630001068115234,-39.81752014160156,148.09483337402344,-27.219993591308594,-62.17751693725586,149.8599853515625,56.774845123291016,-72.75234985351562,163.90235900878906,-57.94484329223633,-73.23480987548828,165.412353515625
1711476108.9581728,30.630001068115234,-39.81752014160156,148.09483337402344,-27.219993591308594,-62.17751693725586,149.8599853515625,56.774845123291016,-72.75234985351562,163.90235900878906,-57.94484329223633,-73.23480987548828,165.412353515625
1711476108.96816,30.630001068115234,-39.81752014160156,148.09483337402344,-27.219993591308594,-62.17751693725586,149.8599853515625,56.774845123291016,-72.75234985351562,163.90235900878906,-57.94484329223633,-73.23480987548828,165.412353515625
1711476108.978083,30.630001068115234,-39.81752014160156,148.09483337402344,-27.219993591308594,-62.17751693725586,149.8599853515625,56.774845123291016,-72.75234985351562,163.90235900878906,-57.94484329223633,-73.23480987548828,165.412353515625
1711476108.988077,30.630001068115234,-39.81752014160156,148.09483337402344,-27.219993591308594,-62.17751693725586,149.8599853515625,56.774845123291016,-72.75234985351562,163.90235900878906,-57.94484329223633,-73.23480987548828,165.412353515625
1711476108.9980838,30.630001068115234,-39.81752014160156,148.09483337402344,-27.219993591308594,-62.17751693725586,149.8599853515625,56.774845123291016,-72.75234985351562,163.90235900878906,-57.94484329223633,-73.23480987548828,165.412353515625
1711476109.0080862,30.630001068115234,-39.81752014160156,148.09483337402344,-27.219993591308594,-62.17751693725586,149.8599853515625,56.774845123291016,-72.75234985351562,163.90235900878906,-57.94484329223633,-73.23480987548828,165.412353515625
1711476109.0181205,30.630001068115234,-39.81752014160156,148.09483337402344,-27.219993591308594,-62.17751693725586,149.8599853515625,56.774845123291016,-72.75234985351562,163.90235900878906,-57.94484329223633,-73.23480987548828,165.412353515625
1711476109.0280795,30.630001068115234,-39.81752014160156,148.09483337402344,-27.219993591308594,-62.17751693725586,149.8599853515625,56.774845123291016,-72.75234985351562,163.90235900878906,-57.94484329223633,-73.23480987548828,165.412353515625
1711476109.0381296,30.630001068115234,-39.81752014160156,148.09483337402344,-27.219993591308594,-62.17751693725586,149.8599853515625,56.774845123291016,-72.75234985351562,163.90235900878906,-57.94484329223633,-73.23480987548828,165.412353515625
1711476109.0482283,30.630001068115234,-39.81752014160156,148.09483337402344,-27.219993591308594,-62.17751693725586,149.8599853515625,56.774845123291016,-72.75234985351562,163.90235900878906,-57.94484329223633,-73.23480987548828,165.412353515625
1711476109.0581253,30.630001068115234,-39.81752014160156,148.09483337402344,-27.219993591308594,-62.17751693725586,149.8599853515625,56.774845123291016,-72.75234985351562,163.90235900878906,-57.94484329223633,-73.23480987548828,165.412353515625
1711476109.0680907,30.630001068115234,-39.81752014160156,148.09483337402344,-27.219993591308594,-62.17751693725586,149.8599853515625,56.774845123291016,-72.75234985351562,163.90235900878906,-57.94484329223633,-73.23480987548828,165.412353515625
1711476109.0781057,30.630001068115234,-39.81752014160156,148.09483337402344,-27.219993591308594,-62.17751693725586,149.8599853515625,56.774845123291016,-72.75234985351562,163.90235900878906,-57.94484329223633,-73.23480987548828,165.412353515625
1711476109.0881028,30.630001068115234,-39.81752014160156,148.09483337402344,-27.219993591308594,-62.17751693725586,149.8599853515625,56.774845123291016,-72.75234985351562,163.90235900878906,-57.94484329223633,-73.23480987548828,165.412353515625
1711476109.0981092,30.630001068115234,-39.81752014160156,148.09483337402344,-27.219993591308594,-62.17751693725586,149.8599853515625,56.774845123291016,-72.75234985351562,163.90235900878906,-57.94484329223633,-73.23480987548828,165.412353515625
1711476109.108111,30.630001068115234,-39.81752014160156,148.09483337402344,-27.219993591308594,-62.17751693725586,149.8599853515625,56.774845123291016,-72.75234985351562,163.90235900878906,-57.94484329223633,-73.23480987548828,165.412353515625
1711476109.1180916,30.630001068115234,-39.81752014160156,148.09483337402344,-27.219993591308594,-62.17751693725586,149.8599853515625,56.774845123291016,-72.75234985351562,163.90235900878906,-57.94484329223633,-73.23480987548828,165.412353515625
1711476109.1281016,30.630001068115234,-39.81752014160156,148.09483337402344,-27.219993591308594,-62.17751693725586,149.8599853515625,56.774845123291016,-72.75234985351562,163.90235900878906,-57.94484329223633,-73.23480987548828,165.412353515625
1711476109.1381605,30.630001068115234,-39.81752014160156,148.09483337402344,-27.219993591308594,-62.17751693725586,149.8599853515625,56.774845123291016,-72.75234985351562,163.90235900878906,-57.94484329223633,-73.23480987548828,165.412353515625
1711476109.1481264,30.630001068115234,-39.81752014160156,148.09483337402344,-27.219993591308594,-62.17751693725586,149.8599853515625,56.774845123291016,-72.75234985351562,163.90235900878906,-57.94484329223633,-73.23480987548828,165.412353515625
1711476109.1580853,30.630001068115234,-39.81752014160156,148.09483337402344,-27.219993591308594,-62.17751693725586,149.8599853515625,56.774845123291016,-72.75234985351562,163.90235900878906,-57.94484329223633,-73.23480987548828,165.412353515625
1711476109.1682465,30.630001068115234,-39.81752014160156,148.09483337402344,-27.219993591308594,-62.17751693725586,149.8599853515625,56.774845123291016,-72.75234985351562,163.90235900878906,-57.94484329223633,-73.23480987548828,165.412353515625
1711476109.1780999,30.630001068115234,-39.81752014160156,148.09483337402344,-27.219993591308594,-62.17751693725586,149.8599853515625,56.774845123291016,-72.75234985351562,163.90235900878906,-57.94484329223633,-73.23480987548828,165.412353515625
1711476109.1881044,30.630001068115234,-39.81752014160156,148.09483337402344,-27.219993591308594,-62.17751693725586,149.8599853515625,56.774845123291016,-72.75234985351562,163.90235900878906,-57.94484329223633,-73.23480987548828,165.412353515625
1711476109.198118,30.630001068115234,-39.81752014160156,148.09483337402344,-27.219993591308594,-62.17751693725586,149.8599853515625,56.774845123291016,-72.75234985351562,163.90235900878906,-57.94484329223633,-73.23480987548828,165.412353515625
1711476109.2081063,30.630001068115234,-39.81752014160156,148.09483337402344,-27.219993591308594,-62.17751693725586,149.8599853515625,56.774845123291016,-72.75234985351562,163.90235900878906,-57.94484329223633,-73.23480987548828,165.412353515625
1711476109.2181003,30.630001068115234,-39.81752014160156,148.09483337402344,-27.219993591308594,-62.17751693725586,149.8599853515625,56.774845123291016,-72.75234985351562,163.90235900878906,-57.94484329223633,-73.23480987548828,165.412353515625
1711476109.2281234,30.630001068115234,-39.81752014160156,148.09483337402344,-27.219993591308594,-62.17751693725586,149.8599853515625,56.774845123291016,-72.75234985351562,163.90235900878906,-57.94484329223633,-73.23480987548828,165.412353515625
1711476109.2381022,30.630001068115234,-39.81752014160156,148.09483337402344,-27.219993591308594,-62.17751693725586,149.8599853515625,56.774845123291016,-72.75234985351562,163.90235900878906,-57.94484329223633,-73.23480987548828,165.412353515625
1711476109.2481244,30.630001068115234,-39.81752014160156,148.09483337402344,-27.219993591308594,-62.17751693725586,149.8599853515625,56.774845123291016,-72.75234985351562,163.90235900878906,-57.94484329223633,-73.23480987548828,165.412353515625
1711476109.2580967,30.630001068115234,-39.81752014160156,148.09483337402344,-27.219993591308594,-62.17751693725586,149.8599853515625,56.774845123291016,-72.75234985351562,163.90235900878906,-57.94484329223633,-73.23480987548828,165.412353515625
1711476109.2681267,30.630001068115234,-39.81752014160156,148.09483337402344,-27.219993591308594,-62.17751693725586,149.8599853515625,56.774845123291016,-72.75234985351562,163.90235900878906,-57.94484329223633,-73.23480987548828,165.412353515625
1711476109.2781167,30.630001068115234,-39.81752014160156,148.09483337402344,-27.219993591308594,-62.17751693725586,149.8599853515625,56.774845123291016,-72.75234985351562,163.90235900878906,-57.94484329223633,-73.23480987548828,165.412353515625
1711476109.2881289,30.630001068115234,-39.81752014160156,148.09483337402344,-27.219993591308594,-62.17751693725586,149.8599853515625,56.774845123291016,-72.75234985351562,163.90235900878906,-57.94484329223633,-73.23480987548828,165.412353515625
1711476109.2980962,30.630001068115234,-39.81752014160156,148.09483337402344,-27.219993591308594,-62.17751693725586,149.8599853515625,56.774845123291016,-72.75234985351562,163.90235900878906,-57.94484329223633,-73.23480987548828,165.412353515625
1711476109.3081038,30.630001068115234,-39.81752014160156,148.09483337402344,-27.219993591308594,-62.17751693725586,149.8599853515625,56.774845123291016,-72.75234985351562,163.90235900878906,-57.94484329223633,-73.23480987548828,165.412353515625
1711476109.3181078,30.630001068115234,-39.81752014160156,148.09483337402344,-27.219993591308594,-62.17751693725586,149.8599853515625,56.774845123291016,-72.75234985351562,163.90235900878906,-57.94484329223633,-73.23480987548828,165.412353515625
1711476109.32813,30.630001068115234,-39.81752014160156,148.09483337402344,-27.219993591308594,-62.17751693725586,149.8599853515625,56.774845123291016,-72.75234985351562,163.90235900878906,-57.94484329223633,-73.23480987548828,165.412353515625
1711476109.3381166,30.630001068115234,-39.81752014160156,148.09483337402344,-27.219993591308594,-62.17751693725586,149.8599853515625,56.774845123291016,-72.75234985351562,163.90235900878906,-57.94484329223633,-73.23480987548828,165.412353515625
1711476109.3481061,30.630001068115234,-39.81752014160156,148.09483337402344,-27.219993591308594,-62.17751693725586,149.8599853515625,56.774845123291016,-72.75234985351562,163.90235900878906,-57.94484329223633,-73.23480987548828,165.412353515625
1711476109.3581707,30.630001068115234,-39.81752014160156,148.09483337402344,-27.219993591308594,-62.17751693725586,149.8599853515625,56.774845123291016,-72.75234985351562,163.90235900878906,-57.94484329223633,-73.23480987548828,165.412353515625
1711476109.3681014,30.630001068115234,-39.81752014160156,148.09483337402344,-27.219993591308594,-62.17751693725586,149.8599853515625,56.774845123291016,-72.75234985351562,163.90235900878906,-57.94484329223633,-73.23480987548828,165.412353515625
1711476109.378161,30.630001068115234,-39.81752014160156,148.09483337402344,-27.219993591308594,-62.17751693725586,149.8599853515625,56.774845123291016,-72.75234985351562,163.90235900878906,-57.94484329223633,-73.23480987548828,165.412353515625
1711476109.3881066,30.630001068115234,-39.81752014160156,148.09483337402344,-27.219993591308594,-62.17751693725586,149.8599853515625,56.774845123291016,-72.75234985351562,163.90235900878906,-57.94484329223633,-73.23480987548828,165.412353515625
1711476109.3981433,30.630001068115234,-39.81752014160156,148.09483337402344,-27.219993591308594,-62.17751693725586,149.8599853515625,56.774845123291016,-72.75234985351562,163.90235900878906,-57.94484329223633,-73.23480987548828,165.412353515625
1711476109.408111,30.630001068115234,-39.81752014160156,148.09483337402344,-27.219993591308594,-62.17751693725586,149.8599853515625,56.774845123291016,-72.75234985351562,163.90235900878906,-57.94484329223633,-73.23480987548828,165.412353515625
1711476109.4181151,30.630001068115234,-39.81752014160156,148.09483337402344,-27.219993591308594,-62.17751693725586,149.8599853515625,56.774845123291016,-72.75234985351562,163.90235900878906,-57.94484329223633,-73.23480987548828,165.412353515625
1711476109.4281142,30.630001068115234,-39.81752014160156,148.09483337402344,-27.219993591308594,-62.17751693725586,149.8599853515625,56.774845123291016,-72.75234985351562,163.90235900878906,-57.94484329223633,-73.23480987548828,165.412353515625
1711476109.4381087,30.630001068115234,-39.81752014160156,148.09483337402344,-27.219993591308594,-62.17751693725586,149.8599853515625,56.774845123291016,-72.75234985351562,163.90235900878906,-57.94484329223633,-73.23480987548828,165.412353515625
1711476109.4481175,30.630001068115234,-39.81752014160156,148.09483337402344,-27.219993591308594,-62.17751693725586,149.8599853515625,56.774845123291016,-72.75234985351562,163.90235900878906,-57.94484329223633,-73.23480987548828,165.412353515625
1711476109.4581249,30.630001068115234,-39.81752014160156,148.09483337402344,-27.219993591308594,-62.17751693725586,149.8599853515625,56.774845123291016,-72.75234985351562,163.90235900878906,-57.94484329223633,-73.23480987548828,165.412353515625
1711476109.4681828,30.630001068115234,-39.81752014160156,148.09483337402344,-27.219993591308594,-62.17751693725586,149.8599853515625,56.774845123291016,-72.75234985351562,163.90235900878906,-57.94484329223633,-73.23480987548828,165.412353515625
1711476109.4785745,30.630001068115234,-39.81752014160156,148.09483337402344,-27.219993591308594,-62.17751693725586,149.8599853515625,56.774845123291016,-72.75234985351562,163.90235900878906,-57.94484329223633,-73.23480987548828,165.412353515625
1711476109.4881124,30.630001068115234,-39.81752014160156,148.09483337402344,-27.219993591308594,-62.17751693725586,149.8599853515625,56.774845123291016,-72.75234985351562,163.90235900878906,-57.94484329223633,-73.23480987548828,165.412353515625
1711476109.4981894,30.630001068115234,-39.81752014160156,148.09483337402344,-27.219993591308594,-62.17751693725586,149.8599853515625,56.774845123291016,-72.75234985351562,163.90235900878906,-57.94484329223633,-73.23480987548828,165.412353515625
1711476109.5081725,30.630001068115234,-39.81752014160156,148.09483337402344,-27.219993591308594,-62.17751693725586,149.8599853515625,56.774845123291016,-72.75234985351562,163.90235900878906,-57.94484329223633,-73.23480987548828,165.412353515625
1711476109.5181217,30.630001068115234,-39.81752014160156,148.09483337402344,-27.219993591308594,-62.17751693725586,149.8599853515625,56.774845123291016,-72.75234985351562,163.90235900878906,-57.94484329223633,-73.23480987548828,165.412353515625
1711476109.528143,30.630001068115234,-39.81752014160156,148.09483337402344,-27.219993591308594,-62.17751693725586,149.8599853515625,56.774845123291016,-72.75234985351562,163.90235900878906,-57.94484329223633,-73.23480987548828,165.412353515625
1711476109.5381281,30.630001068115234,-39.81752014160156,148.09483337402344,-27.219993591308594,-62.17751693725586,149.8599853515625,56.774845123291016,-72.75234985351562,163.90235900878906,-57.94484329223633,-73.23480987548828,165.412353515625
1711476109.5481722,30.630001068115234,-39.81752014160156,148.09483337402344,-27.219993591308594,-62.17751693725586,149.8599853515625,56.774845123291016,-72.75234985351562,163.90235900878906,-57.94484329223633,-73.23480987548828,165.412353515625
1711476109.5581195,30.630001068115234,-39.81752014160156,148.09483337402344,-27.219993591308594,-62.17751693725586,149.8599853515625,56.774845123291016,-72.75234985351562,163.90235900878906,-57.94484329223633,-73.23480987548828,165.412353515625
1711476109.5681684,30.630001068115234,-39.81752014160156,148.09483337402344,-27.219993591308594,-62.17751693725586,149.8599853515625,56.774845123291016,-72.75234985351562,163.90235900878906,-57.94484329223633,-73.23480987548828,165.412353515625
1711476109.5781176,30.630001068115234,-39.81752014160156,148.09483337402344,-27.219993591308594,-62.17751693725586,149.8599853515625,56.774845123291016,-72.75234985351562,163.90235900878906,-57.94484329223633,-73.23480987548828,165.412353515625
1711476109.58812,30.630001068115234,-39.81752014160156,148.09483337402344,-27.219993591308594,-62.17751693725586,149.8599853515625,56.774845123291016,-72.75234985351562,163.90235900878906,-57.94484329223633,-73.23480987548828,165.412353515625
1711476109.598122,30.630001068115234,-39.81752014160156,148.09483337402344,-27.219993591308594,-62.17751693725586,149.8599853515625,56.774845123291016,-72.75234985351562,163.90235900878906,-57.94484329223633,-73.23480987548828,165.412353515625
1711476109.6081305,30.630001068115234,-39.81752014160156,148.09483337402344,-27.219993591308594,-62.17751693725586,149.8599853515625,56.774845123291016,-72.75234985351562,163.90235900878906,-57.94484329223633,-73.23480987548828,165.412353515625
1711476109.6181433,30.630001068115234,-39.81752014160156,148.09483337402344,-27.219993591308594,-62.17751693725586,149.8599853515625,56.774845123291016,-72.75234985351562,163.90235900878906,-57.94484329223633,-73.23480987548828,165.412353515625
1711476109.6281383,30.630001068115234,-39.81752014160156,148.09483337402344,-27.219993591308594,-62.17751693725586,149.8599853515625,56.774845123291016,-72.75234985351562,163.90235900878906,-57.94484329223633,-73.23480987548828,165.412353515625
1711476109.6381583,30.630001068115234,-39.81752014160156,148.09483337402344,-27.219993591308594,-62.17751693725586,149.8599853515625,56.774845123291016,-72.75234985351562,163.90235900878906,-57.94484329223633,-73.23480987548828,165.412353515625
1711476109.6481383,30.630001068115234,-39.81752014160156,148.09483337402344,-27.219993591308594,-62.17751693725586,149.8599853515625,56.774845123291016,-72.75234985351562,163.90235900878906,-57.94484329223633,-73.23480987548828,165.412353515625
1711476109.658163,30.630001068115234,-39.81752014160156,148.09483337402344,-27.219993591308594,-62.17751693725586,149.8599853515625,56.774845123291016,-72.75234985351562,163.90235900878906,-57.94484329223633,-73.23480987548828,165.412353515625
1711476109.6681309,30.630001068115234,-39.81752014160156,148.09483337402344,-27.219993591308594,-62.17751693725586,149.8599853515625,56.774845123291016,-72.75234985351562,163.90235900878906,-57.94484329223633,-73.23480987548828,165.412353515625
1711476109.6782117,30.630001068115234,-39.81752014160156,148.09483337402344,-27.219993591308594,-62.17751693725586,149.8599853515625,56.774845123291016,-72.75234985351562,163.90235900878906,-57.94484329223633,-73.23480987548828,165.412353515625
1711476109.6881382,30.630001068115234,-39.81752014160156,148.09483337402344,-27.219993591308594,-62.17751693725586,149.8599853515625,56.774845123291016,-72.75234985351562,163.90235900878906,-57.94484329223633,-73.23480987548828,165.412353515625
1711476109.6981323,30.630001068115234,-39.81752014160156,148.09483337402344,-27.219993591308594,-62.17751693725586,149.8599853515625,56.774845123291016,-72.75234985351562,163.90235900878906,-57.94484329223633,-73.23480987548828,165.412353515625
1711476109.7082095,30.630001068115234,-39.81752014160156,148.09483337402344,-27.219993591308594,-62.17751693725586,149.8599853515625,56.774845123291016,-72.75234985351562,163.90235900878906,-57.94484329223633,-73.23480987548828,165.412353515625
1711476109.7181275,30.630001068115234,-39.81752014160156,148.09483337402344,-27.219993591308594,-62.17751693725586,149.8599853515625,56.774845123291016,-72.75234985351562,163.90235900878906,-57.94484329223633,-73.23480987548828,165.412353515625
1711476109.7281964,30.630001068115234,-39.81752014160156,148.09483337402344,-27.219993591308594,-62.17751693725586,149.8599853515625,56.774845123291016,-72.75234985351562,163.90235900878906,-57.94484329223633,-73.23480987548828,165.412353515625
1711476109.7381697,30.630001068115234,-39.81752014160156,148.09483337402344,-27.219993591308594,-62.17751693725586,149.8599853515625,56.774845123291016,-72.75234985351562,163.90235900878906,-57.94484329223633,-73.23480987548828,165.412353515625
1711476109.7481296,30.630001068115234,-39.81752014160156,148.09483337402344,-27.219993591308594,-62.17751693725586,149.8599853515625,56.774845123291016,-72.75234985351562,163.90235900878906,-57.94484329223633,-73.23480987548828,165.412353515625
1711476109.7581227,30.630001068115234,-39.81752014160156,148.09483337402344,-27.219993591308594,-62.17751693725586,149.8599853515625,56.774845123291016,-72.75234985351562,163.90235900878906,-57.94484329223633,-73.23480987548828,165.412353515625
1711476109.7681284,30.630001068115234,-39.81752014160156,148.09483337402344,-27.219993591308594,-62.17751693725586,149.8599853515625,56.774845123291016,-72.75234985351562,163.90235900878906,-57.94484329223633,-73.23480987548828,165.412353515625
1711476109.7781482,30.630001068115234,-39.81752014160156,148.09483337402344,-27.219993591308594,-62.17751693725586,149.8599853515625,56.774845123291016,-72.75234985351562,163.90235900878906,-57.94484329223633,-73.23480987548828,165.412353515625
1711476109.7881436,30.630001068115234,-39.81752014160156,148.09483337402344,-27.219993591308594,-62.17751693725586,149.8599853515625,56.774845123291016,-72.75234985351562,163.90235900878906,-57.94484329223633,-73.23480987548828,165.412353515625
1711476109.798165,30.630001068115234,-39.81752014160156,148.09483337402344,-27.219993591308594,-62.17751693725586,149.8599853515625,56.774845123291016,-72.75234985351562,163.90235900878906,-57.94484329223633,-73.23480987548828,165.412353515625
1711476109.808638,30.630001068115234,-39.81752014160156,148.09483337402344,-27.219993591308594,-62.17751693725586,149.8599853515625,56.774845123291016,-72.75234985351562,163.90235900878906,-57.94484329223633,-73.23480987548828,165.412353515625
1711476109.818136,30.630001068115234,-39.81752014160156,148.09483337402344,-27.219993591308594,-62.17751693725586,149.8599853515625,56.774845123291016,-72.75234985351562,163.90235900878906,-57.94484329223633,-73.23480987548828,165.412353515625
1711476109.8281405,30.630001068115234,-39.81752014160156,148.09483337402344,-27.219993591308594,-62.17751693725586,149.8599853515625,56.774845123291016,-72.75234985351562,163.90235900878906,-57.94484329223633,-73.23480987548828,165.412353515625
1711476109.8381553,30.630001068115234,-39.81752014160156,148.09483337402344,-27.219993591308594,-62.17751693725586,149.8599853515625,56.774845123291016,-72.75234985351562,163.90235900878906,-57.94484329223633,-73.23480987548828,165.412353515625
1711476109.8481708,30.630001068115234,-39.81752014160156,148.09483337402344,-27.219993591308594,-62.17751693725586,149.8599853515625,56.774845123291016,-72.75234985351562,163.90235900878906,-57.94484329223633,-73.23480987548828,165.412353515625
1711476109.8582263,30.630001068115234,-39.81752014160156,148.09483337402344,-27.219993591308594,-62.17751693725586,149.8599853515625,56.774845123291016,-72.75234985351562,163.90235900878906,-57.94484329223633,-73.23480987548828,165.412353515625
1711476109.8681622,30.630001068115234,-39.81752014160156,148.09483337402344,-27.219993591308594,-62.17751693725586,149.8599853515625,56.774845123291016,-72.75234985351562,163.90235900878906,-57.94484329223633,-73.23480987548828,165.412353515625
1711476109.8782017,30.630001068115234,-39.81752014160156,148.09483337402344,-27.219993591308594,-62.17751693725586,149.8599853515625,56.774845123291016,-72.75234985351562,163.90235900878906,-57.94484329223633,-73.23480987548828,165.412353515625
1711476109.8881466,30.630001068115234,-39.81752014160156,148.09483337402344,-27.219993591308594,-62.17751693725586,149.8599853515625,56.774845123291016,-72.75234985351562,163.90235900878906,-57.94484329223633,-73.23480987548828,165.412353515625
1711476109.8981674,30.630001068115234,-39.81752014160156,148.09483337402344,-27.219993591308594,-62.17751693725586,149.8599853515625,56.774845123291016,-72.75234985351562,163.90235900878906,-57.94484329223633,-73.23480987548828,165.412353515625
1711476109.9082413,30.630001068115234,-39.81752014160156,148.09483337402344,-27.219993591308594,-62.17751693725586,149.8599853515625,56.774845123291016,-72.75234985351562,163.90235900878906,-57.94484329223633,-73.23480987548828,165.412353515625
1711476109.9182556,30.630001068115234,-39.81752014160156,148.09483337402344,-27.219993591308594,-62.17751693725586,149.8599853515625,56.774845123291016,-72.75234985351562,163.90235900878906,-57.94484329223633,-73.23480987548828,165.412353515625
1711476109.928146,30.630001068115234,-39.81752014160156,148.09483337402344,-27.219993591308594,-62.17751693725586,149.8599853515625,56.774845123291016,-72.75234985351562,163.90235900878906,-57.94484329223633,-73.23480987548828,165.412353515625
1711476109.938181,30.630001068115234,-39.81752014160156,148.09483337402344,-27.219993591308594,-62.17751693725586,149.8599853515625,56.774845123291016,-72.75234985351562,163.90235900878906,-57.94484329223633,-73.23480987548828,165.412353515625
1711476109.948156,30.630001068115234,-39.81752014160156,148.09483337402344,-27.219993591308594,-62.17751693725586,149.8599853515625,56.774845123291016,-72.75234985351562,163.90235900878906,-57.94484329223633,-73.23480987548828,165.412353515625
1711476109.958151,30.630001068115234,-39.81752014160156,148.09483337402344,-27.219993591308594,-62.17751693725586,149.8599853515625,56.774845123291016,-72.75234985351562,163.90235900878906,-57.94484329223633,-73.23480987548828,165.412353515625
1711476109.968204,30.630001068115234,-39.81752014160156,148.09483337402344,-27.219993591308594,-62.17751693725586,149.8599853515625,56.774845123291016,-72.75234985351562,163.90235900878906,-57.94484329223633,-73.23480987548828,165.412353515625
1711476109.9785645,30.630001068115234,-39.81752014160156,148.09483337402344,-27.219993591308594,-62.17751693725586,149.8599853515625,56.774845123291016,-72.75234985351562,163.90235900878906,-57.94484329223633,-73.23480987548828,165.412353515625
1711476109.9881647,30.630001068115234,-39.81752014160156,148.09483337402344,-27.219993591308594,-62.17751693725586,149.8599853515625,56.774845123291016,-72.75234985351562,163.90235900878906,-57.94484329223633,-73.23480987548828,165.412353515625
1711476109.9981456,30.630001068115234,-39.81752014160156,148.09483337402344,-27.219993591308594,-62.17751693725586,149.8599853515625,56.774845123291016,-72.75234985351562,163.90235900878906,-57.94484329223633,-73.23480987548828,165.412353515625
1711476110.0081704,30.630001068115234,-39.81752014160156,148.09483337402344,-27.219993591308594,-62.17751693725586,149.8599853515625,56.774845123291016,-72.75234985351562,163.90235900878906,-57.94484329223633,-73.23480987548828,165.412353515625
1711476110.0181537,30.630001068115234,-39.81752014160156,148.09483337402344,-27.219993591308594,-62.17751693725586,149.8599853515625,56.774845123291016,-72.75234985351562,163.90235900878906,-57.94484329223633,-73.23480987548828,165.412353515625
1711476110.0281928,30.630001068115234,-39.81752014160156,148.09483337402344,-27.219993591308594,-62.17751693725586,149.8599853515625,56.774845123291016,-72.75234985351562,163.90235900878906,-57.94484329223633,-73.23480987548828,165.412353515625
1711476110.0381508,30.630001068115234,-39.81752014160156,148.09483337402344,-27.219993591308594,-62.17751693725586,149.8599853515625,56.774845123291016,-72.75234985351562,163.90235900878906,-57.94484329223633,-73.23480987548828,165.412353515625
1711476110.0481539,30.630001068115234,-39.81752014160156,148.09483337402344,-27.219993591308594,-62.17751693725586,149.8599853515625,56.774845123291016,-72.75234985351562,163.90235900878906,-57.94484329223633,-73.23480987548828,165.412353515625
1711476110.0581467,30.630001068115234,-39.81752014160156,148.09483337402344,-27.219993591308594,-62.17751693725586,149.8599853515625,56.774845123291016,-72.75234985351562,163.90235900878906,-57.94484329223633,-73.23480987548828,165.412353515625
1711476110.0681431,30.630001068115234,-39.81752014160156,148.09483337402344,-27.219993591308594,-62.17751693725586,149.8599853515625,56.774845123291016,-72.75234985351562,163.90235900878906,-57.94484329223633,-73.23480987548828,165.412353515625
1711476110.0781908,30.630001068115234,-39.81752014160156,148.09483337402344,-27.219993591308594,-62.17751693725586,149.8599853515625,56.774845123291016,-72.75234985351562,163.90235900878906,-57.94484329223633,-73.23480987548828,165.412353515625
1711476110.0881498,30.630001068115234,-39.81752014160156,148.09483337402344,-27.219993591308594,-62.17751693725586,149.8599853515625,56.774845123291016,-72.75234985351562,163.90235900878906,-57.94484329223633,-73.23480987548828,165.412353515625
1711476110.0981581,30.630001068115234,-39.81752014160156,148.09483337402344,-27.219993591308594,-62.17751693725586,149.8599853515625,56.774845123291016,-72.75234985351562,163.90235900878906,-57.94484329223633,-73.23480987548828,165.412353515625
1711476110.108167,30.630001068115234,-39.81752014160156,148.09483337402344,-27.219993591308594,-62.17751693725586,149.8599853515625,56.774845123291016,-72.75234985351562,163.90235900878906,-57.94484329223633,-73.23480987548828,165.412353515625
1711476110.1181698,30.630001068115234,-39.81752014160156,148.09483337402344,-27.219993591308594,-62.17751693725586,149.8599853515625,56.774845123291016,-72.75234985351562,163.90235900878906,-57.94484329223633,-73.23480987548828,165.412353515625
1711476110.1281488,30.630001068115234,-39.81752014160156,148.09483337402344,-27.219993591308594,-62.17751693725586,149.8599853515625,56.774845123291016,-72.75234985351562,163.90235900878906,-57.94484329223633,-73.23480987548828,165.412353515625
1711476110.1381698,30.630001068115234,-39.81752014160156,148.09483337402344,-27.219993591308594,-62.17751693725586,149.8599853515625,56.774845123291016,-72.75234985351562,163.90235900878906,-57.94484329223633,-73.23480987548828,165.412353515625
1711476110.1482239,30.630001068115234,-39.81752014160156,148.09483337402344,-27.219993591308594,-62.17751693725586,149.8599853515625,56.774845123291016,-72.75234985351562,163.90235900878906,-57.94484329223633,-73.23480987548828,165.412353515625
1711476110.1581752,30.630001068115234,-39.81752014160156,148.09483337402344,-27.219993591308594,-62.17751693725586,149.8599853515625,56.774845123291016,-72.75234985351562,163.90235900878906,-57.94484329223633,-73.23480987548828,165.412353515625
1711476110.168176,30.630001068115234,-39.81752014160156,148.09483337402344,-27.219993591308594,-62.17751693725586,149.8599853515625,56.774845123291016,-72.75234985351562,163.90235900878906,-57.94484329223633,-73.23480987548828,165.412353515625
1711476110.1781697,30.630001068115234,-39.81752014160156,148.09483337402344,-27.219993591308594,-62.17751693725586,149.8599853515625,56.774845123291016,-72.75234985351562,163.90235900878906,-57.94484329223633,-73.23480987548828,165.412353515625
1711476110.18815,30.630001068115234,-39.81752014160156,148.09483337402344,-27.219993591308594,-62.17751693725586,149.8599853515625,56.774845123291016,-72.75234985351562,163.90235900878906,-57.94484329223633,-73.23480987548828,165.412353515625
1711476110.1981544,30.630001068115234,-39.81752014160156,148.09483337402344,-27.219993591308594,-62.17751693725586,149.8599853515625,56.774845123291016,-72.75234985351562,163.90235900878906,-57.94484329223633,-73.23480987548828,165.412353515625
1711476110.2081664,30.630001068115234,-39.81752014160156,148.09483337402344,-27.219993591308594,-62.17751693725586,149.8599853515625,56.774845123291016,-72.75234985351562,163.90235900878906,-57.94484329223633,-73.23480987548828,165.412353515625
1711476110.2182555,30.630001068115234,-39.81752014160156,148.09483337402344,-27.219993591308594,-62.17751693725586,149.8599853515625,56.774845123291016,-72.75234985351562,163.90235900878906,-57.94484329223633,-73.23480987548828,165.412353515625
1711476110.228182,30.630001068115234,-39.81752014160156,148.09483337402344,-27.219993591308594,-62.17751693725586,149.8599853515625,56.774845123291016,-72.75234985351562,163.90235900878906,-57.94484329223633,-73.23480987548828,165.412353515625
1711476110.2381794,30.630001068115234,-39.81752014160156,148.09483337402344,-27.219993591308594,-62.17751693725586,149.8599853515625,56.774845123291016,-72.75234985351562,163.90235900878906,-57.94484329223633,-73.23480987548828,165.412353515625
1711476110.2481556,30.630001068115234,-39.81752014160156,148.09483337402344,-27.219993591308594,-62.17751693725586,149.8599853515625,56.774845123291016,-72.75234985351562,163.90235900878906,-57.94484329223633,-73.23480987548828,165.412353515625
1711476110.258154,30.630001068115234,-39.81752014160156,148.09483337402344,-27.219993591308594,-62.17751693725586,149.8599853515625,56.774845123291016,-72.75234985351562,163.90235900878906,-57.94484329223633,-73.23480987548828,165.412353515625
1711476110.2681663,30.630001068115234,-39.81752014160156,148.09483337402344,-27.219993591308594,-62.17751693725586,149.8599853515625,56.774845123291016,-72.75234985351562,163.90235900878906,-57.94484329223633,-73.23480987548828,165.412353515625
1711476110.2781594,30.630001068115234,-39.81752014160156,148.09483337402344,-27.219993591308594,-62.17751693725586,149.8599853515625,56.774845123291016,-72.75234985351562,163.90235900878906,-57.94484329223633,-73.23480987548828,165.412353515625
1711476110.2881508,30.630001068115234,-39.81752014160156,148.09483337402344,-27.219993591308594,-62.17751693725586,149.8599853515625,56.774845123291016,-72.75234985351562,163.90235900878906,-57.94484329223633,-73.23480987548828,165.412353515625
1711476110.2989109,30.630001068115234,-39.81752014160156,148.09483337402344,-27.219993591308594,-62.17751693725586,149.8599853515625,56.774845123291016,-72.75234985351562,163.90235900878906,-57.94484329223633,-73.23480987548828,165.412353515625
1711476110.3081565,30.630001068115234,-39.81752014160156,148.09483337402344,-27.219993591308594,-62.17751693725586,149.8599853515625,56.774845123291016,-72.75234985351562,163.90235900878906,-57.94484329223633,-73.23480987548828,165.412353515625
1711476110.318187,30.630001068115234,-39.81752014160156,148.09483337402344,-27.219993591308594,-62.17751693725586,149.8599853515625,56.774845123291016,-72.75234985351562,163.90235900878906,-57.94484329223633,-73.23480987548828,165.412353515625
1711476110.328164,30.630001068115234,-39.81752014160156,148.09483337402344,-27.219993591308594,-62.17751693725586,149.8599853515625,56.774845123291016,-72.75234985351562,163.90235900878906,-57.94484329223633,-73.23480987548828,165.412353515625
1711476110.338405,30.630001068115234,-39.81752014160156,148.09483337402344,-27.219993591308594,-62.17751693725586,149.8599853515625,56.774845123291016,-72.75234985351562,163.90235900878906,-57.94484329223633,-73.23480987548828,165.412353515625
1711476110.3481517,30.630001068115234,-39.81752014160156,148.09483337402344,-27.219993591308594,-62.17751693725586,149.8599853515625,56.774845123291016,-72.75234985351562,163.90235900878906,-57.94484329223633,-73.23480987548828,165.412353515625
1711476110.3581972,30.630001068115234,-39.81752014160156,148.09483337402344,-27.219993591308594,-62.17751693725586,149.8599853515625,56.774845123291016,-72.75234985351562,163.90235900878906,-57.94484329223633,-73.23480987548828,165.412353515625
1711476110.36818,30.630001068115234,-39.81752014160156,148.09483337402344,-27.219993591308594,-62.17751693725586,149.8599853515625,56.774845123291016,-72.75234985351562,163.8901824951172,-57.94484329223633,-73.23480987548828,165.412353515625
1711476110.3781552,30.630001068115234,-39.81752014160156,148.09483337402344,-27.219993591308594,-62.17751693725586,149.8599853515625,56.774845123291016,-72.75234985351562,163.89234924316406,-57.94484329223633,-73.23480987548828,165.412353515625
1711476110.3881803,30.630001068115234,-39.81752014160156,148.09483337402344,-27.219993591308594,-62.17751693725586,149.84483337402344,56.774845123291016,-72.75234985351562,163.88845825195312,-57.94484329223633,-73.23480987548828,165.412353515625
1711476110.3982124,30.630001068115234,-39.83517837524414,148.08592224121094,-27.219993591308594,-62.17751693725586,149.84483337402344,56.774845123291016,-72.75234985351562,163.88235473632812,-57.94093322753906,-73.23480987548828,165.412353515625
1711476110.4081829,30.630001068115234,-39.83517837524414,148.0848388671875,-27.219993591308594,-62.17751693725586,149.8348388671875,56.754844665527344,-72.75234985351562,163.88235473632812,-57.93484115600586,-73.23480987548828,165.40969848632812
1711476110.4187047,30.62171745300293,-39.83517837524414,148.0848388671875,-27.219993591308594,-62.17751693725586,149.8348388671875,56.7510986328125,-72.75234985351562,163.8614044189453,-57.92436981201172,-73.23480987548828,165.40235900878906
1711476110.4281926,30.62000274658203,-39.84517288208008,148.0740509033203,-27.219993591308594,-62.17751693725586,149.81295776367188,56.7248420715332,-72.75234985351562,163.8623504638672,-57.91952896118164,-73.23480987548828,165.3995361328125
1711476110.4381807,30.62000274658203,-39.85783386230469,148.06484985351562,-27.219993591308594,-62.17751693725586,149.81170654296875,56.70734405517578,-72.75234985351562,163.84454345703125,-57.89484405517578,-73.24840545654297,165.39236450195312
1711476110.4481764,30.613441467285156,-39.88705062866211,148.06484985351562,-27.20374870300293,-62.17751693725586,149.80484008789062,56.68218994140625,-72.75234985351562,163.84234619140625,-57.87249755859375,-73.25247192382812,165.3896942138672
1711476110.4581642,30.610002517700195,-39.888771057128906,148.03359985351562,-27.199995040893555,-62.17751693725586,149.78451538085938,56.63734436035156,-72.75234985351562,163.8234405517578,-57.85483932495117,-73.25247192382812,165.3723602294922
1711476110.4681816,30.60093879699707,-39.91658020019531,148.03485107421875,-27.195152282714844,-62.18251419067383,149.76405334472656,56.58390808105469,-72.75234985351562,163.80079650878906,-57.81952667236328,-73.25247192382812,165.36907958984375
1711476110.478088,30.59718894958496,-39.961585998535156,148.03485107421875,-27.17999839782715,-62.18751907348633,149.7320098876953,56.5010986328125,-72.75234985351562,163.77313232421875,-57.77046585083008,-73.26246643066406,165.34344482421875
1711476110.4881694,30.579999923706055,-39.96892547607422,147.993896484375,-27.173744201660156,-62.18751907348633,149.69747924804688,56.407814025878906,-72.75234985351562,163.7392120361328,-57.71453094482422,-73.26246643066406,165.33798217773438
1711476110.4981875,30.57718849182129,-40.036739349365234,147.98826599121094,-27.159997940063477,-62.18751907348633,149.65921020507812,56.33750534057617,-72.75234985351562,163.70001220703125,-57.62218475341797,-73.28169250488281,165.30282592773438
1711476110.5082142,30.56999969482422,-40.12189483642578,147.96185302734375,-27.13999366760254,-62.18751907348633,149.61187744140625,56.28343963623047,-72.75234985351562,163.66563415527344,-57.47421646118164,-73.282470703125,165.26812744140625
1711476110.5182006,30.560001373291016,-40.150333404541016,147.91436767578125,-27.123119354248047,-62.18751907348633,149.56576538085938,56.23484802246094,-72.77188110351562,163.6370391845703,-57.38124465942383,-73.282470703125,165.2306365966797
1711476110.528166,30.54203224182129,-40.205955505371094,147.87591552734375,-27.11124610900879,-62.19345474243164,149.5348358154297,56.16468811035156,-72.77001190185547,163.60205078125,-57.27546691894531,-73.28590393066406,165.17250061035156
1711476110.5382104,30.53125,-40.24658203125,147.8151397705078,-27.089994430541992,-62.20751953125,149.5045166015625,56.079219818115234,-72.77001190185547,163.57749938964844,-57.16765594482422,-73.3024673461914,165.11375427246094
1711476110.548172,30.51187515258789,-40.245174407958984,147.78468322753906,-27.06952667236328,-62.21173858642578,149.46435546875,55.953125,-72.78079223632812,163.5442352294922,-57.01515197753906,-73.3024673461914,165.07611083984375
1711476110.55821,30.49172019958496,-40.28517532348633,147.7440643310547,-27.05374526977539,-62.21751403808594,149.46139526367188,55.8504753112793,-72.78001403808594,163.50454711914062,-56.888431549072266,-73.3024673461914,165.02455139160156
1711476110.5682416,30.466094970703125,-40.32861328125,147.7215576171875,-27.028902053833008,-62.22829818725586,149.4042205810547,55.73594284057617,-72.7986068725586,163.45562744140625,-56.752811431884766,-73.3208999633789,164.98719787597656
1711476110.5781906,30.416561126708984,-40.35861587524414,147.69296264648438,-26.99171257019043,-62.23611068725586,149.3990478515625,55.60953140258789,-72.81985473632812,163.35626220703125,-56.556243896484375,-73.33246612548828,164.93423461914062
1711476110.5880847,30.356876373291016,-40.430179595947266,147.67483520507812,-26.972654342651367,-62.24829864501953,149.35797119140625,55.407657623291016,-72.82001495361328,163.25328063964844,-56.3599967956543,-73.35169219970703,164.86985778808594
1711476110.5984132,30.25687599182129,-40.52923583984375,147.64498901367188,-26.935623168945312,-62.25438690185547,149.3074951171875,55.24484634399414,-72.83001708984375,163.13345336914062,-56.13984298706055,-73.35247039794922,164.7726593017578
1711476110.6081934,30.154218673706055,-40.62596130371094,147.62998962402344,-26.881868362426758,-62.25752258300781,149.23280334472656,55.00749969482422,-72.8509521484375,163.0489044189453,-55.8682746887207,-73.3824691772461,164.6078338623047
1711476110.6181912,30.06203269958496,-40.71299362182617,147.5965576171875,-26.786245346069336,-62.27954864501953,149.13014221191406,54.78921890258789,-72.8815689086914,163.0148468017578,-55.58811950683594,-73.3824691772461,164.4681396484375
1711476110.6281755,29.96015739440918,-40.78580093383789,147.56060791015625,-26.66609001159668,-62.28407669067383,149.01467895507812,54.56484603881836,-72.91158294677734,162.93516540527344,-55.35077667236328,-73.42496490478516,164.38937377929688
1711476110.63818,29.87047004699707,-40.846580505371094,147.51577758789062,-26.558433532714844,-62.30079650878906,148.96420288085938,54.28499984741211,-72.93360900878906,162.8673553466797,-55.05374526977539,-73.45433807373047,164.26890563964844
1711476110.6484,29.74500274658203,-40.92517852783203,147.44827270507812,-26.468904495239258,-62.33782958984375,148.90765380859375,54.015785217285156,-72.96001434326172,162.74656677246094,-54.7979621887207,-73.5320053100586,164.11282348632812
1711476110.658201,29.637189865112305,-41.04408264160156,147.3535919189453,-26.37593650817871,-62.35548782348633,148.8326416015625,53.7728157043457,-73.04875946044922,162.60203552246094,-54.499996185302734,-73.5904312133789,163.9846954345703
1711476110.6685555,29.53531265258789,-41.17502212524414,147.25498962402344,-26.30109214782715,-62.37861633300781,148.74749755859375,53.49484634399414,-73.12126159667969,162.52220153808594,-54.246402740478516,-73.66903686523438,163.9034423828125
1711476110.6782703,29.392032623291016,-41.28923797607422,147.1940460205078,-26.23280906677246,-62.42454528808594,148.6324920654297,53.23750305175781,-73.21345520019531,162.42750549316406,-53.93156051635742,-73.74856567382812,163.80047607421875
1711476110.68825,29.19562530517578,-41.36814880371094,147.1471710205078,-26.13983917236328,-62.46673583984375,148.53077697753906,52.90422058105469,-73.27938842773438,162.3050079345703,-53.62452697753906,-73.782470703125,163.65390014648438
1711476110.6981952,29.06906509399414,-41.47689437866211,147.09295654296875,-26.08359146118164,-62.49845504760742,148.47637939453125,52.58906555175781,-73.30360412597656,162.13157653808594,-53.29936981201172,-73.8259048461914,163.5040740966797
1711476110.708179,28.958282470703125,-41.619083404541016,147.03968811035156,-26.03656005859375,-62.55330276489258,148.40577697753906,52.27796936035156,-73.33219909667969,161.99720764160156,-52.904056549072266,-73.87136840820312,163.41140747070312
1711476110.7181826,28.77578353881836,-41.76642608642578,146.93670654296875,-25.970623016357422,-62.59814453125,148.32826232910156,51.92609786987305,-73.34298706054688,161.85874938964844,-52.49483871459961,-73.92230987548828,163.28407287597656
1711476110.7282412,28.630001068115234,-41.91595458984375,146.82281494140625,-25.885465621948242,-62.62189483642578,148.200927734375,51.58078384399414,-73.36001586914062,161.65188598632812,-52.05937194824219,-74.00668334960938,163.11907958984375
1711476110.738267,28.525468826293945,-42.07142639160156,146.7284393310547,-25.75562286376953,-62.62751770019531,148.0299835205078,51.25922393798828,-73.38704681396484,161.53094482421875,-51.65359115600586,-74.09074401855469,163.00860595703125
1711476110.748226,28.373437881469727,-42.22346115112305,146.6699981689453,-25.63999366760254,-62.65720748901367,147.93609619140625,50.92890930175781,-73.4353256225586,161.41094970703125,-51.23921203613281,-74.13668823242188,162.91969299316406
1711476110.7581859,28.201875686645508,-42.37564468383789,146.60797119140625,-25.532028198242188,-62.66220474243164,147.8679656982422,50.56016159057617,-73.49329376220703,161.2151641845703,-50.86093521118164,-74.1724624633789,162.75828552246094
1711476110.7681818,28.08234405517578,-42.5217399597168,146.5342254638672,-25.426090240478516,-62.68751907348633,147.76373291015625,50.1974983215332,-73.57111358642578,161.0620574951172,-50.42781066894531,-74.17668914794922,162.57423400878906
1711476110.778475,27.947031021118164,-42.65596008300781,146.5342254638672,-25.299528121948242,-62.70876693725586,147.60873413085938,49.798282623291016,-73.68407440185547,160.95814514160156,-50.021400451660156,-74.20199584960938,162.45391845703125
1711476110.7881784,27.756406784057617,-42.80705261230469,146.2831268310547,-25.169994354248047,-62.71095275878906,147.48263549804688,49.334537506103516,-73.75204467773438,160.80580139160156,-49.55327224731445,-74.2071533203125,162.28656005859375
1711476110.7981884,27.656564712524414,-42.95861053466797,146.18374633789062,-25.019371032714844,-62.74751663208008,147.37249755859375,48.85062789916992,-73.7762680053711,160.6195526123047,-49.10905838012695,-74.23777770996094,162.0635986328125
1711476110.8081863,27.516563415527344,-43.10282897949219,146.12249755859375,-24.79218292236328,-62.78767776489258,147.22171020507812,48.38734436035156,-73.82079315185547,160.4447021484375,-48.64984130859375,-74.26887512207031,161.93031311035156
1711476110.8182867,27.322187423706055,-43.23720932006836,146.0203094482422,-24.617027282714844,-62.80298614501953,147.07281494140625,47.96562576293945,-73.86048126220703,160.24484252929688,-48.216556549072266,-74.2898178100586,161.71766662597656
1711476110.828184,27.180156707763672,-43.385643005371094,145.88296508789062,-24.431087493896484,-62.85813903808594,146.98419189453125,47.57250213623047,-73.89313507080078,160.10032653808594,-47.77812194824219,-74.32762145996094,161.50282287597656
1711476110.8386927,27.039531707763672,-43.56236267089844,145.74281311035156,-24.2048397064209,-62.93220520019531,146.8540496826172,47.13750076293945,-73.92001342773438,159.9778289794922,-47.3185920715332,-74.37871551513672,161.2890625
1711476110.8482125,26.8309383392334,-43.71626663208008,145.6649932861328,-24.031869888305664,-62.99236297607422,146.68310546875,46.6634407043457,-73.96110534667969,159.75547790527344,-46.85890197753906,-74.43777465820312,161.04360961914062
1711476110.8582156,26.667814254760742,-43.90736389160156,145.5760955810547,-23.817808151245117,-63.05298614501953,146.5203094482422,46.17015838623047,-74.00048065185547,159.58343505859375,-46.37562561035156,-74.50981140136719,160.84078979492188
1711476110.8682146,26.462032318115234,-44.08705139160156,145.42578125,-23.667654037475586,-63.11830139160156,146.40811157226562,45.696720123291016,-74.0462646484375,159.44468688964844,-45.880306243896484,-74.59434509277344,160.60313415527344
1711476110.8781865,26.222030639648438,-44.27408218383789,145.26718139648438,-23.53234100341797,-63.12173843383789,146.23297119140625,45.26094055175781,-74.13970184326172,159.1751708984375,-45.39921569824219,-74.64028930664062,160.4256134033203
1711476110.8881812,25.985000610351562,-44.483299255371094,145.1649932861328,-23.373435974121094,-63.12751770019531,146.03952026367188,44.832191467285156,-74.2068862915039,158.97640991210938,-44.86265182495117,-74.67606353759766,160.17047119140625
1711476110.8981957,25.728126525878906,-44.69517517089844,145.0399932861328,-23.243743896484375,-63.14751434326172,145.89451599121094,44.412662506103516,-74.21454620361328,158.72891235351562,-44.33702850341797,-74.71012115478516,159.9639129638672
1711476110.9081948,25.49578094482422,-44.89439392089844,144.8348388671875,-23.11780548095703,-63.16080093383789,145.66387939453125,43.93109893798828,-74.24142456054688,158.50064086914062,-43.8174934387207,-74.71247100830078,159.7211151123047
1711476110.918199,25.241722106933594,-45.076271057128906,144.68780517578125,-22.934059143066406,-63.18751907348633,145.43450927734375,43.38937759399414,-74.2400131225586,158.2246856689453,-43.30577850341797,-74.73121643066406,159.52908325195312
1711476110.9281893,25.027502059936523,-45.26814270019531,144.55624389648438,-22.78452491760254,-63.19188690185547,145.2117156982422,42.80766296386719,-74.2400131225586,158.01251220703125,-42.79405975341797,-74.73841094970703,159.25172424316406
1711476110.9381835,24.78890609741211,-45.486427307128906,144.34780883789062,-22.65296745300293,-63.21017074584961,145.01795959472656,42.27421951293945,-74.27110290527344,157.75064086914062,-42.273902893066406,-74.778564453125,159.04486083984375
1711476110.94818,24.59312629699707,-45.67345428466797,144.19342041015625,-22.431556701660156,-63.24955368041992,144.84764099121094,41.76921844482422,-74.2962646484375,157.56532287597656,-41.738277435302734,-74.82059478759766,158.756103515625
1711476110.9582012,24.357969284057617,-45.87580490112305,144.02203369140625,-22.228118896484375,-63.26611328125,144.57701110839844,41.29093933105469,-74.33173370361328,157.32843017578125,-41.17734146118164,-74.86934661865234,158.51438903808594
1711476110.9681973,24.16547203063965,-46.05611038208008,143.80670166015625,-21.98249626159668,-63.28282928466797,144.40780639648438,40.77390670776367,-74.33454895019531,157.09812927246094,-40.63905715942383,-74.89669036865234,158.2123565673828
1711476110.9782128,23.892499923706055,-46.23533248901367,143.6629638671875,-21.73687171936035,-63.33876419067383,144.1726531982422,40.2400016784668,-74.35001373291016,156.7970428466797,-40.125308990478516,-74.95075225830078,157.93080139160156
1711476110.9881911,23.641563415527344,-46.413143157958984,143.46499633789062,-21.449214935302734,-63.38829803466797,143.97654724121094,39.68141174316406,-74.3542251586914,156.5392303466797,-39.60280990600586,-74.99934387207031,157.65048217773438
1711476110.9982436,23.338594436645508,-46.59736633300781,143.28656005859375,-21.24249839782715,-63.42751693725586,143.7468719482422,39.19109344482422,-74.38797760009766,156.24298095703125,-39.09218215942383,-75.03074645996094,157.37376403808594
1711476111.0081992,23.060468673706055,-46.80517578125,143.14405822753906,-21.00812339782715,-63.52767562866211,143.54014587402344,38.69187927246094,-74.4329833984375,155.9562530517578,-38.52093505859375,-75.0524673461914,157.1182861328125
1711476111.0182853,22.795000076293945,-47.016117095947266,142.93280029296875,-20.782495498657227,-63.58799362182617,143.30718994140625,38.1892204284668,-74.45236206054688,155.66517639160156,-37.97187042236328,-75.07183837890625,156.8271942138672
1711476111.0282009,22.49187660217285,-47.242523193359375,142.75,-20.60015296936035,-63.60752487182617,143.05482482910156,37.68421936035156,-74.47000885009766,155.35626220703125,-37.4481201171875,-75.07247161865234,156.55516052246094
1711476111.0382102,22.25672149658203,-47.478458404541016,142.55233764648438,-20.412967681884766,-63.65814208984375,142.83091735839844,37.12312698364258,-74.48454284667969,155.06048583984375,-36.960933685302734,-75.07247161865234,156.25189208984375
1711476111.0482407,21.99047088623047,-47.67720413208008,142.32765197753906,-20.282339096069336,-63.65751647949219,142.56109619140625,36.593910217285156,-74.4900131225586,154.73236083984375,-36.469993591308594,-75.09011840820312,155.95172119140625
1711476111.0582054,21.78078269958496,-47.92251968383789,142.15953063964844,-20.073904037475586,-63.66532897949219,142.30780029296875,36.04906463623047,-74.5115737915039,154.4406280517578,-35.93608856201172,-75.09246826171875,155.62484741210938
1711476111.0682123,21.569530487060547,-48.100643157958984,141.89889526367188,-19.871713638305664,-63.67361068725586,142.01905822753906,35.52547073364258,-74.510009765625,154.21844482421875,-35.34906005859375,-75.08997344970703,155.2836151123047
1711476111.0782585,21.385311126708984,-48.30908203125,141.69577026367188,-19.64702796936035,-63.69751739501953,141.7606201171875,34.984535217285156,-74.510009765625,153.9043731689453,-34.804683685302734,-75.0548095703125,154.97142028808594
1711476111.0882223,21.139842987060547,-48.47517395019531,141.4059295654297,-19.420307159423828,-63.69751739501953,141.53233337402344,34.50172424316406,-74.48298645019531,153.58187866210938,-34.285621643066406,-75.0548095703125,154.66798400878906
1711476111.0981894,20.89093780517578,-48.670021057128906,141.19046020507812,-19.16827964782715,-63.71455383300781,141.24905395507812,34.00422286987305,-74.47391510009766,153.28797912597656,-33.76374816894531,-75.0548095703125,154.31797790527344
1711476111.1082177,20.590625762939453,-48.85111618041992,140.93374633789062,-18.91655731201172,-63.71751403808594,141.0242156982422,33.50953674316406,-74.45376586914062,152.92063903808594,-33.25156021118164,-75.0515365600586,153.99610900878906
1711476111.11821,20.35562515258789,-49.03580093383789,140.7292022705078,-18.68921661376953,-63.72938919067383,140.76687622070312,32.9939079284668,-74.43470001220703,152.5762481689453,-32.718589782714844,-75.02418518066406,153.66954040527344
1711476111.1281946,20.061561584472656,-49.223148345947266,140.4637451171875,-18.442495346069336,-63.74673843383789,140.5124969482422,32.462188720703125,-74.40689086914062,152.24000549316406,-32.19343566894531,-75.00465393066406,153.30062866210938
1711476111.1382556,19.81968879699707,-49.40564727783203,140.25733947753906,-18.19593048095703,-63.74751663208008,140.22186279296875,31.934844970703125,-74.3426742553711,151.89625549316406,-31.687652587890625,-74.99481201171875,152.92141723632812
1711476111.14826,19.57093620300293,-49.57798767089844,140.0085906982422,-17.99921417236328,-63.78783416748047,139.91998291015625,31.441877365112305,-74.30829620361328,151.52938842773438,-31.19843292236328,-74.99481201171875,152.53610229492188
1711476111.1582012,19.326093673706055,-49.76533508300781,139.7945098876953,-17.851869583129883,-63.80783462524414,139.61717224121094,30.98359489440918,-74.2723617553711,151.22047424316406,-30.74405860900879,-74.97481536865234,152.1486053466797
1711476111.1682677,19.083749771118164,-49.938926696777344,139.5143585205078,-17.668434143066406,-63.82392883300781,139.28639221191406,30.543907165527344,-74.23439025878906,150.8470458984375,-30.254215240478516,-74.92324829101562,151.7971954345703
1711476111.1782124,18.86374855041504,-50.159080505371094,139.26031494140625,-17.485620498657227,-63.86674118041992,138.99420166015625,30.077972412109375,-74.19235229492188,150.4426727294922,-29.77202606201172,-74.86856079101562,151.43751525878906
1711476111.1881893,18.625627517700195,-50.34736633300781,138.95140075683594,-17.304370880126953,-63.89204788208008,138.66046142578125,29.523597717285156,-74.15735626220703,150.0245361328125,-29.21405792236328,-74.82512664794922,151.05047607421875
1711476111.1982749,18.41374969482422,-50.534080505371094,138.67202758789062,-17.075780868530273,-63.90751647949219,138.35858154296875,29.04187774658203,-74.12938690185547,149.646728515625,-28.711090087890625,-74.74496459960938,150.66546630859375
1711476111.2082477,18.15609359741211,-50.72861099243164,138.3698272705078,-16.888744354248047,-63.94845199584961,138.06373596191406,28.582345962524414,-74.08688354492188,149.28953552246094,-28.235620498657227,-74.67465209960938,150.29437255859375
1711476111.218217,17.90562629699707,-50.88205337524414,138.01951599121094,-16.621559143066406,-63.94751739501953,137.7145233154297,28.171878814697266,-74.06282806396484,148.96250915527344,-27.75265121459961,-74.63480377197266,149.87094116210938
1711476111.228225,17.6200008392334,-51.05939483642578,137.732177734375,-16.39311981201172,-63.94751739501953,137.38812255859375,27.78359603881836,-73.98751831054688,148.54205322265625,-27.262338638305664,-74.58387756347656,149.4534454345703
1711476111.238228,17.369688034057617,-51.23345947265625,137.4401397705078,-16.117652893066406,-63.94751739501953,137.04547119140625,27.32703399658203,-73.89766693115234,148.15501403808594,-26.79405975341797,-74.5391845703125,149.0517120361328
1711476111.2482085,17.102968215942383,-51.38580322265625,137.15623474121094,-15.919525146484375,-63.94751739501953,136.71218872070312,26.821565628051758,-73.76407623291016,147.7893829345703,-26.304372787475586,-74.48653411865234,148.6837615966797
1711476111.2590714,16.840469360351562,-51.53236389160156,137.15623474121094,-15.645463943481445,-63.93907928466797,136.35281372070312,26.31140899658203,-73.68125915527344,147.43516540527344,-25.84687042236328,-74.40809631347656,148.30844116210938
1711476111.2681892,16.595155715942383,-51.68205261230469,136.56483459472656,-15.469371795654297,-63.91236114501953,136.00296020507812,25.83094024658203,-73.60610961914062,147.01626586914062,-25.41265106201172,-74.31449890136719,147.91390991210938
1711476111.2782247,16.365779876708984,-51.8029899597168,136.2624969482422,-15.272496223449707,-63.89236068725586,135.6726531982422,25.406564712524414,-73.54844665527344,146.61094665527344,-24.99718475341797,-74.21402740478516,147.47720336914062
1711476111.2882817,16.153751373291016,-51.93501663208008,135.9364013671875,-15.07952880859375,-63.85658264160156,135.3221893310547,24.996252059936523,-73.44610595703125,146.12672424316406,-24.548744201660156,-74.13090515136719,147.03079223632812
1711476111.2982094,15.92281436920166,-52.06986618041992,135.58139038085938,-14.909842491149902,-63.81626892089844,135.00123596191406,24.60890769958496,-73.3192367553711,145.70703125,-24.137496948242188,-74.0626220703125,146.55859375
1711476111.3082097,15.720157623291016,-52.224082946777344,135.25624084472656,-14.67702579498291,-63.72064971923828,134.6023406982422,24.178752899169922,-73.22329711914062,145.30923461914062,-23.68952751159668,-74.01653289794922,146.1400146484375
1711476111.3182216,15.496405601501465,-52.357051849365234,134.8531036376953,-14.54812240600586,-63.64626693725586,134.2535858154297,23.746097564697266,-73.14173126220703,144.84750366210938,-23.25640106201172,-73.96591186523438,145.71548461914062
1711476111.3282146,15.226094245910645,-52.48564529418945,134.5115509033203,-14.344528198242188,-63.58189392089844,133.8452911376953,23.30375099182129,-73.04735565185547,144.3664093017578,-22.81859016418457,-73.87808990478516,145.3117218017578
1711476111.338232,15.007500648498535,-52.637203216552734,134.2039031982422,-14.155933380126953,-63.53001403808594,133.44920349121094,22.87687873840332,-72.93517303466797,143.90048217773438,-22.39655876159668,-73.73372650146484,144.838134765625
1711476111.3482485,14.75093936920166,-52.751426696777344,133.88124084472656,-13.916556358337402,-63.51985549926758,133.07562255859375,22.493907928466797,-72.7986068725586,143.4210968017578,-21.97796630859375,-73.59825134277344,144.3779754638672
1711476111.3582172,14.506094932556152,-52.88127136230469,133.55609130859375,-13.65827751159668,-63.48158264160156,132.73373413085938,22.160627365112305,-72.68438720703125,142.99407958984375,-21.559526443481445,-73.45747375488281,143.8606414794922
1711476111.3682144,14.266719818115234,-53.015174865722656,133.21029663085938,-13.435466766357422,-63.44657897949219,132.37796020507812,21.792814254760742,-72.57720184326172,142.650634765625,-21.12687110900879,-73.30325317382812,143.3742218017578
1711476111.3782222,13.992344856262207,-53.16861343383789,132.80140686035156,-13.172809600830078,-63.40751647949219,131.96905517578125,21.4090633392334,-72.41236114501953,142.20843505859375,-20.714370727539062,-73.16934204101562,142.93109130859375
1711476111.3882253,13.76500129699707,-53.30830383300781,132.39515686035156,-12.942498207092285,-63.32095718383789,131.591552734375,20.999845504760742,-72.27376556396484,141.76626586914062,-20.34968376159668,-73.07262420654297,142.50485229492188
1711476111.3982255,13.5337495803833,-53.41830062866211,132.0204620361328,-12.73936939239502,-63.21517562866211,131.15530395507812,20.614534378051758,-72.17610931396484,141.3126678466797,-20.00624656677246,-72.94075012207031,142.04078674316406
1711476111.4082322,13.308751106262207,-53.54502487182617,131.66732788085938,-12.560774803161621,-63.13783264160156,130.73155212402344,20.222501754760742,-72.03250885009766,140.799072265625,-19.638120651245117,-72.80340576171875,141.58062744140625
1711476111.4182153,13.091718673706055,-53.66658020019531,131.30874633789062,-12.35765266418457,-63.07220458984375,130.3445281982422,19.827346801757812,-71.87361145019531,140.34156799316406,-19.263277053833008,-72.63825225830078,141.07579040527344
1711476111.428206,12.899062156677246,-53.77970886230469,130.9862518310547,-12.219841957092285,-63.04204559326172,130.00717163085938,19.447345733642578,-71.77485656738281,139.93658447265625,-18.907184600830078,-72.45903015136719,140.61141967773438
1711476111.4382126,12.703125953674316,-53.822208404541016,130.57765197753906,-12.074997901916504,-63.04236602783203,129.64312744140625,19.082969665527344,-71.65501403808594,139.47845458984375,-18.53624725341797,-72.26153564453125,140.17422485351562
1711476111.4482307,12.444844245910645,-53.898773193359375,130.18280029296875,-11.875621795654297,-62.97267532348633,129.21592712402344,18.724531173706055,-71.50314331054688,138.94593811035156,-18.14702606201172,-72.0827865600586,139.64955139160156
1711476111.4582205,12.27968692779541,-53.99689865112305,129.78421020507812,-11.717650413513184,-62.89173889160156,128.77468872070312,18.347970962524414,-71.34922790527344,138.39141845703125,-17.793121337890625,-71.87434387207031,139.1642303466797
1711476111.4682317,12.006562232971191,-54.07470703125,129.3653106689453,-11.498119354248047,-62.82720184326172,128.3335723876953,18.035625457763672,-71.23063659667969,137.8978271484375,-17.45499610900879,-71.70247650146484,138.66563415527344
1711476111.478227,11.791250228881836,-54.145023345947266,128.93484497070312,-11.279213905334473,-62.71361541748047,127.88406372070312,17.67906379699707,-71.0540771484375,137.359375,-17.151714324951172,-71.5509033203125,138.13719177246094
1711476111.4882197,11.561406135559082,-54.19502258300781,128.5476531982422,-11.091558456420898,-62.59204864501953,127.46796417236328,17.347190856933594,-70.8767318725586,136.89047241210938,-16.828590393066406,-71.38997650146484,137.623291015625
1711476111.4982162,11.354220390319824,-54.22580337524414,128.1043701171875,-10.837963104248047,-62.53470230102539,127.02779388427734,17.05828285217285,-70.71188354492188,136.421875,-16.50640106201172,-71.2466812133789,137.13516235351562
1711476111.5082304,11.127812385559082,-54.245174407958984,127.69076538085938,-10.632497787475586,-62.48220443725586,126.54014587402344,16.739377975463867,-70.49954223632812,135.91937255859375,-16.201087951660156,-71.12496948242188,136.6703338623047
1711476111.5182285,10.928125381469727,-54.305335998535156,127.2723388671875,-10.397183418273926,-62.38002014160156,126.12342834472656,16.429222106933594,-70.33798217773438,135.41094970703125,-15.83030891418457,-70.92277526855469,136.07078552246094
1711476111.5282273,10.71500015258789,-54.36830139160156,126.84358978271484,-10.259995460510254,-62.27423858642578,125.67655181884766,16.086721420288086,-70.1082992553711,134.84750366210938,-15.467808723449707,-70.75621795654297,135.58062744140625
1711476111.538212,10.512032508850098,-54.44611740112305,126.41859436035156,-10.059995651245117,-62.17110824584961,125.224365234375,15.741877555847168,-69.91423034667969,134.35235595703125,-15.164997100830078,-70.57465362548828,135.04751586914062
1711476111.5482142,10.355782508850098,-54.525489807128906,125.99140167236328,-9.867809295654297,-62.07048034667969,124.80421447753906,15.397345542907715,-69.7298583984375,133.87954711914062,-14.817340850830078,-70.39137268066406,134.53610229492188
1711476111.5582478,10.149688720703125,-54.56220626831055,125.99140167236328,-9.729683876037598,-61.9993896484375,124.36997985839844,15.106721878051758,-69.52892303466797,133.33876037597656,-14.493122100830078,-70.22355651855469,134.02719116210938
1711476111.5682163,10.00546932220459,-54.5651741027832,125.13670349121094,-9.535152435302734,-61.88111114501953,123.95624542236328,14.796565055847168,-69.36376190185547,132.83843994140625,-14.235151290893555,-70.01043701171875,133.54486083984375
1711476111.578246,9.851250648498535,-54.5725212097168,124.72280883789062,-9.409995079040527,-61.74954605102539,123.50732421875,14.537813186645508,-69.14501190185547,132.2540740966797,-13.943745613098145,-69.78543090820312,132.94876098632812
1711476111.5882254,9.655000686645508,-54.57517623901367,124.31000518798828,-9.27952766418457,-61.63361358642578,123.05655670166016,14.293282508850098,-68.97360229492188,131.6800079345703,-13.740933418273926,-69.56137084960938,132.435791015625
1711476111.5982294,9.483282089233398,-54.57517623901367,123.864990234375,-9.110152244567871,-61.54907989501953,122.62201690673828,14.00312614440918,-68.80048370361328,131.20516967773438,-13.428902626037598,-69.33887481689453,131.92062377929688
1711476111.608197,9.264375686645508,-54.57517623901367,123.38046264648438,-8.947026252746582,-61.45532989501953,122.0943603515625,13.725471496582031,-68.59048461914062,130.68829345703125,-13.096714973449707,-69.12262725830078,131.41189575195312
1711476111.6182396,9.055469512939453,-54.57892608642578,122.95452117919922,-8.80296516418457,-61.32142639160156,121.62062072753906,13.39937686920166,-68.41641235351562,130.15533447265625,-12.806402206420898,-68.90512084960938,130.86517333984375
1711476111.6283212,8.871875762939453,-54.585174560546875,122.49452209472656,-8.614215850830078,-61.17048645019531,121.15421295166016,13.103594779968262,-68.19438934326172,129.59954833984375,-12.462651252746582,-68.71324920654297,130.35125732421875
1711476111.6382432,8.623437881469727,-54.585174560546875,122.04031372070312,-8.412809371948242,-61.01142883300781,120.69357299804688,12.79218864440918,-68.0184555053711,129.0479736328125,-12.164371490478516,-68.48590850830078,129.67877197265625
1711476111.648251,8.45093822479248,-54.60517883300781,121.59296417236328,-8.232808113098145,-60.83986282348633,120.18701171875,12.487502098083496,-67.79141235351562,128.478759765625,-11.905308723449707,-68.30543518066406,129.13845825195312
1711476111.6582458,8.2318754196167,-54.60517883300781,121.09312438964844,-8.016715049743652,-60.69767379760742,119.71717834472656,12.223126411437988,-67.56220245361328,127.92266082763672,-11.633121490478516,-68.10153198242188,128.61798095703125
1711476111.6682293,8.071720123291016,-54.5886116027832,120.59967803955078,-7.863590717315674,-60.55142593383789,119.24452209472656,11.94172191619873,-67.37033081054688,127.41922760009766,-11.384527206420898,-67.91653442382812,128.1017303466797
1711476111.6782663,7.907031536102295,-54.587520599365234,120.09889221191406,-7.6595282554626465,-60.41798782348633,118.75015258789062,11.691408157348633,-67.09032440185547,126.77000427246094,-11.134684562683105,-67.69356536865234,127.54219818115234
1711476111.688227,7.710781574249268,-54.587520599365234,119.646240234375,-7.478120803833008,-60.26438903808594,118.29389190673828,11.507345199584961,-66.86720275878906,126.21876525878906,-10.939996719360352,-67.45824432373047,126.99281311035156
1711476111.6982315,7.585938453674316,-54.57283020019531,119.20171356201172,-7.348277568817139,-60.10220718383789,117.82327270507812,11.331563949584961,-66.61782836914062,125.70750427246094,-10.682183265686035,-67.22012329101562,126.36688995361328
1711476111.7082345,7.426562786102295,-54.557518005371094,118.72858428955078,-7.171090126037598,-59.90564727783203,117.34357452392578,11.105783462524414,-66.40094757080078,125.16046905517578,-10.495464324951172,-67.00215911865234,125.86204528808594
1711476111.7182968,7.250781536102295,-54.51939392089844,118.20687103271484,-7.044684886932373,-59.73782730102539,116.86295318603516,10.943439483642578,-66.16157531738281,124.60047912597656,-10.243433952331543,-66.73152923583984,125.34078216552734
1711476111.7282262,7.144375324249268,-54.517520904541016,117.67593383789062,-6.9362473487854,-59.57986068725586,116.35030364990234,10.639533996582031,-65.95423126220703,124.04281616210938,-10.028903007507324,-66.48075103759766,124.78970336914062
1711476111.7392755,7.019688129425049,-54.517520904541016,117.2176513671875,-6.827809810638428,-59.42626953125,115.87920379638672,10.400626182556152,-65.70423126220703,123.47016143798828,-9.78187084197998,-66.21559143066406,124.21172332763672
1711476111.7482374,6.856875419616699,-54.49189758300781,116.74748992919922,-6.660463809967041,-59.28220748901367,115.38436889648438,10.076251029968262,-65.5111083984375,122.92251586914062,-9.54358959197998,-65.97918701171875,123.63125610351562
1711476111.758244,6.721563339233398,-54.47751998901367,116.28280639648438,-6.562182903289795,-59.13111114501953,114.87357330322266,9.790314674377441,-65.25048065185547,122.36439514160156,-9.298121452331543,-65.69808959960938,122.98655700683594
1711476111.7682452,6.609687805175781,-54.428924560546875,115.76124572753906,-6.411247253417969,-58.96736145019531,114.33576202392578,9.517658233642578,-65.04063415527344,121.77500915527344,-9.097496032714844,-65.48855590820312,122.45704650878906
1711476111.7782109,6.410937786102295,-54.375484466552734,115.20296478271484,-6.244370937347412,-58.82142639160156,113.81342315673828,9.239376068115234,-64.7643814086914,121.09516143798828,-8.874526977539062,-65.21090698242188,121.87156677246094
1711476111.7881706,6.230625629425049,-54.34751892089844,114.65218353271484,-6.108589172363281,-58.65314483642578,113.31123352050781,9.029533386230469,-64.55298614501953,120.53189086914062,-8.673901557922363,-64.99918365478516,121.2923583984375
1711476111.7982442,6.083906650543213,-54.23548889160156,114.15718841552734,-5.977497100830078,-58.48002243041992,112.83390045166016,8.796876907348633,-64.2879867553711,119.99937438964844,-8.511558532714844,-64.7351303100586,120.67141723632812
1711476111.808242,5.869375228881836,-54.138145446777344,113.66311645507812,-5.819215774536133,-58.31283187866211,112.3371810913086,8.644376754760742,-64.03141784667969,119.49625396728516,-8.289058685302734,-64.52762603759766,120.11563110351562
1711476111.8182664,5.756563186645508,-54.08064270019531,113.17390441894531,-5.67124605178833,-58.10236358642578,111.82234191894531,8.514220237731934,-63.76063919067383,118.93360900878906,-8.130777359008789,-64.20809936523438,119.49359893798828
1711476111.8283381,5.633593559265137,-54.00908279418945,112.66061401367188,-5.564839839935303,-57.90814208984375,111.31233215332031,8.352814674377441,-63.529541015625,118.36656188964844,-7.905620098114014,-63.97605895996094,118.9815673828125
1711476111.8382697,5.464062690734863,-53.95064163208008,112.11717224121094,-5.419528484344482,-57.72532653808594,110.80545043945312,8.240158081054688,-63.27470016479492,117.75234985351562,-7.723745346069336,-63.67356491088867,118.39813995361328
1711476111.8482432,5.332657337188721,-53.91127014160156,111.59733581542969,-5.259370803833008,-57.51798629760742,110.28437042236328,8.118907928466797,-63.08689498901367,117.20875549316406,-7.528902053833008,-63.41028594970703,117.78813934326172
1711476111.8582523,5.25390625,-53.814083099365234,111.04468536376953,-5.152652263641357,-57.34736633300781,109.79827117919922,7.947658061981201,-62.84095001220703,116.61219787597656,-7.299839496612549,-63.15215301513672,117.17422485351562
1711476111.8682563,5.163594722747803,-53.706268310546875,110.54452514648438,-5.032339096069336,-57.18251419067383,109.32061004638672,7.749532699584961,-62.64079284667969,116.03782653808594,-7.1323394775390625,-62.92887496948242,116.63172912597656
1711476111.8782399,5.0581254959106445,-53.59783172607422,110.06155395507812,-4.8534345626831055,-56.98611068725586,108.77967834472656,7.5839080810546875,-62.342041015625,115.37250518798828,-6.90671443939209,-62.64293670654297,115.95376586914062
1711476111.8882284,4.963281631469727,-53.5182991027832,109.54187774658203,-4.729058742523193,-56.79236602783203,108.25139617919922,7.33687686920166,-62.10266876220703,114.71610260009766,-6.760776519775391,-62.411376953125,115.37657165527344
1711476111.8982668,4.874844551086426,-53.48548889160156,109.00139617919922,-4.639995098114014,-56.57658386230469,107.72014617919922,7.104063987731934,-61.84126281738281,114.14109802246094,-6.568120956420898,-62.1680908203125,114.74970245361328
1711476111.908234,4.791093826293945,-53.370174407958984,108.4748306274414,-4.548745155334473,-56.42079544067383,107.1926498413086,6.825314044952393,-61.57251739501953,113.60688018798828,-6.349058151245117,-61.90168762207031,114.16156768798828
1711476111.9182465,4.686563014984131,-53.22970962524414,107.94717407226562,-4.427652359008789,-56.26392364501953,106.73467254638672,6.6229705810546875,-61.30141830444336,113.03376007080078,-6.192338943481445,-61.65230941772461,113.57344818115234
1711476111.9282382,4.581718921661377,-53.112205505371094,107.43468475341797,-4.314370155334473,-56.094234466552734,106.2237319946289,6.370939254760742,-61.00360870361328,112.46219635009766,-5.983120441436768,-61.39106750488281,113.00437927246094
1711476111.9382472,4.4839067459106445,-52.96189498901367,106.92046356201172,-4.2287468910217285,-55.941734313964844,105.70030212402344,6.192814350128174,-60.72626495361328,111.89141082763672,-5.822964191436768,-61.12449645996094,112.3112564086914
1711476111.9482598,4.398281574249268,-52.84361267089844,106.40624237060547,-4.1307783126831055,-55.772518157958984,105.14248657226562,6.01140832901001,-60.42173385620117,111.28579711914062,-5.687182903289795,-60.81699752807617,111.76891326904297
1711476111.9582899,4.29578161239624,-52.70064163208008,105.86437225341797,-4.012339115142822,-55.58814239501953,104.63092803955078,5.880314350128174,-60.20735549926758,110.72484588623047,-5.515620708465576,-60.58074951171875,111.2159423828125
1711476111.968248,4.1831254959106445,-52.54814529418945,105.33780670166016,-3.872339963912964,-55.421268463134766,104.09999084472656,5.755157947540283,-59.91157531738281,110.14204406738281,-5.359995365142822,-60.26387405395508,110.61344146728516
1711476111.9782135,4.057031631469727,-52.40705108642578,104.79436492919922,-3.7879655361175537,-55.215171813964844,103.60342407226562,5.643751621246338,-59.69876480102539,109.47532653808594,-5.23608922958374,-59.99856185913086,109.99610900878906
1711476111.98825,3.9342193603515625,-52.26173782348633,104.24983978271484,-3.72405743598938,-55.003143310546875,103.0860824584961,5.5043768882751465,-59.44453811645508,108.87297821044922,-5.086245536804199,-59.7813720703125,109.39579010009766
1711476111.9982662,3.8631253242492676,-52.11314392089844,103.72014617919922,-3.669996500015259,-54.75080108642578,102.59373474121094,5.37047004699707,-59.17767333984375,108.29391479492188,-4.953120231628418,-59.49762725830078,108.74454498291016
1711476112.0082464,3.7517192363739014,-51.98173904418945,103.23045349121094,-3.5985898971557617,-54.53111267089844,102.03811645507812,5.264220237731934,-58.90017318725586,107.69547271728516,-4.821088790893555,-59.26731491088867,108.22063446044922
1711476112.0182304,3.6370315551757812,-51.849082946777344,102.73514556884766,-3.5051512718200684,-54.349552154541016,101.5715560913086,5.137033462524414,-58.56844711303711,107.14203643798828,-4.633120536804199,-58.99622344970703,107.63391876220703
1711476112.0285575,3.497969388961792,-51.69877243041992,102.21592712402344,-3.384370803833008,-54.138771057128906,101.06685638427734,4.972658157348633,-58.27266311645508,106.51703643798828,-4.452026844024658,-58.73887634277344,107.00078582763672
1711476112.038254,3.4089066982269287,-51.58345413208008,102.21592712402344,-3.2789015769958496,-53.976112365722656,100.61811828613281,4.857501983642578,-57.97423553466797,105.9771957397461,-4.3343706130981445,-58.41856002807617,106.37532806396484
1711476112.0482595,3.304375410079956,-51.43173599243164,101.19046020507812,-3.164057731628418,-53.79204559326172,100.13014221191406,4.757345199584961,-57.73829650878906,105.44485473632812,-4.197183132171631,-58.18887710571289,105.8376693725586
1711476112.058245,3.1604692935943604,-51.29720687866211,100.64014434814453,-2.988276481628418,-53.602203369140625,99.552490234375,4.5771894454956055,-57.48798370361328,104.81282806396484,-4.033901691436768,-57.87403106689453,105.20500183105469
1711476112.0682518,3.0218756198883057,-51.179237365722656,100.1290512084961,-2.864527702331543,-53.39189529418945,98.98592376708984,4.408751964569092,-57.20845413208008,104.20923614501953,-3.929995536804199,-57.56747055053711,104.6612548828125
1711476112.078299,2.937969207763672,-51.0764274597168,99.63296508789062,-2.7648401260375977,-53.17705154418945,98.45061492919922,4.255314350128174,-56.97735595703125,103.54344177246094,-3.817807912826538,-57.31887435913086,104.03235626220703
1711476112.0882525,2.8354692459106445,-50.9557991027832,99.11717987060547,-2.6732778549194336,-53.00673294067383,97.94998168945312,4.003126621246338,-56.6768913269043,102.96234893798828,-3.6817142963409424,-57.01903533935547,103.41156768798828
1711476112.09826,2.700312852859497,-50.780487060546875,98.50999450683594,-2.557809352874756,-52.80845642089844,97.4420166015625,3.8401577472686768,-56.450016021728516,102.43563842773438,-3.5578079223632812,-56.78090286254883,102.8370361328125
1711476112.1082478,2.577500343322754,-50.63955307006836,97.96640014648438,-2.4509334564208984,-52.61220169067383,96.89405822753906,3.6643764972686768,-56.121578216552734,101.87797546386719,-3.468745231628418,-56.50215530395508,102.2964096069336
1711476112.1182683,2.507500410079956,-50.489864349365234,97.43701934814453,-2.3681211471557617,-52.412986755371094,96.37405395507812,3.4770333766937256,-55.84954071044922,101.26876068115234,-3.403433084487915,-56.248558044433594,101.6646957397461
1711476112.1282732,2.4206254482269287,-50.322052001953125,96.95343017578125,-2.278745174407959,-52.175331115722656,95.87843322753906,3.3548457622528076,-55.541419982910156,100.67969512939453,-3.323120594024658,-55.984188079833984,101.10234832763672
1711476112.1382904,2.3371877670288086,-50.192989349365234,96.46109008789062,-2.218902111053467,-51.96095275878906,95.41732788085938,3.1854708194732666,-55.224388122558594,100.08345031738281,-3.22312068939209,-55.69043731689453,100.47281646728516
1711476112.1482632,2.254687786102295,-50.029083251953125,95.97405242919922,-2.123746871948242,-51.70704650878906,94.96014404296875,3.039689302444458,-55.009544372558594,99.52328491210938,-3.109370470046997,-55.4337158203125,99.90047454833984
1711476112.15833,2.175469160079956,-49.84001922607422,95.38796997070312,-2.058122158050537,-51.482364654541016,94.4649887084961,2.942502021789551,-54.73329544067383,98.94750213623047,-2.996401786804199,-55.0698127746582,99.33235168457031
1711476112.1682534,2.1128129959106445,-49.68001937866211,94.87077331542969,-1.9890594482421875,-51.23673629760742,93.9571762084961,2.872814655303955,-54.55345153808594,98.36156463623047,-2.9156205654144287,-54.80356216430664,98.75297546386719
1711476112.178294,2.0407817363739014,-49.50830078125,94.37077331542969,-1.9351531267166138,-51.04111099243164,93.4302978515625,2.7859394550323486,-54.29329299926758,97.74766540527344,-2.812808036804199,-54.52278137207031,98.14314270019531
1711476112.1882498,1.9809379577636719,-49.34095764160156,93.90921020507812,-1.8668723106384277,-50.84782791137695,92.91091918945312,2.716252088546753,-54.073604583740234,97.17876434326172,-2.7090578079223633,-54.25153350830078,97.59735107421875
1711476112.1983106,1.9146878719329834,-49.18783187866211,93.41499328613281,-1.7978096008300781,-50.66127014160156,92.45295715332031,2.6464080810546875,-53.798606872558594,96.63782501220703,-2.623276710510254,-54.032936096191406,97.05001068115234
1711476112.2082105,1.852344036102295,-49.02299118041992,92.88436889648438,-1.738121509552002,-50.481266021728516,91.92655181884766,2.562502145767212,-53.5345458984375,96.1178207397461,-2.54343318939209,-53.7807502746582,96.51282501220703
1711476112.2183275,1.7832818031311035,-48.858299255371094,92.32858276367188,-1.6789031028747559,-50.28642654418945,91.4474868774414,2.492814302444458,-53.23844909667969,95.59172821044922,-2.4518704414367676,-53.567623138427734,95.95594787597656
1711476112.228261,1.7201566696166992,-48.71158218383789,91.83280944824219,-1.6189026832580566,-50.061737060546875,90.92185974121094,2.4437520503997803,-52.96454620361328,95.01641082763672,-2.359683036804199,-53.27778625488281,95.36656951904297
1711476112.2382636,1.6368755102157593,-48.555171966552734,91.32030487060547,-1.5540575981140137,-49.819393157958984,90.43421173095703,2.4201581478118896,-52.70219802856445,94.4803237915039,-2.246089220046997,-53.07387161254883,94.88469696044922
1711476112.2482736,1.5742192268371582,-48.40298843383789,90.83795928955078,-1.4828085899353027,-49.63470458984375,89.93248748779297,2.3801581859588623,-52.38095474243164,93.90125274658203,-2.1610891819000244,-52.79496765136719,94.31735229492188
1711476112.2584283,1.5012503862380981,-48.247989654541016,90.36077117919922,-1.4160895347595215,-49.43486022949219,89.50296020507812,2.3140645027160645,-52.14720153808594,93.3181381225586,-2.0773394107818604,-52.54747009277344,93.76251220703125
1711476112.2682583,1.4407817125320435,-48.0651741027832,89.85952758789062,-1.3634347915649414,-49.21470642089844,88.97122955322266,2.217970848083496,-51.87236022949219,92.7801742553711,-1.9914016723632812,-52.26496887207031,93.19219207763672
1711476112.2783072,1.3520317077636719,-48.0651741027832,89.85952758789062,-1.3385891914367676,-48.98845672607422,88.50576782226562,2.1248457431793213,-51.637516021728516,92.16094970703125,-1.8926516771316528,-52.02012634277344,92.60189056396484
1711476112.288265,1.2778128385543823,-47.74986267089844,88.82577514648438,-1.3251519203186035,-48.777828216552734,88.01514434814453,2.0225019454956055,-51.39079284667969,91.58438110351562,-1.7932766675949097,-51.7132453918457,92.04751586914062
1711476112.2982638,1.2015628814697266,-47.60017395019531,88.3660888671875,-1.3099956512451172,-48.54032897949219,87.53482818603516,1.9881269931793213,-51.18110656738281,91.11968994140625,-1.6868704557418823,-51.4202766418457,91.4725112915039
1711476112.3082874,1.1210942268371582,-47.4397087097168,87.90764617919922,-1.2681221961975098,-48.32173538208008,87.044677734375,1.9360955953598022,-50.87641906738281,90.55220031738281,-1.6034331321716309,-51.19247055053711,90.9832992553711
1711476112.318332,1.0678129196166992,-47.2834587097168,87.44624328613281,-1.2096834182739258,-48.12564468383789,86.61935424804688,1.857501745223999,-50.6026725769043,90.03812408447266,-1.524526834487915,-50.90590286254883,90.45234680175781
1711476112.3282654,0.9923441410064697,-47.11127471923828,86.9407730102539,-1.1292147636413574,-47.93080139160156,86.173583984375,1.754533290863037,-50.33423614501953,89.51172637939453,-1.412339210510254,-50.72793960571289,89.8878173828125
1711476112.3386188,0.9221879243850708,-47.11127471923828,86.9407730102539,-1.0374951362609863,-47.77235794067383,85.7443618774414,1.6535956859588623,-50.02391815185547,89.03423309326172,-1.3137454986572266,-50.484031677246094,89.32532501220703
1711476112.348295,0.8312503695487976,-46.77861022949219,86.03250122070312,-0.9714031219482422,-47.62142562866211,85.27046203613281,1.5635956525802612,-49.78579330444336,88.541259765625,-1.2087454795837402,-50.238563537597656,88.82438659667969
1711476112.3583236,0.7700003385543823,-46.59455490112305,85.5648422241211,-0.9115577340126038,-47.45064163208008,84.7974853515625,1.5020331144332886,-49.50345230102539,88.02828979492188,-1.1417142152786255,-49.93028259277344,88.37157440185547
1711476112.368279,0.6681253910064697,-46.439083099365234,85.10858917236328,-0.8487462997436523,-47.27017593383789,84.3157730102539,1.4340643882751465,-49.303916931152344,87.51922607421875,-1.0812454223632812,-49.66168975830078,87.88188934326172
1711476112.378277,0.6023441553115845,-46.26345443725586,84.64952087402344,-0.7999968528747559,-47.103458404541016,83.9007797241211,1.3232831954956055,-49.02376174926758,86.88813018798828,-1.0301517248153687,-49.31293487548828,87.33140563964844
1711476112.3882732,0.5478128790855408,-46.09830093383789,84.18358612060547,-0.7232785224914551,-46.913455963134766,83.470458984375,1.2231268882751465,-48.82283020019531,86.34891510009766,-0.9845267534255981,-49.06528091430664,86.78688049316406
1711476112.3982444,0.5062503218650818,-45.94111633300781,83.6792221069336,-0.6456208229064941,-46.73454666137695,83.03295135498047,1.1131268739700317,-48.57063674926758,85.85625457763672,-0.9162454605102539,-48.83372116088867,86.2517318725586
1711476112.4083142,0.49000030755996704,-45.77736282348633,83.22311401367188,-0.5543708801269531,-46.50954818725586,82.59061431884766,1.0271893739700317,-48.36907196044922,85.38438415527344,-0.8246830105781555,-48.60824966430664,85.78843688964844
1711476112.4182806,0.49000030755996704,-45.61830139160156,82.78280639648438,-0.48405885696411133,-46.30830001831055,82.1160888671875,0.9546893239021301,-48.15422821044922,84.89734649658203,-0.7146829962730408,-48.37309265136719,85.25344848632812
1711476112.4283047,0.4850004017353058,-45.482521057128906,82.35702514648438,-0.4454660415649414,-46.10236358642578,81.65530395507812,0.851564347743988,-47.92860794067383,84.34156799316406,-0.6584330201148987,-48.11528015136719,84.81140899658203
1711476112.4382806,0.4626566171646118,-45.325645446777344,81.94422149658203,-0.39843320846557617,-45.932674407958984,81.24295806884766,0.7420331239700317,-47.690948486328125,83.873291015625,-0.6124955415725708,-47.90496826171875,84.29281616210938
1711476112.4482818,0.40015652775764465,-45.13783264160156,81.50467681884766,-0.3967142105102539,-45.75017166137695,80.87451934814453,0.6325018405914307,-47.460636138916016,83.37235260009766,-0.5826517939567566,-47.64277648925781,83.7818832397461
1711476112.4583256,0.32750025391578674,-44.974552154541016,81.02499389648438,-0.3679656982421875,-45.550174713134766,80.47686767578125,0.5648455619812012,-47.170326232910156,82.92969512939453,-0.553276777267456,-47.43043899536133,83.27125549316406
1711476112.468281,0.258750319480896,-44.80361557006836,80.5931167602539,-0.35140275955200195,-45.39142608642578,80.07467651367188,0.4931269884109497,-46.96157455444336,82.51063537597656,-0.5289018154144287,-47.2416877746582,82.830322265625
1711476112.478275,0.1900002360343933,-44.62189865112305,80.21451568603516,-0.29812097549438477,-45.20095443725586,79.6535873413086,0.4431268572807312,-46.677513122558594,81.99797821044922,-0.4560892879962921,-47.0068473815918,82.3103256225586
1711476112.4882762,0.1378127932548523,-44.46657943725586,79.85218048095703,-0.21093368530273438,-45.01298904418945,79.24607849121094,0.3957831859588623,-46.485328674316406,81.50907135009766,-0.39843302965164185,-46.77043914794922,81.90203857421875
1711476112.4983823,0.08093774318695068,-44.28892517089844,79.46077728271484,-0.11765241622924805,-44.83720779418945,78.86357879638672,0.3454706072807312,-46.24173355102539,81.02891540527344,-0.3246830105781555,-46.532310485839844,81.4314193725586
1711476112.508289,0.01234397292137146,-44.118614196777344,79.06015014648438,-0.027964115142822266,-44.68251419067383,78.48452758789062,0.25328323245048523,-46.03954315185547,80.58563232421875,-0.25796425342559814,-46.30528259277344,80.95001220703125
1711476112.5183074,-0.0389060378074646,-43.9514274597168,78.6349868774414,0.05078554153442383,-44.519081115722656,78.14498901367188,0.17672061920166016,-45.81547927856445,80.14157104492188,-0.21858924627304077,-46.062625885009766,80.46438598632812
1711476112.5282884,-0.06781220436096191,-43.80705261230469,78.19062042236328,0.09922266006469727,-44.36111068725586,77.77389526367188,0.11390820145606995,-45.61564254760742,79.7400131225586,-0.1857767552137375,-45.8666877746582,80.05282592773438
1711476112.538328,-0.09328097105026245,-43.64299011230469,77.76608276367188,0.16609668731689453,-44.18939208984375,77.3840560913086,0.08297070860862732,-45.42048645019531,79.35672760009766,-0.18124549090862274,-45.620906829833984,79.54969787597656
1711476112.548303,-0.13781219720840454,-43.49642562866211,77.39562225341797,0.21875381469726562,-44.009395599365234,76.97248840332031,0.06906434893608093,-45.19267272949219,78.8776626586914,-0.15640175342559814,-45.437625885009766,79.15203857421875
1711476112.5583007,-0.171249657869339,-43.35673522949219,77.03483581542969,0.2596902847290039,-43.86142349243164,76.58905029296875,0.06484568119049072,-45.019229888916016,78.4636001586914,-0.15483924746513367,-45.21918869018555,78.71454620361328
1711476112.5682833,-0.2146872878074646,-43.208770751953125,76.6751480102539,0.32187938690185547,-43.67939758300781,76.23139190673828,0.06484568119049072,-44.807044982910156,78.06547546386719,-0.1231204941868782,-45.04371643066406,78.27141571044922
1711476112.5782473,-0.25984346866607666,-43.069236755371094,76.6751480102539,0.36203622817993164,-43.50705337524414,75.88124084472656,0.05812690034508705,-44.59782409667969,77.61563110351562,-0.097182996571064,-44.83403015136719,77.81484985351562
1711476112.5882819,-0.2924996614456177,-42.92986297607422,75.93843078613281,0.4196906089782715,-43.30204772949219,75.52029418945312,0.040626972913742065,-44.39798355102539,77.22673034667969,-0.05437050014734268,-44.62324905395508,77.3682861328125
1711476112.5982795,-0.31968727707862854,-42.810020446777344,75.51624298095703,0.4354715347290039,-43.09579849243164,75.16842651367188,0.02750188112258911,-44.174076080322266,76.79438781738281,-0.003901747055351734,-44.41481018066406,76.9743881225586
1711476112.6083155,-0.3243747353553772,-42.686580657958984,75.142333984375,0.4717230796813965,-42.918453216552734,74.85154724121094,-0.005154311656951904,-43.960479736328125,76.38672637939453,0.08391077071428299,-44.18137741088867,76.55250549316406
1711476112.6183207,-0.33999964594841003,-42.56767654418945,74.76561737060547,0.48000335693359375,-42.74986267089844,74.50483703613281,-0.04593551158905029,-43.74470520019531,76.0134506225586,0.15562953054904938,-43.993873596191406,76.20891571044922
1711476112.6282957,-0.33999964594841003,-42.44845962524414,74.44561767578125,0.5006289482116699,-42.610172271728516,74.17061614990234,-0.08859187364578247,-43.572669982910156,75.61969757080078,0.2154732644557953,-43.76309585571289,75.80828857421875
1711476112.6388702,-0.3532809019088745,-42.323455810546875,74.44561767578125,0.5000042915344238,-42.457359313964844,73.8146743774414,-0.15749812126159668,-43.38735580444336,75.24203491210938,0.26562952995300293,-43.56778335571289,75.4157943725586
1711476112.6483424,-0.3599996864795685,-42.19377136230469,73.80530548095703,0.5000042915344238,-42.319549560546875,73.51436614990234,-0.22624805569648743,-43.21282196044922,74.85047912597656,0.2870357930660248,-43.38200378417969,75.07750701904297
1711476112.6583004,-0.3751559555530548,-42.06611633300781,73.54390716552734,0.5054736137390137,-42.20095443725586,73.19764709472656,-0.2849981188774109,-43.064231872558594,74.52532196044922,0.3195357322692871,-43.18996810913086,74.67532348632812
1711476112.6683803,-0.37999972701072693,-41.94767761230469,73.24405670166016,0.5100035667419434,-42.085174560546875,72.94186401367188,-0.30577927827835083,-42.91048049926758,74.27079010009766,0.3251607418060303,-43.05543899536133,74.37032318115234
1711476112.678375,-0.3929685056209564,-41.83142852783203,72.92655181884766,0.5504727363586426,-41.95892333984375,72.68701934814453,-0.3401543200016022,-42.760948181152344,73.93392181396484,0.33187949657440186,-42.89059829711914,74.0447006225586
1711476112.688277,-0.3999997675418854,-41.68345642089844,72.60733032226562,0.5700039863586426,-41.827674865722656,72.40514373779297,-0.35515427589416504,-42.611106872558594,73.6032943725586,0.3493794798851013,-42.721378326416016,73.7181396484375
1711476112.698549,-0.41874974966049194,-41.55126953125,72.60733032226562,0.6042218208312988,-41.680641174316406,72.12498474121094,-0.3634355962276459,-42.43220520019531,73.2936019897461,0.3873482346534729,-42.55856704711914,73.37937927246094
1711476112.7082753,-0.4299996793270111,-41.40314865112305,71.98639678955078,0.6100034713745117,-41.556583404541016,71.84701538085938,-0.3854668140411377,-42.28001403808594,72.95313262939453,0.4150044918060303,-42.364810943603516,73.01750946044922
1711476112.718292,-0.4598434269428253,-41.24861145019531,71.73123931884766,0.6414103507995605,-41.44017028808594,71.61920928955078,-0.3851543366909027,-42.14376449584961,72.66016387939453,0.45953574776649475,-42.20528030395508,72.66984558105469
1711476112.7283022,-0.491874635219574,-41.139705657958984,71.44889831542969,0.6667232513427734,-41.30126953125,71.28936004638672,-0.4032793641090393,-41.95079040527344,72.30532836914062,0.49750444293022156,-42.03044128417969,72.37234497070312
1711476112.738297,-0.515468418598175,-41.00814437866211,71.22514343261719,0.7104730606079102,-41.184391021728516,71.06092834472656,-0.4256230592727661,-41.78470230102539,72.00625610351562,0.5854732990264893,-41.855751037597656,72.03563690185547
1711476112.7482774,-0.5587497353553772,-40.89830017089844,70.9520263671875,0.7714104652404785,-41.08204650878906,70.76905059814453,-0.4351542890071869,-41.63642120361328,71.69969177246094,0.6664107441902161,-41.71262741088867,71.76563262939453
1711476112.7594385,-0.6190621852874756,-40.78986358642578,70.72327423095703,0.8220338821411133,-40.97423553466797,70.501708984375,-0.4764043092727661,-41.480010986328125,71.44782257080078,0.7126607894897461,-41.549503326416016,71.49453735351562
1711476112.7683265,-0.6707809567451477,-40.66033172607422,70.45046997070312,0.8645343780517578,-40.84126663208008,70.26374053955078,-0.5151543021202087,-41.332984924316406,71.17141723632812,0.7625044584274292,-41.40934753417969,71.21173095703125
1711476112.7783113,-0.7179685235023499,-40.57408142089844,70.23296356201172,0.8900046944618225,-40.73048400878906,70.04312133789062,-0.5418731570243835,-41.205013275146484,70.91751098632812,0.7842233180999756,-41.262935638427734,70.93376159667969
1711476112.7883182,-0.7781246304512024,-40.4865837097168,69.96640014648438,0.9209418892860413,-40.63533020019531,69.82217407226562,-0.5915606021881104,-41.052669525146484,70.603759765625,0.7951607704162598,-41.14262390136719,70.65454864501953
1711476112.798368,-0.7976558804512024,-40.419864654541016,69.751708984375,0.9289097189903259,-40.57548522949219,69.64733123779297,-0.6264042854309082,-40.904232025146484,70.31282043457031,0.7951607704162598,-41.02903366088867,70.41969299316406
1711476112.8083024,-0.815156102180481,-40.331268310546875,69.48703002929688,0.95187908411026,-40.48142623901367,69.4063949584961,-0.655154287815094,-40.78001403808594,70.03219604492188,0.8151608109474182,-40.86809158325195,70.11016845703125
1711476112.8192163,-0.8199995756149292,-40.24971008300781,69.286865234375,0.9500026702880859,-40.39876937866211,69.2356185913086,-0.7051543593406677,-40.67673110961914,69.78890991210938,0.8410982489585876,-40.73497009277344,69.84078979492188
1711476112.8283715,-0.8199995756149292,-40.163612365722656,69.03717803955078,0.957036018371582,-40.270328521728516,68.99404907226562,-0.7432794570922852,-40.55314254760742,69.56110382080078,0.8451607823371887,-40.63090515136719,69.60407257080078
1711476112.838273,-0.8199995756149292,-40.12657928466797,68.89093017578125,0.9600043892860413,-40.15220642089844,68.81404876708984,-0.7673418521881104,-40.4776725769043,69.34844207763672,0.8770357966423035,-40.51465606689453,69.37359619140625
1711476112.848329,-0.8226558566093445,-40.079864501953125,68.67967987060547,0.9600043892860413,-40.05345153808594,68.59701538085938,-0.7865604758262634,-40.377044677734375,69.11797332763672,0.8751607537269592,-40.40325164794922,69.15438842773438
1711476112.8583677,-0.8393749594688416,-40.03689956665039,68.51296997070312,0.9600043892860413,-39.92424011230469,68.41639709472656,-0.8009356260299683,-40.30345153808594,68.9625015258789,0.9059420824050903,-40.30622100830078,68.99860382080078
1711476112.8682876,-0.8399999141693115,-39.98408508300781,68.34233856201172,0.9600043892860413,-39.844234466552734,68.27264404296875,-0.8051544427871704,-40.24704360961914,68.77938842773438,0.9329732060432434,-40.18965530395508,68.7945327758789
1711476112.878493,-0.8584374189376831,-39.883460998535156,68.12421417236328,0.9600043892860413,-39.76782989501953,68.0587387084961,-0.8051544427871704,-40.18032455444336,68.61219787597656,0.9631295800209045,-40.073875427246094,68.666259765625
1711476112.8882968,-0.85999995470047,-39.805335998535156,68.01515197753906,0.9600043892860413,-39.73220443725586,67.90045928955078,-0.8096855878829956,-40.08251190185547,68.39407348632812,1.0057857036590576,-39.96902847290039,68.51375579833984
1711476112.8983023,-0.85999995470047,-39.75455093383789,67.87718200683594,0.9700035452842712,-39.72095489501953,67.78389739990234,-0.8195292949676514,-39.97392272949219,68.23406982421875,1.0551607608795166,-39.86434555053711,68.29312896728516
1711476112.9083061,-0.85999995470047,-39.71455383300781,67.70217895507812,0.9700035452842712,-39.70111083984375,67.61280059814453,-0.8401542901992798,-39.88267135620117,68.1315689086914,1.1050045490264893,-39.82075119018555,68.18406677246094
1711476112.9182732,-0.85999995470047,-39.68783187866211,67.58389282226562,0.9700035452842712,-39.67158126831055,67.47576904296875,-0.8640605211257935,-39.82673263549805,67.98251342773438,1.148754596710205,-39.78356170654297,68.01422882080078
1711476112.9283028,-0.8651560544967651,-39.68330383300781,67.46827697753906,0.9700035452842712,-39.62626647949219,67.37920379638672,-0.8651542663574219,-39.77329635620117,67.79141235351562,1.1871920824050903,-39.782310485839844,67.81344604492188
1711476112.938327,-0.8832812309265137,-39.66455078125,67.29061889648438,0.98140949010849,-39.54798889160156,67.24498748779297,-0.892654299736023,-39.744075775146484,67.69578552246094,1.2092232704162598,-39.76481246948242,67.67657470703125
1711476112.9483225,-0.8946874141693115,-39.60798645019531,67.14920806884766,0.9800029397010803,-39.45658493041992,67.11326599121094,-0.8951545357704163,-39.69423294067383,67.57907104492188,1.225160837173462,-39.735591888427734,67.52297973632812
1711476112.9583406,-0.9026560187339783,-39.560020446777344,67.06717681884766,0.9800029397010803,-39.37970733642578,67.03467559814453,-0.9271857142448425,-39.6087646484375,67.40531921386719,1.225160837173462,-39.67512512207031,67.32766723632812
1711476112.9682958,-0.9099999666213989,-39.50861740112305,66.9520263671875,0.9800029397010803,-39.32017517089844,66.9709243774414,-0.9287478923797607,-39.5054817199707,67.26266479492188,1.225160837173462,-39.59449768066406,67.23797607421875
1711476112.978338,-0.9099999666213989,-39.42924118041992,66.8148422241211,0.9907841086387634,-39.26767349243164,66.90873718261719,-0.955154299736023,-39.41407775878906,67.13656616210938,1.225160837173462,-39.489341735839844,67.115478515625
1711476112.9882286,-0.9099999666213989,-39.35220718383789,66.70936584472656,0.9900045394897461,-39.257205963134766,66.8137435913086,-0.9764043092727661,-39.33845138549805,66.98204040527344,1.225160837173462,-39.39637756347656,66.94485473632812
1711476112.9984832,-0.9099999666213989,-39.30361557006836,66.64061737060547,0.9900045394897461,-39.22236251831055,66.68936157226562,-0.982029378414154,-39.28251266479492,66.86172485351562,1.225160837173462,-39.327003479003906,66.84439086914062
1711476113.008291,-0.9099999666213989,-39.248924255371094,66.59217834472656,0.9900045394897461,-39.190486907958984,66.59841918945312,-0.9851542711257935,-39.248138427734375,66.8018798828125,1.225160837173462,-39.294029235839844,66.77860260009766
1711476113.0183096,-0.9099999666213989,-39.23126983642578,66.52811431884766,0.9900045394897461,-39.18767166137695,66.53717803955078,-0.9951543807983398,-39.189701080322266,66.73094940185547,1.225160837173462,-39.264347076416016,66.67001342773438
1711476113.0283442,-0.9099999666213989,-39.2175178527832,66.4309310913086,1.0106277465820312,-39.12173843383789,66.49061584472656,-1.0090603828430176,-39.107200622558594,66.64500427246094,1.225160837173462,-39.242000579833984,66.55266571044922
1711476113.0383344,-0.9162498116493225,-39.19267654418945,66.32202911376953,1.0200047492980957,-39.05626678466797,66.45796203613281,-1.0273417234420776,-39.007041931152344,66.51860046386719,1.225160837173462,-39.19387435913086,66.45016479492188
1711476113.048308,-0.9232810139656067,-39.18751907348633,66.24311828613281,1.02250337600708,-39.01782989501953,66.39248657226562,-1.0379669666290283,-38.94438552856445,66.42189025878906,1.225160837173462,-39.15059280395508,66.41297149658203
1711476113.0583186,-0.9399998188018799,-39.18017578125,66.24311828613281,1.0300040245056152,-38.96892547607422,66.33499145507812,-1.0653105974197388,-38.91438674926758,66.37469482421875,1.2301607131958008,-39.085750579833984,66.36063385009766
1711476113.0684428,-0.9492185115814209,-39.13923645019531,66.1740493774414,1.0300040245056152,-38.93064498901367,66.26764678955078,-1.0871853828430176,-38.89454650878906,66.34516906738281,1.2351608276367188,-39.00262451171875,66.3257827758789
1711476113.0783036,-0.9599997997283936,-39.10908508300781,66.15577697753906,1.0300040245056152,-38.92236328125,66.19014739990234,-1.1192166805267334,-38.88017272949219,66.29094696044922,1.2351608276367188,-38.94028091430664,66.29298400878906
1711476113.088303,-0.967187225818634,-39.071739196777344,66.11531066894531,1.0300040245056152,-38.9123649597168,66.13577270507812,-1.139841914176941,-38.87235641479492,66.25750732421875,1.2351608276367188,-38.90481185913086,66.25000762939453
1711476113.0983016,-0.9699997305870056,-39.02299118041992,66.07952880859375,1.0300040245056152,-38.9123649597168,66.09967803955078,-1.194685697555542,-38.84438705444336,66.20516967773438,1.2351608276367188,-38.87324523925781,66.19657135009766
1711476113.1083086,-0.9764059782028198,-38.95751953125,66.04046630859375,1.0300040245056152,-38.90314483642578,66.07295989990234,-1.2003105878829956,-38.83251190185547,66.14735412597656,1.2351608276367188,-38.86481475830078,66.1178207397461
1711476113.1183083,-0.979999840259552,-38.90580368041992,65.99562072753906,1.0300040245056152,-38.89689636230469,66.05358123779297,-1.2360918521881104,-38.80845260620117,66.08047485351562,1.2351608276367188,-38.84434509277344,66.04703521728516
1711476113.128325,-0.9939062595367432,-38.85939407348633,65.94998931884766,1.0300040245056152,-38.882362365722656,66.03607940673828,-1.2351542711257935,-38.7923583984375,66.021728515625,1.2351608276367188,-38.844810485839844,66.00735473632812
1711476113.138291,-1.0031249523162842,-38.82158279418945,65.9017105102539,1.0300040245056152,-38.875640869140625,66.02483367919922,-1.2623417377471924,-38.76939010620117,65.98188781738281,1.2351608276367188,-38.81293869018555,65.98438262939453
1711476113.1483192,-1.0295310020446777,-38.80752182006836,65.86468505859375,1.0300040245056152,-38.87236022949219,65.997802734375,-1.265154242515564,-38.752357482910156,65.9509506225586,1.2351608276367188,-38.81481170654297,65.96485137939453
1711476113.1583028,-1.0581248998641968,-38.80752182006836,65.8420181274414,1.0300040245056152,-38.86220169067383,65.98967742919922,-1.2856230735778809,-38.71470260620117,65.94766235351562,1.2351608276367188,-38.784812927246094,65.94656372070312
1711476113.1683166,-1.0887497663497925,-38.80752182006836,65.8148422241211,1.0300040245056152,-38.862361907958984,65.9748306274414,-1.2851542234420776,-38.68313980102539,65.9323501586914,1.2351608276367188,-38.74309158325195,65.93484497070312
1711476113.1783192,-1.1282811164855957,-38.789710998535156,65.81202697753906,1.0300040245056152,-38.862361907958984,65.954833984375,-1.295154333114624,-38.64329528808594,65.92234802246094,1.2351608276367188,-38.723716735839844,65.92079162597656
1711476113.1883156,-1.1428123712539673,-38.78752136230469,65.80484008789062,1.0300040245056152,-38.85236358642578,65.93467712402344,-1.3043731451034546,-38.58938980102539,65.91266632080078,1.2351608276367188,-38.66278076171875,65.91484832763672
1711476113.1983962,-1.1784374713897705,-38.767520904541016,65.79874420166016,1.0300040245056152,-38.84751892089844,65.92483520507812,-1.3051543235778809,-38.56204605102539,65.912353515625,1.2351608276367188,-38.61778259277344,65.91484832763672
1711476113.2083468,-1.1899999380111694,-38.767520904541016,65.79483032226562,1.0300040245056152,-38.84236145019531,65.89327239990234,-1.3051543235778809,-38.52360534667969,65.90235137939453,1.2351608276367188,-38.564186096191406,65.90485382080078
1711476113.218299,-1.2064061164855957,-38.767520904541016,65.78936767578125,1.0300040245056152,-38.83314514160156,65.8732681274414,-1.3051543235778809,-38.51157760620117,65.90235137939453,1.2351608276367188,-38.52824783325195,65.90485382080078
1711476113.2283263,-1.209999918937683,-38.767520904541016,65.78483581542969,1.0300040245056152,-38.82876968383789,65.85482788085938,-1.3051543235778809,-38.502357482910156,65.89157104492188,1.2351608276367188,-38.50481033325195,65.90485382080078
1711476113.238278,-1.2154686450958252,-38.767520904541016,65.78483581542969,1.0300040245056152,-38.80236053466797,65.81326293945312,-1.3051543235778809,-38.502357482910156,65.88235473632812,1.2351608276367188,-38.48278045654297,65.89547729492188
1711476113.2483215,-1.2199997901916504,-38.767520904541016,65.78483581542969,1.0300040245056152,-38.80236053466797,65.80936431884766,-1.3051543235778809,-38.502357482910156,65.88235473632812,1.2351608276367188,-38.48137283325195,65.89485168457031
1711476113.2583733,-1.2199997901916504,-38.767520904541016,65.78483581542969,1.0300040245056152,-38.80236053466797,65.76264190673828,-1.3051543235778809,-38.502357482910156,65.88235473632812,1.2351608276367188,-38.47481155395508,65.89485168457031
1711476113.2682917,-1.2300000190734863,-38.75861358642578,65.78483581542969,1.0300040245056152,-38.80236053466797,65.74858093261719,-1.3051543235778809,-38.502357482910156,65.87047576904297,1.2351608276367188,-38.47481155395508,65.89485168457031
1711476113.2783265,-1.2300000190734863,-38.75752258300781,65.78483581542969,1.0300040245056152,-38.78111267089844,65.73483276367188,-1.3051543235778809,-38.502357482910156,65.87235260009766,1.2351608276367188,-38.47481155395508,65.88485717773438
1711476113.2883143,-1.2395310401916504,-38.75752258300781,65.78483581542969,1.0300040245056152,-38.77580261230469,65.72421264648438,-1.3051543235778809,-38.49345397949219,65.87235260009766,1.2351608276367188,-38.47481155395508,65.88485717773438
1711476113.2983243,-1.2399998903274536,-38.75752258300781,65.78483581542969,1.0300040245056152,-38.772361755371094,65.7248306274414,-1.3051543235778809,-38.49235534667969,65.87235260009766,1.2351608276367188,-38.47481155395508,65.88485717773438
1711476113.3083093,-1.2399998903274536,-38.75752258300781,65.78483581542969,1.0300040245056152,-38.772361755371094,65.72013854980469,-1.3051543235778809,-38.49235534667969,65.87235260009766,1.2351608276367188,-38.47481155395508,65.88485717773438
1711476113.3183224,-1.2399998903274536,-38.75001907348633,65.78483581542969,1.0300040245056152,-38.772361755371094,65.71482849121094,-1.3051543235778809,-38.49235534667969,65.87235260009766,1.2351608276367188,-38.47481155395508,65.88485717773438
1711476113.3283134,-1.2399998903274536,-38.747520446777344,65.78483581542969,1.0300040245056152,-38.76236343383789,65.71482849121094,-1.3051543235778809,-38.49235534667969,65.87235260009766,1.2351608276367188,-38.47481155395508,65.88485717773438
1711476113.3383436,-1.2399998903274536,-38.747520446777344,65.78483581542969,1.041567325592041,-38.76236343383789,65.71482849121094,-1.3051543235778809,-38.49235534667969,65.87235260009766,1.2351608276367188,-38.47481155395508,65.88485717773438
1711476113.3483284,-1.2399998903274536,-38.747520446777344,65.78483581542969,1.0400032997131348,-38.75236511230469,65.71482849121094,-1.3051543235778809,-38.49235534667969,65.87235260009766,1.2351608276367188,-38.47481155395508,65.88485717773438
1711476113.358345,-1.2492185831069946,-38.747520446777344,65.78483581542969,1.0400032997131348,-38.75236511230469,65.71482849121094,-1.3051543235778809,-38.49235534667969,65.87235260009766,1.2351608276367188,-38.47481155395508,65.88485717773438
1711476113.368295,-1.25,-38.747520446777344,65.78483581542969,1.0467219352722168,-38.737674713134766,65.71482849121094,-1.3051543235778809,-38.49235534667969,65.87235260009766,1.2351608276367188,-38.47481155395508,65.88485717773438
1711476113.378321,-1.25,-38.747520446777344,65.78483581542969,1.0500049591064453,-38.72236251831055,65.71482849121094,-1.3051543235778809,-38.49235534667969,65.87235260009766,1.2351608276367188,-38.47481155395508,65.87484741210938
1711476113.3883154,-1.25,-38.747520446777344,65.78483581542969,1.0500049591064453,-38.69673538208008,65.71482849121094,-1.3051543235778809,-38.49235534667969,65.87235260009766,1.2351608276367188,-38.47481155395508,65.87484741210938
1711476113.3983157,-1.25,-38.73876953125,65.78483581542969,1.0500049591064453,-38.68235778808594,65.71482849121094,-1.3051543235778809,-38.49235534667969,65.87235260009766,1.2351608276367188,-38.47481155395508,65.87484741210938
1711476113.408323,-1.25,-38.73752212524414,65.78483581542969,1.0500049591064453,-38.65110778808594,65.71482849121094,-1.3051543235778809,-38.49235534667969,65.87235260009766,1.2351608276367188,-38.47481155395508,65.87484741210938
1711476113.4183416,-1.25,-38.73752212524414,65.78155517578125,1.0532855987548828,-38.63673400878906,65.71482849121094,-1.3051543235778809,-38.49235534667969,65.87235260009766,1.2351608276367188,-38.47481155395508,65.87484741210938
1711476113.4283268,-1.25,-38.73752212524414,65.77483367919922,1.0600042343139648,-38.60236358642578,65.71482849121094,-1.3051543235778809,-38.49235534667969,65.87235260009766,1.2351608276367188,-38.47481155395508,65.87484741210938
1711476113.4383624,-1.25,-38.73752212524414,65.77483367919922,1.0600042343139648,-38.56095886230469,65.71482849121094,-1.3051543235778809,-38.49235534667969,65.87235260009766,1.2351608276367188,-38.47481155395508,65.87484741210938
1711476113.4483867,-1.25,-38.73408508300781,65.77483367919922,1.0600042343139648,-38.54548645019531,65.71482849121094,-1.3051543235778809,-38.49235534667969,65.87235260009766,1.2351608276367188,-38.47481155395508,65.87484741210938
1711476113.4583974,-1.25,-38.72751998901367,65.77483367919922,1.0600042343139648,-38.53236389160156,65.71482849121094,-1.3051543235778809,-38.49235534667969,65.87235260009766,1.2351608276367188,-38.47481155395508,65.87484741210938
1711476113.4683297,-1.25,-38.72751998901367,65.77483367919922,1.0600042343139648,-38.51017761230469,65.71482849121094,-1.3051543235778809,-38.49235534667969,65.86766815185547,1.2351608276367188,-38.47481155395508,65.87484741210938
1711476113.4783702,-1.25,-38.72751998901367,65.77483367919922,1.0600042343139648,-38.512359619140625,65.71482849121094,-1.3051543235778809,-38.49235534667969,65.86235046386719,1.2351608276367188,-38.47481155395508,65.87484741210938
1711476113.4883356,-1.25,-38.72751998901367,65.77483367919922,1.0600042343139648,-38.50095748901367,65.71482849121094,-1.3051543235778809,-38.49235534667969,65.86235046386719,1.2351608276367188,-38.47481155395508,65.87235260009766
1711476113.4983156,-1.25,-38.72751998901367,65.77483367919922,1.0600042343139648,-38.50236511230469,65.71482849121094,-1.3051543235778809,-38.49235534667969,65.86235046386719,1.2351608276367188,-38.47481155395508,65.8648452758789
1711476113.5082939,-1.25,-38.72751998901367,65.77483367919922,1.0600042343139648,-38.50236511230469,65.71482849121094,-1.3051543235778809,-38.49235534667969,65.86235046386719,1.2351608276367188,-38.47481155395508,65.8648452758789
1711476113.5183945,-1.25,-38.72751998901367,65.77483367919922,1.0600042343139648,-38.49751663208008,65.71482849121094,-1.3051543235778809,-38.49235534667969,65.86235046386719,1.2351608276367188,-38.47481155395508,65.8648452758789
1711476113.5283685,-1.25,-38.72751998901367,65.77483367919922,1.0600042343139648,-38.49236297607422,65.71482849121094,-1.3051543235778809,-38.49235534667969,65.86235046386719,1.2351608276367188,-38.47481155395508,65.8648452758789
1711476113.5383656,-1.25,-38.72751998901367,65.77483367919922,1.0600042343139648,-38.49236297607422,65.71482849121094,-1.3051543235778809,-38.49235534667969,65.86235046386719,1.2351608276367188,-38.47481155395508,65.8648452758789
1711476113.5483305,-1.25,-38.72751998901367,65.77483367919922,1.0600042343139648,-38.49236297607422,65.71482849121094,-1.3051543235778809,-38.49235534667969,65.86235046386719,1.2351608276367188,-38.47481155395508,65.8648452758789
1711476113.5583565,-1.25,-38.72751998901367,65.77483367919922,1.0600042343139648,-38.49236297607422,65.7317123413086,-1.3051543235778809,-38.49235534667969,65.86235046386719,1.2351608276367188,-38.47481155395508,65.8648452758789
1711476113.5683453,-1.25,-38.72751998901367,65.77483367919922,1.0700035095214844,-38.49236297607422,65.72998809814453,-1.3051543235778809,-38.49235534667969,65.86235046386719,1.2351608276367188,-38.47481155395508,65.8648452758789
1711476113.5783424,-1.25,-38.72751998901367,65.77483367919922,1.0779714584350586,-38.49236297607422,65.72998809814453,-1.3051543235778809,-38.49235534667969,65.86235046386719,1.2351608276367188,-38.47481155395508,65.8648452758789
1711476113.588327,-1.25,-38.72751998901367,65.77483367919922,1.0903167724609375,-38.49236297607422,65.72998809814453,-1.3051543235778809,-38.49235534667969,65.86235046386719,1.2351608276367188,-38.47481155395508,65.8648452758789
1711476113.5983503,-1.25,-38.72751998901367,65.77483367919922,1.0900044441223145,-38.49236297607422,65.72998809814453,-1.3051543235778809,-38.49235534667969,65.86235046386719,1.2351608276367188,-38.47481155395508,65.8648452758789
1711476113.60835,-1.25,-38.72751998901367,65.77483367919922,1.1109423637390137,-38.49236297607422,65.739990234375,-1.3051543235778809,-38.49235534667969,65.86235046386719,1.2351608276367188,-38.47481155395508,65.8648452758789
1711476113.6183066,-1.25,-38.7248649597168,65.77483367919922,1.1100029945373535,-38.49236297607422,65.739990234375,-1.3051543235778809,-38.49235534667969,65.86235046386719,1.2351608276367188,-38.47481155395508,65.85501098632812
1711476113.6283376,-1.25,-38.7175178527832,65.77483367919922,1.112816333770752,-38.49236297607422,65.74311065673828,-1.3051543235778809,-38.49235534667969,65.86235046386719,1.2351608276367188,-38.47481155395508,65.85485076904297
1711476113.6382937,-1.25,-38.7175178527832,65.77483367919922,1.1300039291381836,-38.49236297607422,65.74998474121094,-1.3051543235778809,-38.49235534667969,65.86235046386719,1.2351608276367188,-38.47481155395508,65.85485076904297
1711476113.6483374,-1.25,-38.711585998535156,65.77483367919922,1.1300039291381836,-38.49236297607422,65.74998474121094,-1.3051543235778809,-38.49235534667969,65.85110473632812,1.2351608276367188,-38.47481155395508,65.85485076904297
1711476113.658346,-1.25,-38.70751953125,65.77483367919922,1.1487531661987305,-38.49236297607422,65.74998474121094,-1.3051543235778809,-38.49235534667969,65.85234832763672,1.2351608276367188,-38.47481155395508,65.85485076904297
1711476113.668285,-1.25,-38.70033264160156,65.77483367919922,1.1500048637390137,-38.49236297607422,65.74998474121094,-1.3051543235778809,-38.49235534667969,65.85234832763672,1.2351608276367188,-38.47481155395508,65.85485076904297
1711476113.678296,-1.25,-38.6975212097168,65.77483367919922,1.1550045013427734,-38.49236297607422,65.74998474121094,-1.3051543235778809,-38.49235534667969,65.85234832763672,1.2351608276367188,-38.47481155395508,65.85485076904297
1711476113.6883361,-1.25,-38.6975212097168,65.77483367919922,1.1632847785949707,-38.49236297607422,65.74998474121094,-1.3051543235778809,-38.49235534667969,65.85234832763672,1.2351608276367188,-38.47481155395508,65.85485076904297
1711476113.6983855,-1.25,-38.6975212097168,65.77483367919922,1.1700034141540527,-38.49236297607422,65.75357818603516,-1.3051543235778809,-38.49235534667969,65.85234832763672,1.2351608276367188,-38.47481155395508,65.85485076904297
1711476113.7083416,-1.25,-38.6975212097168,65.77483367919922,1.1746907234191895,-38.49236297607422,65.7707748413086,-1.3051543235778809,-38.49235534667969,65.85234832763672,1.2351608276367188,-38.47481155395508,65.85485076904297
1711476113.718362,-1.25,-38.6975212097168,65.77483367919922,1.1900043487548828,-38.49236297607422,65.76998901367188,-1.3051543235778809,-38.49235534667969,65.85234832763672,1.2351608276367188,-38.47481155395508,65.85485076904297
1711476113.728321,-1.25,-38.688926696777344,65.77483367919922,1.1951589584350586,-38.49236297607422,65.76998901367188,-1.3051543235778809,-38.49235534667969,65.85234832763672,1.2351608276367188,-38.4901237487793,65.85485076904297
1711476113.7383573,-1.25,-38.68751907348633,65.77483367919922,1.2100028991699219,-38.49236297607422,65.76998901367188,-1.3051543235778809,-38.49235534667969,65.85234832763672,1.2351608276367188,-38.492469787597656,65.85485076904297
1711476113.7483015,-1.25,-38.682674407958984,65.77483367919922,1.2193799018859863,-38.49236297607422,65.78186798095703,-1.3051543235778809,-38.49235534667969,65.85234832763672,1.2351608276367188,-38.492469787597656,65.85485076904297
1711476113.758363,-1.25,-38.677520751953125,65.77483367919922,1.22328519821167,-38.49236297607422,65.77999114990234,-1.3051543235778809,-38.49235534667969,65.85234832763672,1.2351608276367188,-38.492469787597656,65.85485076904297
1711476113.7682867,-1.25,-38.677520751953125,65.77483367919922,1.2400031089782715,-38.49236297607422,65.78701782226562,-1.3051543235778809,-38.49235534667969,65.85234832763672,1.2351608276367188,-38.492469787597656,65.85485076904297
1711476113.778374,-1.25,-38.673927307128906,65.77483367919922,1.2400031089782715,-38.49236297607422,65.78999328613281,-1.3051543235778809,-38.49235534667969,65.85234832763672,1.2351608276367188,-38.492469787597656,65.85485076904297
1711476113.7883623,-1.25,-38.66752243041992,65.77483367919922,1.2612533569335938,-38.49236297607422,65.7931137084961,-1.3051543235778809,-38.50032424926758,65.85234832763672,1.2351608276367188,-38.492469787597656,65.85485076904297
1711476113.7983136,-1.25,-38.66752243041992,65.77483367919922,1.2600040435791016,-38.49236297607422,65.79998779296875,-1.3051543235778809,-38.510013580322266,65.85234832763672,1.2351608276367188,-38.492469787597656,65.85485076904297
1711476113.8083487,-1.25,-38.65751647949219,65.77483367919922,1.2642216682434082,-38.49236297607422,65.79998779296875,-1.3051543235778809,-38.510013580322266,65.8425064086914,1.2351608276367188,-38.492469787597656,65.85485076904297
1711476113.8183577,-1.25,-38.65158462524414,65.79045867919922,1.2800049781799316,-38.49236297607422,65.79998779296875,-1.3051543235778809,-38.510013580322266,65.84235382080078,1.2351608276367188,-38.492469787597656,65.85485076904297
1711476113.8283496,-1.25,-38.64752197265625,65.79249572753906,1.2800049781799316,-38.49236297607422,65.79998779296875,-1.3051543235778809,-38.51579284667969,65.84235382080078,1.2351608276367188,-38.492469787597656,65.85485076904297
1711476113.8383749,-1.25,-38.64752197265625,65.79249572753906,1.2992215156555176,-38.49236297607422,65.81514739990234,-1.3051543235778809,-38.52001190185547,65.84235382080078,1.2351608276367188,-38.492469787597656,65.85485076904297
1711476113.8483315,-1.25,-38.64752197265625,65.79249572753906,1.3000035285949707,-38.50830078125,65.81998443603516,-1.3051543235778809,-38.52001190185547,65.83000183105469,1.2351608276367188,-38.492469787597656,65.8443832397461
1711476113.8583114,-1.25,-38.62939453125,65.79249572753906,1.3000035285949707,-38.50751876831055,65.81998443603516,-1.3051543235778809,-38.52001190185547,65.83235168457031,1.2351608276367188,-38.50168991088867,65.8448486328125
1711476113.868338,-1.25,-38.62751770019531,65.79249572753906,1.3100028038024902,-38.50751876831055,65.81998443603516,-1.3051543235778809,-38.53001403808594,65.83235168457031,1.2351608276367188,-38.50246810913086,65.8448486328125
1711476113.8783302,-1.25,-38.61830139160156,65.79249572753906,1.3100028038024902,-38.50751876831055,65.82998657226562,-1.3051543235778809,-38.53001403808594,65.83235168457031,1.2351608276367188,-38.50246810913086,65.8448486328125
1711476113.8883405,-1.25,-38.61751937866211,65.79249572753906,1.3100028038024902,-38.50751876831055,65.82998657226562,-1.3051543235778809,-38.53001403808594,65.83235168457031,1.2351608276367188,-38.50246810913086,65.8448486328125
1711476113.8992343,-1.25,-38.61751937866211,65.79249572753906,1.3100028038024902,-38.515018463134766,65.82998657226562,-1.3051543235778809,-38.5328254699707,65.83235168457031,1.2351608276367188,-38.50684356689453,65.8448486328125
1711476113.908379,-1.25,-38.599552154541016,65.79249572753906,1.3100028038024902,-38.51751708984375,65.82998657226562,-1.3051543235778809,-38.54001235961914,65.83235168457031,1.2351608276367188,-38.51246643066406,65.8448486328125
1711476113.918342,-1.25,-38.59751892089844,65.79249572753906,1.3100028038024902,-38.51751708984375,65.82998657226562,-1.3051543235778809,-38.54001235961914,65.83235168457031,1.2351608276367188,-38.51246643066406,65.8448486328125
1711476113.9283273,-1.25,-38.57752227783203,65.79249572753906,1.3100028038024902,-38.51751708984375,65.84014129638672,-1.3051543235778809,-38.54001235961914,65.83235168457031,1.2351608276367188,-38.51246643066406,65.8448486328125
1711476113.9383783,-1.25,-38.57752227783203,65.79249572753906,1.3100028038024902,-38.51751708984375,65.8399887084961,-1.3051543235778809,-38.54001235961914,65.83235168457031,1.2351608276367188,-38.51246643066406,65.8448486328125
1711476113.948354,-1.25,-38.56767654418945,65.79249572753906,1.3100028038024902,-38.51751708984375,65.8399887084961,-1.3051543235778809,-38.54001235961914,65.83235168457031,1.2351608276367188,-38.51246643066406,65.8448486328125
1711476113.958306,-1.25,-38.56752014160156,65.79249572753906,1.3100028038024902,-38.51751708984375,65.84999084472656,-1.3051543235778809,-38.54001235961914,65.83235168457031,1.2351608276367188,-38.51246643066406,65.8448486328125
1711476113.9683626,-1.25,-38.54783630371094,65.79249572753906,1.3100028038024902,-38.51751708984375,65.84999084472656,-1.3051543235778809,-38.54001235961914,65.83235168457031,1.2351608276367188,-38.51246643066406,65.8448486328125
1711476113.978297,-1.25,-38.54423904418945,65.79249572753906,1.3100028038024902,-38.51751708984375,65.84999084472656,-1.289997935295105,-38.54001235961914,65.83235168457031,1.2351608276367188,-38.51246643066406,65.8448486328125
1711476113.9883626,-1.25,-38.52751922607422,65.79249572753906,1.3100028038024902,-38.51751708984375,65.84999084472656,-1.289997935295105,-38.54001235961914,65.83235168457031,1.2351608276367188,-38.51246643066406,65.8448486328125
1711476113.9983873,-1.238124966621399,-38.50798797607422,65.79249572753906,1.3100028038024902,-38.51751708984375,65.84999084472656,-1.289997935295105,-38.54001235961914,65.83235168457031,1.2351608276367188,-38.51246643066406,65.8448486328125
1711476114.008357,-1.2323435544967651,-38.49751663208008,65.79249572753906,1.3100028038024902,-38.51751708984375,65.84999084472656,-1.2790606021881104,-38.54001235961914,65.83235168457031,1.2351608276367188,-38.51246643066406,65.8448486328125
1711476114.0183582,-1.2290624380111694,-38.46158218383789,65.79249572753906,1.3100028038024902,-38.51751708984375,65.84999084472656,-1.2799981832504272,-38.54001235961914,65.83235168457031,1.2351608276367188,-38.51246643066406,65.8448486328125
1711476114.0283723,-1.2223438024520874,-38.45751953125,65.79249572753906,1.3100028038024902,-38.52751541137695,65.84999084472656,-1.2685918807983398,-38.54001235961914,65.83235168457031,1.2351608276367188,-38.51606369018555,65.8448486328125
1711476114.0383575,-1.2223438024520874,-38.42955017089844,65.79249572753906,1.3100028038024902,-38.52751541137695,65.84999084472656,-1.2699979543685913,-38.54001235961914,65.83235168457031,1.2351608276367188,-38.52246856689453,65.8448486328125
1711476114.0483484,-1.2223438024520874,-38.423927307128906,65.79249572753906,1.3100028038024902,-38.52751541137695,65.84999084472656,-1.2699979543685913,-38.54001235961914,65.83235168457031,1.2351608276367188,-38.52246856689453,65.8448486328125
1711476114.058368,-1.2223438024520874,-38.397518157958984,65.79249572753906,1.3100028038024902,-38.52751541137695,65.84999084472656,-1.2699979543685913,-38.54001235961914,65.83235168457031,1.2351608276367188,-38.52246856689453,65.8448486328125
1711476114.06836,-1.2223438024520874,-38.397518157958984,65.79249572753906,1.3100028038024902,-38.52751541137695,65.84999084472656,-1.263748049736023,-38.54001235961914,65.83235168457031,1.2351608276367188,-38.52246856689453,65.8448486328125
1711476114.0783656,-1.2223438024520874,-38.397518157958984,65.79249572753906,1.3100028038024902,-38.52751541137695,65.84999084472656,-1.259998083114624,-38.54001235961914,65.83235168457031,1.2351608276367188,-38.52246856689453,65.8448486328125
1711476114.0883656,-1.2223438024520874,-38.397518157958984,65.79249572753906,1.3100028038024902,-38.52751541137695,65.84999084472656,-1.259998083114624,-38.54001235961914,65.83235168457031,1.2351608276367188,-38.52246856689453,65.8448486328125
1711476114.0983174,-1.2103122472763062,-38.397518157958984,65.79249572753906,1.3100028038024902,-38.52751541137695,65.84999084472656,-1.259998083114624,-38.54001235961914,65.83235168457031,1.2351608276367188,-38.52246856689453,65.8448486328125
1711476114.108364,-1.2123435735702515,-38.397518157958984,65.79249572753906,1.3100028038024902,-38.52751541137695,65.84999084472656,-1.259998083114624,-38.54001235961914,65.83235168457031,1.2351608276367188,-38.52246856689453,65.8448486328125
1711476114.1183152,-1.2123435735702515,-38.397518157958984,65.79249572753906,1.3100028038024902,-38.52751541137695,65.84999084472656,-1.259998083114624,-38.54001235961914,65.83235168457031,1.2351608276367188,-38.52246856689453,65.8448486328125
1711476114.128362,-1.2123435735702515,-38.397518157958984,65.79249572753906,1.3100028038024902,-38.52751541137695,65.84999084472656,-1.259998083114624,-38.54001235961914,65.83235168457031,1.2351608276367188,-38.52246856689453,65.8448486328125
1711476114.138507,-1.2123435735702515,-38.397518157958984,65.79249572753906,1.3100028038024902,-38.53752136230469,65.84999084472656,-1.259998083114624,-38.54001235961914,65.83235168457031,1.2351608276367188,-38.52246856689453,65.8448486328125
1711476114.1483479,-1.2123435735702515,-38.397518157958984,65.79249572753906,1.3100028038024902,-38.53752136230469,65.84999084472656,-1.259998083114624,-38.54001235961914,65.83235168457031,1.2351608276367188,-38.52246856689453,65.8448486328125
1711476114.1583712,-1.2123435735702515,-38.397518157958984,65.79249572753906,1.3100028038024902,-38.53752136230469,65.84999084472656,-1.259998083114624,-38.54001235961914,65.83235168457031,1.2351608276367188,-38.52606201171875,65.8448486328125
1711476114.1686277,-1.2123435735702515,-38.397518157958984,65.79249572753906,1.3100028038024902,-38.54470443725586,65.84999084472656,-1.2512481212615967,-38.54001235961914,65.83235168457031,1.2351608276367188,-38.532466888427734,65.8448486328125
1711476114.1783032,-1.2123435735702515,-38.415645599365234,65.79249572753906,1.3100028038024902,-38.55173873901367,65.84999084472656,-1.2499982118606567,-38.54001235961914,65.83235168457031,1.2351608276367188,-38.532466888427734,65.8448486328125
1711476114.188477,-1.2123435735702515,-38.41517639160156,65.79249572753906,1.3100028038024902,-38.5690803527832,65.84999084472656,-1.2499982118606567,-38.54001235961914,65.83235168457031,1.2351608276367188,-38.532466888427734,65.8448486328125
1711476114.1983678,-1.2123435735702515,-38.41517639160156,65.802490234375,1.3100028038024902,-38.56752014160156,65.84999084472656,-1.2499982118606567,-38.54001235961914,65.83235168457031,1.2351608276367188,-38.532466888427734,65.8448486328125
1711476114.2083066,-1.2123435735702515,-38.41517639160156,65.802490234375,1.3100028038024902,-38.577518463134766,65.84999084472656,-1.2499982118606567,-38.54001235961914,65.83235168457031,1.2351608276367188,-38.532466888427734,65.8448486328125
1711476114.2183328,-1.2123435735702515,-38.41517639160156,65.802490234375,1.3100028038024902,-38.577518463134766,65.84999084472656,-1.2499982118606567,-38.54001235961914,65.83235168457031,1.2351608276367188,-38.546531677246094,65.83438110351562
1711476114.2284029,-1.2123435735702515,-38.42033386230469,65.802490234375,1.3100028038024902,-38.577518463134766,65.85826873779297,-1.2499982118606567,-38.54001235961914,65.83235168457031,1.2351608276367188,-38.55247116088867,65.8348617553711
1711476114.2383676,-1.2123435735702515,-38.435176849365234,65.802490234375,1.3100028038024902,-38.577518463134766,65.85999298095703,-1.2499982118606567,-38.54001235961914,65.83235168457031,1.2351608276367188,-38.55247116088867,65.8348617553711
1711476114.2483742,-1.2123435735702515,-38.435176849365234,65.802490234375,1.3100028038024902,-38.580955505371094,65.85999298095703,-1.2499982118606567,-38.54001235961914,65.83235168457031,1.2351608276367188,-38.55247116088867,65.8348617553711
1711476114.2583761,-1.2123435735702515,-38.435176849365234,65.802490234375,1.3100028038024902,-38.59861373901367,65.85999298095703,-1.2499982118606567,-38.54001235961914,65.83235168457031,1.2200045585632324,-38.55247116088867,65.8348617553711
1711476114.268332,-1.2123435735702515,-38.435176849365234,65.802490234375,1.3100028038024902,-38.59751892089844,65.85999298095703,-1.2499982118606567,-38.54001235961914,65.83235168457031,1.2200045585632324,-38.56199645996094,65.8348617553711
1711476114.278355,-1.2123435735702515,-38.44533157348633,65.802490234375,1.3100028038024902,-38.59751892089844,65.85999298095703,-1.2499982118606567,-38.54001235961914,65.83235168457031,1.2200045585632324,-38.56918716430664,65.8348617553711
1711476114.2883644,-1.2123435735702515,-38.44517517089844,65.802490234375,1.3100028038024902,-38.59751892089844,65.85999298095703,-1.2499982118606567,-38.55204772949219,65.83235168457031,1.2200045585632324,-38.57246780395508,65.8348617553711
1711476114.2983818,-1.2123435735702515,-38.4518928527832,65.802490234375,1.3100028038024902,-38.59751892089844,65.85999298095703,-1.2499982118606567,-38.55001449584961,65.83235168457031,1.2200045585632324,-38.57246780395508,65.8348617553711
1711476114.3083713,-1.2123435735702515,-38.455177307128906,65.802490234375,1.3100028038024902,-38.60345458984375,65.85999298095703,-1.2448418140411377,-38.55001449584961,65.83235168457031,1.2200045585632324,-38.57246780395508,65.8348617553711
1711476114.3187957,-1.2123435735702515,-38.455177307128906,65.802490234375,1.3100028038024902,-38.617515563964844,65.85999298095703,-1.2399981021881104,-38.55423355102539,65.83235168457031,1.2200045585632324,-38.57246780395508,65.8348617553711
1711476114.3283541,-1.2123435735702515,-38.46330261230469,65.802490234375,1.3100028038024902,-38.62220764160156,65.85999298095703,-1.2399981021881104,-38.57001495361328,65.83235168457031,1.2200045585632324,-38.57246780395508,65.8348617553711
1711476114.3383374,-1.2123435735702515,-38.47205352783203,65.802490234375,1.294846534729004,-38.62751770019531,65.85999298095703,-1.2399981021881104,-38.573604583740234,65.83235168457031,1.2200045585632324,-38.58246994018555,65.8348617553711
1711476114.3483694,-1.2123435735702515,-38.48517608642578,65.802490234375,1.2906289100646973,-38.62751770019531,65.84732818603516,-1.2399981021881104,-38.580013275146484,65.83235168457031,1.2200045585632324,-38.58246994018555,65.8348617553711
1711476114.3584929,-1.2123435735702515,-38.48517608642578,65.802490234375,1.2748479843139648,-38.62751770019531,65.8448257446289,-1.2399981021881104,-38.580013275146484,65.83235168457031,1.2200045585632324,-38.58246994018555,65.8348617553711
1711476114.3683772,-1.2123435735702515,-38.495174407958984,65.802490234375,1.2720346450805664,-38.62751770019531,65.8448257446289,-1.2399981021881104,-38.580013275146484,65.83235168457031,1.2200045585632324,-38.58246994018555,65.8348617553711
1711476114.3783855,-1.2123435735702515,-38.51704788208008,65.802490234375,1.2548470497131348,-38.62751770019531,65.8448257446289,-1.2399981021881104,-38.59079360961914,65.83235168457031,1.2200045585632324,-38.58246994018555,65.8348617553711
1711476114.388299,-1.2123435735702515,-38.52079772949219,65.802490234375,1.2548470497131348,-38.62751770019531,65.8448257446289,-1.2399981021881104,-38.59001159667969,65.83235168457031,1.2200045585632324,-38.585594177246094,65.8259506225586
1711476114.3983984,-1.2123435735702515,-38.53517532348633,65.802490234375,1.2507843971252441,-38.62751770019531,65.8448257446289,-1.2399981021881104,-38.599857330322266,65.83235168457031,1.2200045585632324,-38.59246826171875,65.8248519897461
1711476114.4083748,-1.2123435735702515,-38.56611633300781,65.802490234375,1.2448477745056152,-38.63751983642578,65.8448257446289,-1.2399981021881104,-38.603919982910156,65.83235168457031,1.2200045585632324,-38.59246826171875,65.8248519897461
1711476114.418448,-1.2123435735702515,-38.568145751953125,65.802490234375,1.2448477745056152,-38.63751983642578,65.8448257446289,-1.2399981021881104,-38.62001419067383,65.83235168457031,1.2200045585632324,-38.59246826171875,65.8248519897461
1711476114.428373,-1.2123435735702515,-38.59720993041992,65.802490234375,1.2412548065185547,-38.63751983642578,65.8448257446289,-1.2399981021881104,-38.62001419067383,65.83235168457031,1.2200045585632324,-38.59246826171875,65.8248519897461
1711476114.4384155,-1.2123435735702515,-38.61689758300781,65.802490234375,1.2348484992980957,-38.63751983642578,65.8448257446289,-1.2399981021881104,-38.6300163269043,65.83235168457031,1.2200045585632324,-38.59246826171875,65.8248519897461
1711476114.4482987,-1.2123435735702515,-38.63517761230469,65.802490234375,1.2348484992980957,-38.63751983642578,65.8448257446289,-1.2399981021881104,-38.63969802856445,65.83235168457031,1.2200045585632324,-38.60012435913086,65.8248519897461
1711476114.458396,-1.2123435735702515,-38.665958404541016,65.802490234375,1.2348484992980957,-38.63751983642578,65.8448257446289,-1.2399981021881104,-38.640010833740234,65.83235168457031,1.2200045585632324,-38.61246871948242,65.8248519897461
1711476114.4683292,-1.2123435735702515,-38.67517852783203,65.81062316894531,1.2348484992980957,-38.63751983642578,65.8448257446289,-1.2399981021881104,-38.66094970703125,65.83235168457031,1.2200045585632324,-38.6318473815918,65.8248519897461
1711476114.478368,-1.2123435735702515,-38.69657897949219,65.81249237060547,1.2348484992980957,-38.63751983642578,65.8448257446289,-1.2399981021881104,-38.66001510620117,65.83235168457031,1.2200045585632324,-38.65074920654297,65.8248519897461
1711476114.4883542,-1.2035936117172241,-38.6979866027832,65.81249237060547,1.2348484992980957,-38.647518157958984,65.8448257446289,-1.2399981021881104,-38.66001510620117,65.83235168457031,1.210004448890686,-38.66950225830078,65.8248519897461
1711476114.498384,-1.2023437023162842,-38.705177307128906,65.81249237060547,1.2348484992980957,-38.647518157958984,65.8448257446289,-1.2399981021881104,-38.66392135620117,65.83235168457031,1.210004448890686,-38.69247055053711,65.8248519897461
1711476114.5083299,-1.2023437023162842,-38.705177307128906,65.81249237060547,1.2250041961669922,-38.65751647949219,65.8448257446289,-1.2299981117248535,-38.68001174926758,65.83235168457031,1.210004448890686,-38.70621871948242,65.8248519897461
1711476114.5183556,-1.2023437023162842,-38.705177307128906,65.81249237060547,1.2248468399047852,-38.65751647949219,65.8448257446289,-1.2299981117248535,-38.68001174926758,65.83235168457031,1.210004448890686,-38.73246765136719,65.8248519897461
1711476114.5283616,-1.2023437023162842,-38.705177307128906,65.81249237060547,1.2248468399047852,-38.667518615722656,65.8448257446289,-1.2299981117248535,-38.68001174926758,65.83235168457031,1.210004448890686,-38.76043701171875,65.8248519897461
1711476114.538342,-1.2023437023162842,-38.705177307128906,65.81249237060547,1.2142229080200195,-38.667518615722656,65.8448257446289,-1.2299981117248535,-38.69001388549805,65.83235168457031,1.210004448890686,-38.776065826416016,65.8248519897461
1711476114.548379,-1.2023437023162842,-38.714080810546875,65.81249237060547,1.2148475646972656,-38.667518615722656,65.8448257446289,-1.2299981117248535,-38.69001388549805,65.83235168457031,1.210004448890686,-38.80247116088867,65.8248519897461
1711476114.5583134,-1.2023437023162842,-38.71517562866211,65.81249237060547,1.2148475646972656,-38.67173767089844,65.8448257446289,-1.2299981117248535,-38.69001388549805,65.83235168457031,1.210004448890686,-38.80247116088867,65.8248519897461
1711476114.5684094,-1.1996874809265137,-38.71517562866211,65.81249237060547,1.2148475646972656,-38.67751693725586,65.8448257446289,-1.2199980020523071,-38.69001388549805,65.83235168457031,1.210004448890686,-38.81169128417969,65.8248519897461
1711476114.578373,-1.1923434734344482,-38.71517562866211,65.81249237060547,1.2148475646972656,-38.67751693725586,65.8448257446289,-1.2199980020523071,-38.69907760620117,65.83235168457031,1.210004448890686,-38.81559371948242,65.8248519897461
1711476114.5883782,-1.1923434734344482,-38.71517562866211,65.81249237060547,1.2148475646972656,-38.67751693725586,65.8448257446289,-1.2199980020523071,-38.70845031738281,65.83235168457031,1.210004448890686,-38.82246780395508,65.8248519897461
1711476114.5984185,-1.1923434734344482,-38.71517562866211,65.81249237060547,1.2148475646972656,-38.67751693725586,65.8448257446289,-1.2199980020523071,-38.71001052856445,65.83235168457031,1.210004448890686,-38.82246780395508,65.8248519897461
1711476114.608386,-1.1923434734344482,-38.71517562866211,65.81249237060547,1.2148475646972656,-38.67751693725586,65.8448257446289,-1.2199980020523071,-38.71001052856445,65.83235168457031,1.210004448890686,-38.82246780395508,65.8248519897461
1711476114.6184912,-1.1923434734344482,-38.71517562866211,65.81249237060547,1.2148475646972656,-38.67751693725586,65.8448257446289,-1.2199980020523071,-38.72001647949219,65.83235168457031,1.210004448890686,-38.82246780395508,65.8248519897461
1711476114.628327,-1.1923434734344482,-38.71517562866211,65.81249237060547,1.204848289489746,-38.67751693725586,65.8448257446289,-1.2199980020523071,-38.72267150878906,65.83235168457031,1.210004448890686,-38.82246780395508,65.8248519897461
1711476114.638357,-1.1923434734344482,-38.71517562866211,65.81249237060547,1.204848289489746,-38.67751693725586,65.8448257446289,-1.2199980020523071,-38.73001480102539,65.83235168457031,1.210004448890686,-38.82246780395508,65.8248519897461
1711476114.648364,-1.1923434734344482,-38.71517562866211,65.81249237060547,1.1950039863586426,-38.67751693725586,65.8448257446289,-1.2121856212615967,-38.73001480102539,65.83235168457031,1.210004448890686,-38.82246780395508,65.8248519897461
1711476114.6583893,-1.1923434734344482,-38.71517562866211,65.81249237060547,1.1948466300964355,-38.67751693725586,65.8448257446289,-1.2099981307983398,-38.73001480102539,65.83235168457031,1.210004448890686,-38.82246780395508,65.8248519897461
1711476114.6684978,-1.1923434734344482,-38.71517562866211,65.81249237060547,1.1895346641540527,-38.67751693725586,65.8448257446289,-1.2099981307983398,-38.73001480102539,65.83235168457031,1.210004448890686,-38.82246780395508,65.8248519897461
1711476114.6783738,-1.1923434734344482,-38.71517562866211,65.81249237060547,1.1748480796813965,-38.67751693725586,65.8448257446289,-1.2099981307983398,-38.73829650878906,65.83235168457031,1.210004448890686,-38.81153106689453,65.8248519897461
1711476114.6884043,-1.1923434734344482,-38.71517562866211,65.81249237060547,1.172192096710205,-38.68548583984375,65.8448257446289,-1.2099981307983398,-38.740013122558594,65.83235168457031,1.210004448890686,-38.804813385009766,65.8248519897461
1711476114.69831,-1.1923434734344482,-38.71517562866211,65.81249237060547,1.1548471450805664,-38.68751525878906,65.8448257446289,-1.2099981307983398,-38.740013122558594,65.83235168457031,1.210004448890686,-38.804813385009766,65.8248519897461
1711476114.7083488,-1.1923434734344482,-38.71517562866211,65.81249237060547,1.1548471450805664,-38.68751525878906,65.8448257446289,-1.2099981307983398,-38.740013122558594,65.83235168457031,1.210004448890686,-38.804813385009766,65.8248519897461
1711476114.7183528,-1.1923434734344482,-38.71517562866211,65.81249237060547,1.1475038528442383,-38.68751525878906,65.8448257446289,-1.2099981307983398,-38.740013122558594,65.83235168457031,1.210004448890686,-38.804813385009766,65.8248519897461
1711476114.7283494,-1.1923434734344482,-38.71517562866211,65.81249237060547,1.1448478698730469,-38.68751525878906,65.8448257446289,-1.2099981307983398,-38.740013122558594,65.83235168457031,1.210004448890686,-38.804813385009766,65.8248519897461
1711476114.7383928,-1.1923434734344482,-38.71517562866211,65.81249237060547,1.1410975456237793,-38.68751525878906,65.8448257446289,-1.2099981307983398,-38.740013122558594,65.83235168457031,1.210004448890686,-38.804813385009766,65.8248519897461
1711476114.7483597,-1.1923434734344482,-38.71517562866211,65.81249237060547,1.1348485946655273,-38.68751525878906,65.8448257446289,-1.2099981307983398,-38.740013122558594,65.83235168457031,1.210004448890686,-38.804813385009766,65.8248519897461
1711476114.758346,-1.1923434734344482,-38.71517562866211,65.82170867919922,1.1348485946655273,-38.68751525878906,65.8448257446289,-1.2099981307983398,-38.740013122558594,65.83235168457031,1.2000044584274292,-38.82887268066406,65.8717269897461
1711476114.7683668,-1.1923434734344482,-38.6975212097168,65.8224868774414,1.1214089393615723,-38.67033004760742,65.8448257446289,-1.2099981307983398,-38.730167388916016,65.83235168457031,1.1918795108795166,-38.85246658325195,65.89000701904297
1711476114.7783134,-1.1923434734344482,-38.6975212097168,65.8224868774414,1.1148476600646973,-38.66798400878906,65.8448257446289,-1.1928105354309082,-38.69422912597656,65.83235168457031,1.167191982269287,-38.85246658325195,65.89453887939453
1711476114.788404,-1.1923434734344482,-38.6975212097168,65.8224868774414,1.1148476600646973,-38.6623649597168,65.8448257446289,-1.1899981498718262,-38.689231872558594,65.88906860351562,1.1434420347213745,-38.829654693603516,65.90000915527344
1711476114.798402,-1.1923434734344482,-38.6975212097168,65.8224868774414,1.1148476600646973,-38.6623649597168,65.8448257446289,-1.204998254776001,-38.630794525146484,65.88750457763672,1.1179732084274292,-38.800750732421875,65.90000915527344
1711476114.8084078,-1.1612498760223389,-38.6975212097168,65.8224868774414,1.1612534523010254,-38.687049865722656,65.8448257446289,-1.2151541709899902,-38.5640754699707,65.89000701904297,1.112035870552063,-38.73278045654297,65.90360260009766
1711476114.8183775,-1.15234375,-38.6975212097168,65.8224868774414,1.1642217636108398,-38.68751525878906,65.8448257446289,-1.2151541709899902,-38.54329299926758,65.89750671386719,1.1100045442581177,-38.66496658325195,65.91000366210938
1711476114.828325,-1.1310935020446777,-38.6975212097168,65.8224868774414,1.1800026893615723,-38.68751525878906,65.8448257446289,-1.2151541709899902,-38.542354583740234,65.87141418457031,1.1100045442581177,-38.583248138427734,65.91000366210938
1711476114.8384094,-1.1323437690734863,-38.6975212097168,65.8224868774414,1.1800026893615723,-38.68751525878906,65.8448257446289,-1.1904668807983398,-38.542354583740234,65.87235260009766,1.1100045442581177,-38.50465774536133,65.91000366210938
1711476114.8484263,-1.1323437690734863,-38.6975212097168,65.8224868774414,1.1503171920776367,-38.68751525878906,65.8448257446289,-1.1899981498718262,-38.56985855102539,65.84329223632812,1.1100045442581177,-38.47450256347656,65.91000366210938
1711476114.8584101,-1.1323437690734863,-38.6975212097168,65.8224868774414,1.1237549781799316,-38.68751525878906,65.8448257446289,-1.1843732595443726,-38.575172424316406,65.83235168457031,1.1100045442581177,-38.449344635009766,65.91548156738281
1711476114.8683903,-1.1323437690734863,-38.69236755371094,65.8224868774414,1.1248469352722168,-38.68751525878906,65.8448257446289,-1.1799981594085693,-38.61204528808594,65.84922790527344,1.1273483037948608,-38.42090606689453,65.93203735351562
1711476114.8783836,-1.1323437690734863,-38.68751907348633,65.8224868774414,1.1045360565185547,-38.68751525878906,65.8448257446289,-1.1799981594085693,-38.61001205444336,65.84750366210938,1.1251606941223145,-38.39137268066406,65.94548034667969
1711476114.8884294,-1.1323437690734863,-38.68751907348633,65.8224868774414,1.1048483848571777,-38.68751525878906,65.8448257446289,-1.1799981594085693,-38.61001205444336,65.82235717773438,1.133129596710205,-38.36402893066406,65.95001220703125
1711476114.8983614,-1.1323437690734863,-38.68751907348633,65.8224868774414,1.1009407043457031,-38.68751525878906,65.8448257446289,-1.1799981594085693,-38.63969802856445,65.8409423828125,1.1451607942581177,-38.344032287597656,65.9714126586914
1711476114.9084158,-1.1323437690734863,-38.68751907348633,65.8224868774414,1.0848474502563477,-38.67251968383789,65.8448257446289,-1.1799981594085693,-38.640010833740234,65.84750366210938,1.1451607942581177,-38.32481384277344,65.98048400878906
1711476114.9183977,-1.1478123664855957,-38.68751907348633,65.8224868774414,1.0848474502563477,-38.672359466552734,65.8448257446289,-1.1799981594085693,-38.66001510620117,65.83485412597656,1.1535983085632324,-38.30653381347656,65.98001098632812
1711476114.9283745,-1.1499998569488525,-38.68751907348633,65.8224868774414,1.074690818786621,-38.672359466552734,65.8448257446289,-1.1799981594085693,-38.66001510620117,65.88750457763672,1.155160665512085,-38.304813385009766,65.9900131225586
1711476114.938398,-1.1499998569488525,-38.68751907348633,65.8224868774414,1.0748481750488281,-38.672359466552734,65.8448257446289,-1.189841866493225,-38.68110656738281,65.88750457763672,1.155160665512085,-38.27559280395508,65.9939193725586
1711476114.948331,-1.1499998569488525,-38.677520751953125,65.8224868774414,1.0748481750488281,-38.672359466552734,65.8448257446289,-1.2003105878829956,-38.68001174926758,65.92829132080078,1.155160665512085,-38.27481460571289,66.00001525878906
1711476114.9584315,-1.1499998569488525,-38.677520751953125,65.83108520507812,1.0748481750488281,-38.65095520019531,65.8448257446289,-1.205154299736023,-38.69001388549805,65.9275131225586,1.155160665512085,-38.23497009277344,66.00001525878906
1711476114.9683425,-1.1499998569488525,-38.677520751953125,65.83248901367188,1.0900044441223145,-38.65236282348633,65.8448257446289,-1.2153106927871704,-38.69001388549805,65.95829010009766,1.155160665512085,-38.23481369018555,66.00001525878906
1711476114.9783332,-1.1499998569488525,-38.677520751953125,65.83248901367188,1.0900044441223145,-38.65236282348633,65.8448257446289,-1.2251543998718262,-38.69001388549805,65.95750427246094,1.155160665512085,-38.20402908325195,66.00001525878906
1711476114.9883118,-1.1499998569488525,-38.677520751953125,65.83248901367188,1.0989093780517578,-38.64501953125,65.8448257446289,-1.2251543998718262,-38.69001388549805,65.95750427246094,1.155160665512085,-38.20481491088867,66.00001525878906
1711476114.998372,-1.1499998569488525,-38.677520751953125,65.83248901367188,1.100003719329834,-38.64236068725586,65.8448257446289,-1.2251543998718262,-38.69001388549805,65.96719360351562,1.155160665512085,-38.184810638427734,66.00001525878906
1711476115.0083416,-1.1499998569488525,-38.66908264160156,65.83248901367188,1.100003719329834,-38.63658142089844,65.8448257446289,-1.2303105592727661,-38.69001388549805,65.9675064086914,1.155160665512085,-38.184810638427734,66.00001525878906
1711476115.018338,-1.1499998569488525,-38.66752243041992,65.83248901367188,1.100003719329834,-38.632362365722656,65.8448257446289,-1.2351542711257935,-38.69001388549805,65.9675064086914,1.155160665512085,-38.184810638427734,65.98484802246094
1711476115.0283957,-1.1499998569488525,-38.66752243041992,65.83248901367188,1.100003719329834,-38.632362365722656,65.8448257446289,-1.2351542711257935,-38.69001388549805,65.9675064086914,1.155160665512085,-38.200279235839844,65.98484802246094
1711476115.0384188,-1.1499998569488525,-38.66752243041992,65.83248901367188,1.100003719329834,-38.632362365722656,65.8448257446289,-1.2351542711257935,-38.69001388549805,65.9675064086914,1.1621919870376587,-38.215904235839844,65.98484802246094
1711476115.0483768,-1.1499998569488525,-38.66752243041992,65.83248901367188,1.100003719329834,-38.632362365722656,65.8448257446289,-1.2351542711257935,-38.69001388549805,65.9675064086914,1.1651606559753418,-38.23246765136719,65.98484802246094
1711476115.0583448,-1.1499998569488525,-38.66752243041992,65.83248901367188,1.100003719329834,-38.632362365722656,65.8448257446289,-1.2351542711257935,-38.69001388549805,65.9675064086914,1.169692039489746,-38.23512268066406,65.98484802246094
1711476115.0683696,-1.1499998569488525,-38.66752243041992,65.83248901367188,1.100003719329834,-38.632362365722656,65.8448257446289,-1.2351542711257935,-38.69001388549805,65.9675064086914,1.1751608848571777,-38.25246810913086,65.98484802246094
1711476115.0783463,-1.1499998569488525,-38.66095733642578,65.83248901367188,1.100003719329834,-38.632362365722656,65.8448257446289,-1.2351542711257935,-38.69001388549805,65.97281646728516,1.1751608848571777,-38.25559616088867,65.98484802246094
1711476115.0883777,-1.1499998569488525,-38.65751647949219,65.83248901367188,1.100003719329834,-38.632362365722656,65.8448257446289,-1.2351542711257935,-38.69001388549805,65.97750854492188,1.182192087173462,-38.2802848815918,65.98484802246094
1711476115.09852,-1.1499998569488525,-38.65751647949219,65.83248901367188,1.100003719329834,-38.632362365722656,65.8448257446289,-1.2351542711257935,-38.69001388549805,65.98219299316406,1.1851608753204346,-38.282466888427734,65.9753189086914
1711476115.1083355,-1.1499998569488525,-38.65751647949219,65.83248901367188,1.100003719329834,-38.62236022949219,65.8448257446289,-1.2351542711257935,-38.69001388549805,65.98751068115234,1.1851608753204346,-38.31184387207031,65.974853515625
1711476115.118359,-1.1499998569488525,-38.65751647949219,65.83248901367188,1.100003719329834,-38.62236022949219,65.8448257446289,-1.2351542711257935,-38.69001388549805,65.9976577758789,1.1851608753204346,-38.312469482421875,65.974853515625
1711476115.1284027,-1.1499998569488525,-38.65751647949219,65.83248901367188,1.100003719329834,-38.62236022949219,65.8448257446289,-1.2351542711257935,-38.69001388549805,65.99751281738281,1.1851608753204346,-38.341217041015625,65.974853515625
1711476115.1383536,-1.1499998569488525,-38.65751647949219,65.83248901367188,1.100003719329834,-38.62236022949219,65.8448257446289,-1.2351542711257935,-38.69001388549805,65.99751281738281,1.1851608753204346,-38.34246826171875,65.96641540527344
1711476115.1484075,-1.1499998569488525,-38.65751647949219,65.83248901367188,1.100003719329834,-38.62236022949219,65.8448257446289,-1.2351542711257935,-38.69001388549805,66.00750732421875,1.1851608753204346,-38.368404388427734,65.96485137939453
1711476115.158352,-1.1499998569488525,-38.65751647949219,65.83248901367188,1.100003719329834,-38.62236022949219,65.8448257446289,-1.2351542711257935,-38.69001388549805,66.00750732421875,1.1851608753204346,-38.37247085571289,65.96485137939453
1711476115.1684227,-1.1499998569488525,-38.65751647949219,65.83248901367188,1.100003719329834,-38.62236022949219,65.8448257446289,-1.2351542711257935,-38.67235565185547,66.00750732421875,1.1851608753204346,-38.402469635009766,65.96485137939453
1711476115.1783679,-1.1499998569488525,-38.65751647949219,65.83248901367188,1.100003719329834,-38.62236022949219,65.8448257446289,-1.2351542711257935,-38.65688705444336,66.01750946044922,1.1851608753204346,-38.40668869018555,65.95610809326172
1711476115.1883628,-1.1499998569488525,-38.65751647949219,65.83248901367188,1.100003719329834,-38.62236022949219,65.8448257446289,-1.2351542711257935,-38.642356872558594,66.01750946044922,1.1851608753204346,-38.43246841430664,65.9548568725586
1711476115.1984608,-1.1499998569488525,-38.65751647949219,65.83248901367188,1.100003719329834,-38.62236022949219,65.8448257446289,-1.2351542711257935,-38.61438751220703,66.02141571044922,1.1851608753204346,-38.4365348815918,65.9548568725586
1711476115.2084627,-1.1499998569488525,-38.65751647949219,65.83248901367188,1.100003719329834,-38.62236022949219,65.8448257446289,-1.2351542711257935,-38.60423278808594,66.02750396728516,1.1851608753204346,-38.462467193603516,65.9548568725586
1711476115.2187836,-1.1499998569488525,-38.65751647949219,65.83248901367188,1.1600041389465332,-38.74986267089844,65.97686004638672,-1.2351542711257935,-38.57298278808594,66.02750396728516,1.1851608753204346,-38.46809387207031,65.9548568725586
1711476115.2283974,-1.1581248044967651,-38.65751647949219,65.83248901367188,1.210942268371582,-38.831111907958984,66.02186584472656,-1.2381231784820557,-38.572357177734375,66.05813598632812,1.1851608753204346,-38.492469787597656,65.9548568725586
1711476115.2383652,-1.1699998378753662,-38.65751647949219,65.83248901367188,1.2542223930358887,-38.89939498901367,66.05998992919922,-1.2595293521881104,-38.572357177734375,66.07141876220703,1.1725045442581177,-38.507938385009766,65.92922973632812
1711476115.2484872,-1.1699998378753662,-38.65751647949219,65.83248901367188,1.3042235374450684,-38.948143005371094,66.07483673095703,-1.2754666805267334,-38.60126495361328,66.12892150878906,1.163285732269287,-38.532466888427734,65.92485046386719
1711476115.2585773,-1.1699998378753662,-38.678768157958984,65.88765716552734,1.3504719734191895,-38.987518310546875,66.07998657226562,-1.2968730926513672,-38.6048583984375,66.15235137939453,1.1568795442581177,-38.56184387207031,65.89250183105469
1711476115.268416,-1.1699998378753662,-38.74736022949219,65.94062042236328,1.3723468780517578,-39.03767395019531,66.08514404296875,-1.3001543283462524,-38.640010833740234,66.19547271728516,1.1390670537948608,-38.58106231689453,65.89485168457031
1711476115.2784214,-1.1728122234344482,-38.77049255371094,65.96687316894531,1.3910984992980957,-39.09173583984375,66.09999084472656,-1.3051543235778809,-38.67829895019531,66.20750427246094,1.1400046348571777,-38.61809158325195,65.87484741210938
1711476115.2884557,-1.1799999475479126,-38.78517532348633,65.98249816894531,1.4271903038024902,-39.13314437866211,66.09999084472656,-1.3051543235778809,-38.69282531738281,66.20750427246094,1.1400046348571777,-38.66653060913086,65.87484741210938
1711476115.2984693,-1.1557811498641968,-38.8073616027832,65.98249816894531,1.4300036430358887,-39.18923568725586,66.09999084472656,-1.3051543235778809,-38.744388580322266,66.20750427246094,1.1400046348571777,-38.735748291015625,65.87484741210938
1711476115.3084767,-1.15234375,-38.8147087097168,65.98249816894531,1.4604735374450684,-39.22892761230469,66.09999084472656,-1.3051543235778809,-38.77016830444336,66.20750427246094,1.1400046348571777,-38.781375885009766,65.87484741210938
1711476115.3183825,-1.1401561498641968,-38.83580017089844,65.96483612060547,1.4809417724609375,-39.2331428527832,66.09999084472656,-1.3051543235778809,-38.80813980102539,66.19204711914062,1.155160665512085,-38.81215286254883,65.87484741210938
1711476115.328456,-1.1323437690734863,-38.86376953125,65.96483612060547,1.4895343780517578,-39.25751876831055,66.07311248779297,-1.3051543235778809,-38.83063888549805,66.19235229492188,1.155160665512085,-38.83246994018555,65.87484741210938
1711476115.3386595,-1.1323437690734863,-38.88533020019531,65.96483612060547,1.490004062652588,-39.26329803466797,66.07483673095703,-1.3051543235778809,-38.8648567199707,66.19235229492188,1.1656296253204346,-38.84184265136719,65.87484741210938
1711476115.3483791,-1.1201560497283936,-38.90517807006836,65.96483612060547,1.4982843399047852,-39.27751541137695,66.06483459472656,-1.3051543235778809,-38.87001037597656,66.19235229492188,1.1651606559753418,-38.84246826171875,65.87484741210938
1711476115.3584218,-1.1223435401916504,-38.94533157348633,65.99249267578125,1.510002613067627,-39.27751541137695,66.06483459472656,-1.2971856594085693,-38.90095138549805,66.19235229492188,1.1698483228683472,-38.84246826171875,65.87484741210938
1711476115.3684037,-1.1223435401916504,-38.95814514160156,65.99249267578125,1.510002613067627,-39.29751968383789,66.06483459472656,-1.289997935295105,-38.9000129699707,66.19235229492188,1.1751608848571777,-38.84246826171875,65.87203979492188
1711476115.3783956,-1.1223435401916504,-38.98517608642578,66.00702667236328,1.510002613067627,-39.29751968383789,66.06483459472656,-1.2867168188095093,-38.920326232910156,66.19235229492188,1.1806294918060303,-38.84246826171875,65.8648452758789
1711476115.3884368,-1.1223435401916504,-39.00033187866211,66.01248931884766,1.510002613067627,-39.29751968383789,66.06483459472656,-1.2799981832504272,-38.920013427734375,66.19235229492188,1.1951607465744019,-38.84246826171875,65.8648452758789
1711476115.3989048,-1.1223435401916504,-39.00033187866211,66.01248931884766,1.510002613067627,-39.29751968383789,66.06483459472656,-1.2799981832504272,-38.94142150878906,66.19235229492188,1.1951607465744019,-38.84246826171875,65.8648452758789
1711476115.4084535,-1.1499998569488525,-39.05314636230469,66.03250122070312,1.510002613067627,-39.29751968383789,66.07373809814453,-1.2799981832504272,-38.94001388549805,66.19235229492188,1.2051607370376587,-38.84246826171875,65.8648452758789
1711476115.418379,-1.1559373140335083,-39.068458557128906,66.04873657226562,1.510002613067627,-39.29751968383789,66.07998657226562,-1.2746855020523071,-38.96001052856445,66.19235229492188,1.2051607370376587,-38.84246826171875,65.8648452758789
1711476115.4283974,-1.1796873807907104,-39.095489501953125,66.06249237060547,1.510002613067627,-39.29751968383789,66.08514404296875,-1.2699979543685913,-38.96001052856445,66.19235229492188,1.2051607370376587,-38.82684326171875,65.8648452758789
1711476115.4383955,-1.1987498998641968,-39.10517883300781,66.09061431884766,1.4948487281799316,-39.29751968383789,66.09999084472656,-1.2699979543685913,-38.98126220703125,66.2175064086914,1.2162545919418335,-38.82481384277344,65.8648452758789
1711476115.4484336,-1.209999918937683,-39.114864349365234,66.09671020507812,1.4879727363586426,-39.29751968383789,66.11123657226562,-1.2699979543685913,-38.98001480102539,66.2175064086914,1.215160846710205,-38.81793975830078,65.88001251220703
1711476115.4584432,-1.2357810735702515,-39.12517547607422,66.12248992919922,1.484847068786621,-39.29751968383789,66.11998748779297,-1.2699979543685913,-38.98798370361328,66.24844360351562,1.215160846710205,-38.804813385009766,65.88766479492188
1711476115.4683905,-1.2399998903274536,-39.12517547607422,66.12874603271484,1.484847068786621,-39.29751968383789,66.14795684814453,-1.2699979543685913,-38.990013122558594,66.24751281738281,1.215160846710205,-38.804813385009766,65.90000915527344
1711476115.4783857,-1.2589061260223389,-39.12517547607422,66.15249633789062,1.4750027656555176,-39.29751968383789,66.14999389648438,-1.2699979543685913,-38.990013122558594,66.26406860351562,1.215160846710205,-38.79496765136719,65.92111206054688
1711476115.4884431,-1.2699997425079346,-39.12517547607422,66.15530395507812,1.4748477935791016,-39.29751968383789,66.19107818603516,-1.2699979543685913,-38.990013122558594,66.26750946044922,1.215160846710205,-38.79481506347656,65.92798614501953
1711476115.4984097,-1.2757811546325684,-39.12517547607422,66.17249298095703,1.4748477935791016,-39.29751968383789,66.18998718261719,-1.2699979543685913,-38.990013122558594,66.2745361328125,1.215160846710205,-38.79481506347656,65.93672943115234
1711476115.508435,-1.2899997234344482,-39.12517547607422,66.17249298095703,1.4748477935791016,-39.29751968383789,66.23108673095703,-1.2699979543685913,-38.990013122558594,66.28750610351562,1.215160846710205,-38.79481506347656,65.94656372070312
1711476115.518503,-1.2899997234344482,-39.12517547607422,66.19217681884766,1.4748477935791016,-39.29751968383789,66.22998809814453,-1.2699979543685913,-38.97235870361328,66.29376220703125,1.215160846710205,-38.79481506347656,65.96000671386719
1711476115.5283954,-1.2999999523162842,-39.12517547607422,66.19248962402344,1.4748477935791016,-39.29751968383789,66.26014709472656,-1.287498116493225,-38.97235870361328,66.31985473632812,1.215160846710205,-38.79481506347656,65.9911117553711
1711476115.538405,-1.2999999523162842,-39.12517547607422,66.21249389648438,1.4748477935791016,-39.29751968383789,66.27295684814453,-1.2851542234420776,-38.95235824584961,66.31751251220703,1.215160846710205,-38.79481506347656,65.99297332763672
1711476115.5484264,-1.3099998235702515,-39.12517547607422,66.21670532226562,1.4748477935791016,-39.29751968383789,66.30702209472656,-1.2932791709899902,-38.95235824584961,66.34750366210938,1.215160846710205,-38.79481506347656,66.0210952758789
1711476115.558419,-1.3159373998641968,-39.12517547607422,66.24014282226562,1.4748477935791016,-39.29751968383789,66.34404754638672,-1.2984356880187988,-38.94267272949219,66.34750366210938,1.215160846710205,-38.79481506347656,66.04094696044922
1711476115.568457,-1.3200000524520874,-39.10783386230469,66.24249267578125,1.4748477935791016,-39.29751968383789,66.35467529296875,-1.3076543807983398,-38.94235610961914,66.3689193725586,1.215160846710205,-38.79481506347656,66.0534439086914
1711476115.578475,-1.3265624046325684,-39.107521057128906,66.26248931884766,1.4748477935791016,-39.29751968383789,66.39842224121094,-1.3151544332504272,-38.924232482910156,66.36750793457031,1.215160846710205,-38.79481506347656,66.0720443725586
1711476115.5884538,-1.3399996757507324,-39.0881462097168,66.26248931884766,1.4748477935791016,-39.29751968383789,66.41873168945312,-1.3151544332504272,-38.92235565185547,66.37094116210938,1.215160846710205,-38.79481506347656,66.08000946044922
1711476115.5984566,-1.3399996757507324,-39.07752227783203,66.26248931884766,1.4748477935791016,-39.29751968383789,66.42998504638672,-1.3251543045043945,-38.915016174316406,66.37751007080078,1.215160846710205,-38.78965759277344,66.10000610351562
1711476115.6084547,-1.3585937023162842,-39.07470703125,66.26248931884766,1.4748477935791016,-39.29751968383789,66.45155334472656,-1.3251543045043945,-38.912357330322266,66.37751007080078,1.215160846710205,-38.784812927246094,66.10501098632812
1711476115.6184673,-1.3599997758865356,-39.057518005371094,66.26248931884766,1.4748477935791016,-39.29751968383789,66.44998931884766,-1.3251543045043945,-38.904388427734375,66.37751007080078,1.215160846710205,-38.782310485839844,66.13172912597656
1711476115.6284459,-1.3776562213897705,-39.057518005371094,66.26248931884766,1.4748477935791016,-39.28236389160156,66.45623779296875,-1.3251543045043945,-38.90235900878906,66.37751007080078,1.2195357084274292,-38.76481246948242,66.13001251220703
1711476115.6384401,-1.3899999856948853,-39.057518005371094,66.27249145507812,1.4748477935791016,-39.27954864501953,66.4699935913086,-1.3251543045043945,-38.90235900878906,66.37751007080078,1.225160837173462,-38.76481246948242,66.15626525878906
1711476115.6484025,-1.3899999856948853,-39.057518005371094,66.27249145507812,1.471409797668457,-39.26236343383789,66.47248840332031,-1.3251543045043945,-38.90235900878906,66.38594818115234,1.225160837173462,-38.75481033325195,66.1600112915039
1711476115.6584241,-1.4099997282028198,-39.07518005371094,66.29249572753906,1.464848518371582,-39.26236343383789,66.489990234375,-1.3251543045043945,-38.90235900878906,66.38751220703125,1.2351608276367188,-38.75481033325195,66.18189239501953
1711476115.6684127,-1.417812466621399,-39.07518005371094,66.29249572753906,1.464848518371582,-39.26236343383789,66.49358367919922,-1.3251543045043945,-38.90235900878906,66.39313507080078,1.2351608276367188,-38.73387145996094,66.19000244140625
1711476115.678409,-1.4249998331069946,-39.09611511230469,66.31249237060547,1.464848518371582,-39.26236343383789,66.5099868774414,-1.3278106451034546,-38.90235900878906,66.39750671386719,1.2451608180999756,-38.73481369018555,66.20985412597656
1711476115.6884406,-1.429999828338623,-39.095176696777344,66.31249237060547,1.464848518371582,-39.26236343383789,66.5099868774414,-1.335154414176941,-38.90235900878906,66.39750671386719,1.2451608180999756,-38.731998443603516,66.21001434326172
1711476115.698482,-1.4342186450958252,-39.115333557128906,66.31249237060547,1.464848518371582,-39.26236343383789,66.51998901367188,-1.335154414176941,-38.90235900878906,66.39750671386719,1.265942096710205,-38.714813232421875,66.21953582763672
1711476115.7084699,-1.4499998092651367,-39.12517547607422,66.31249237060547,1.464848518371582,-39.26236343383789,66.51998901367188,-1.335154414176941,-38.90235900878906,66.39750671386719,1.2651607990264893,-38.714813232421875,66.22000122070312
1711476115.7184649,-1.4499998092651367,-39.12517547607422,66.31249237060547,1.464848518371582,-39.26236343383789,66.51998901367188,-1.335154414176941,-38.90235900878906,66.39750671386719,1.2651607990264893,-38.714813232421875,66.24203491210938
1711476115.7284124,-1.4499998092651367,-39.13658142089844,66.31249237060547,1.464848518371582,-39.26236343383789,66.51998901367188,-1.335154414176941,-38.91844940185547,66.39750671386719,1.2857857942581177,-38.714813232421875,66.24000549316406
1711476115.7384489,-1.459999918937683,-39.138458251953125,66.32249450683594,1.464848518371582,-39.27970886230469,66.51998901367188,-1.335154414176941,-38.920013427734375,66.39750671386719,1.285160779953003,-38.714813232421875,66.24000549316406
1711476115.7484534,-1.459999918937683,-39.14517593383789,66.32249450683594,1.464848518371582,-39.27751541137695,66.51998901367188,-1.335154414176941,-38.920013427734375,66.39750671386719,1.285160779953003,-38.714813232421875,66.24000549316406
1711476115.7593522,-1.459999918937683,-39.14923858642578,66.34249877929688,1.464848518371582,-39.27751541137695,66.51998901367188,-1.335154414176941,-38.920013427734375,66.39750671386719,1.2951607704162598,-38.714813232421875,66.24000549316406
1711476115.7683864,-1.459999918937683,-39.16517639160156,66.34249877929688,1.464848518371582,-39.27751541137695,66.51998901367188,-1.335154414176941,-38.920013427734375,66.39750671386719,1.2951607704162598,-38.714813232421875,66.24000549316406
1711476115.7784307,-1.459999918937683,-39.16517639160156,66.34249877929688,1.4806294441223145,-39.27751541137695,66.51998901367188,-1.335154414176941,-38.920013427734375,66.39750671386719,1.2951607704162598,-38.714813232421875,66.24000549316406
1711476115.7885182,-1.459999918937683,-39.18705368041992,66.34249877929688,1.4800047874450684,-39.281734466552734,66.50342559814453,-1.335154414176941,-38.920013427734375,66.39750671386719,1.2951607704162598,-38.714813232421875,66.24000549316406
1711476115.7984297,-1.459999918937683,-39.185176849365234,66.34249877929688,1.5012526512145996,-39.28752136230469,66.50482940673828,-1.335154414176941,-38.93001174926758,66.39750671386719,1.2951607704162598,-38.73246765136719,66.24000549316406
1711476115.8084514,-1.459999918937683,-39.19548797607422,66.34249877929688,1.5000033378601074,-39.28752136230469,66.47421264648438,-1.335154414176941,-38.93001174926758,66.39750671386719,1.3068795204162598,-38.738250732421875,66.24000549316406
1711476115.8186738,-1.459999918937683,-39.19517517089844,66.34249877929688,1.510941982269287,-39.307518005371094,66.4748306274414,-1.335154414176941,-38.94173049926758,66.39750671386719,1.3051608800888062,-38.761844635009766,66.24000549316406
1711476115.8284092,-1.459999918937683,-39.216896057128906,66.35249328613281,1.5200042724609375,-39.307518005371094,66.4748306274414,-1.335154414176941,-38.94001388549805,66.39750671386719,1.3051608800888062,-38.76246643066406,66.24000549316406
1711476115.8383782,-1.459999918937683,-39.21861267089844,66.37171173095703,1.5400028228759766,-39.31752014160156,66.4748306274414,-1.335154414176941,-38.94485855102539,66.39750671386719,1.3143795728683472,-38.782466888427734,66.24000549316406
1711476115.848402,-1.459999918937683,-39.23517990112305,66.37889862060547,1.5400028228759766,-39.336421966552734,66.4748306274414,-1.335154414176941,-38.950016021728516,66.39750671386719,1.315160870552063,-38.782466888427734,66.24000549316406
1711476115.8584845,-1.459999918937683,-39.23517990112305,66.39639282226562,1.556253433227539,-39.33751678466797,66.4748306274414,-1.335154414176941,-38.950016021728516,66.39750671386719,1.315160870552063,-38.79168701171875,66.24000549316406
1711476115.8684597,-1.459999918937683,-39.245174407958984,66.40249633789062,1.5600037574768066,-39.340328216552734,66.4748306274414,-1.335154414176941,-38.950016021728516,66.39750671386719,1.315160870552063,-38.79246520996094,66.24000549316406
1711476115.878531,-1.459999918937683,-39.245174407958984,66.40249633789062,1.568753719329834,-39.34751892089844,66.4748306274414,-1.335154414176941,-38.950016021728516,66.39750671386719,1.3221919536590576,-38.80168533325195,66.24000549316406
1711476115.8884537,-1.459999918937683,-39.245174407958984,66.40249633789062,1.5800046920776367,-39.34751892089844,66.4748306274414,-1.335154414176941,-38.950016021728516,66.39750671386719,1.3251606225967407,-38.80247116088867,66.24000549316406
1711476115.8984027,-1.459999918937683,-39.245174407958984,66.40249633789062,1.5840673446655273,-39.34751892089844,66.4748306274414,-1.335154414176941,-38.950016021728516,66.39750671386719,1.3251606225967407,-38.80746841430664,66.24000549316406
1711476115.908583,-1.459999918937683,-39.245174407958984,66.40249633789062,1.6000032424926758,-39.34751892089844,66.4748306274414,-1.335154414176941,-38.950016021728516,66.39750671386719,1.3251606225967407,-38.812469482421875,66.24000549316406
1711476115.918419,-1.459999918937683,-39.245174407958984,66.40249633789062,1.6000032424926758,-39.34751892089844,66.4748306274414,-1.335154414176941,-38.950016021728516,66.39750671386719,1.3251606225967407,-38.81575012207031,66.24000549316406
1711476115.9284616,-1.459999918937683,-39.245174407958984,66.40249633789062,1.621565818786621,-39.34751892089844,66.4748306274414,-1.335154414176941,-38.950016021728516,66.39750671386719,1.3251606225967407,-38.82246780395508,66.24000549316406
1711476115.938465,-1.459999918937683,-39.25517272949219,66.40249633789062,1.6200041770935059,-39.34751892089844,66.4748306274414,-1.335154414176941,-38.950016021728516,66.39750671386719,1.3251606225967407,-38.82746887207031,66.24000549316406
1711476115.9484591,-1.459999918937683,-39.25517272949219,66.40249633789062,1.6381287574768066,-39.35205078125,66.4748306274414,-1.335154414176941,-38.950016021728516,66.39750671386719,1.335160732269287,-38.83246994018555,66.24000549316406
1711476115.9583893,-1.459999918937683,-39.25517272949219,66.40249633789062,1.640002727508545,-39.357521057128906,66.4748306274414,-1.335154414176941,-38.950016021728516,66.39750671386719,1.335160732269287,-38.83246994018555,66.2478256225586
1711476115.9683974,-1.459999918937683,-39.25517272949219,66.40249633789062,1.6500043869018555,-39.357521057128906,66.47732543945312,-1.335154414176941,-38.950016021728516,66.39750671386719,1.335160732269287,-38.83793640136719,66.26001739501953
1711476115.9784234,-1.459999918937683,-39.25517272949219,66.40249633789062,1.6500043869018555,-39.36892318725586,66.489990234375,-1.335154414176941,-38.950016021728516,66.39750671386719,1.335160732269287,-38.84246826171875,66.27876281738281
1711476115.9884675,-1.459999918937683,-39.25517272949219,66.40249633789062,1.6500043869018555,-39.36751937866211,66.489990234375,-1.335154414176941,-38.950016021728516,66.39750671386719,1.335160732269287,-38.84246826171875,66.2800064086914
1711476115.9984906,-1.459999918937683,-39.229549407958984,66.40249633789062,1.6500043869018555,-39.36751937866211,66.489990234375,-1.335154414176941,-38.950016021728516,66.39750671386719,1.335160732269287,-38.84246826171875,66.28594207763672
1711476116.0084252,-1.459999918937683,-39.22751998901367,66.38483428955078,1.6500043869018555,-39.36751937866211,66.489990234375,-1.335154414176941,-38.950016021728516,66.38125610351562,1.335160732269287,-38.84246826171875,66.29000854492188
1711476116.0184095,-1.459999918937683,-39.20798873901367,66.36827087402344,1.6500043869018555,-39.36751937866211,66.489990234375,-1.335154414176941,-38.93235778808594,66.38235473632812,1.335160732269287,-38.84246826171875,66.29000854492188
1711476116.028432,-1.459999918937683,-39.20751953125,66.3548355102539,1.6500043869018555,-39.35236358642578,66.489990234375,-1.335154414176941,-38.93235778808594,66.38235473632812,1.335160732269287,-38.84246826171875,66.29000854492188
1711476116.0384297,-1.459999918937683,-39.20751953125,66.3548355102539,1.6348481178283691,-39.34877014160156,66.489990234375,-1.335154414176941,-38.92314147949219,66.37032318115234,1.335160732269287,-38.84246826171875,66.29000854492188
1711476116.0484798,-1.4699997901916504,-39.19939422607422,66.34890747070312,1.6348481178283691,-39.34236145019531,66.489990234375,-1.335154414176941,-38.92235565185547,66.37234497070312,1.335160732269287,-38.84246826171875,66.29267120361328
1711476116.0584705,-1.4699997901916504,-39.1975212097168,66.34483337402344,1.6303157806396484,-39.34236145019531,66.489990234375,-1.335154414176941,-38.92235565185547,66.37234497070312,1.335160732269287,-38.84246826171875,66.30001068115234
1711476116.0684006,-1.4899998903274536,-39.1975212097168,66.34483337402344,1.6248464584350586,-39.34236145019531,66.489990234375,-1.335154414176941,-38.92235565185547,66.37234497070312,1.335160732269287,-38.84246826171875,66.30657196044922
1711476116.078429,-1.4899998903274536,-39.1975212097168,66.34483337402344,1.621565818786621,-39.34236145019531,66.489990234375,-1.335154414176941,-38.92235565185547,66.37234497070312,1.335160732269287,-38.84246826171875,66.31375885009766
1711476116.0884912,-1.5120311975479126,-39.1975212097168,66.34483337402344,1.6098475456237793,-39.34236145019531,66.4982681274414,-1.335154414176941,-38.92235565185547,66.37234497070312,1.335160732269287,-38.84246826171875,66.32000732421875
1711476116.0983953,-1.5346872806549072,-39.1975212097168,66.34483337402344,1.6048479080200195,-39.34236145019531,66.49998474121094,-1.335154414176941,-38.92235565185547,66.365478515625,1.335160732269287,-38.84246826171875,66.32000732421875
1711476116.1084876,-1.5399998426437378,-39.1975212097168,66.33311462402344,1.6048479080200195,-39.34236145019531,66.49998474121094,-1.335154414176941,-38.92235565185547,66.36235046386719,1.335160732269287,-38.84246826171875,66.32000732421875
1711476116.1185226,-1.5670311450958252,-39.1975212097168,66.33311462402344,1.5839099884033203,-39.34236145019531,66.49998474121094,-1.335154414176941,-38.92235565185547,66.34812927246094,1.335160732269287,-38.84246826171875,66.32000732421875
1711476116.1283848,-1.5776562690734863,-39.1975212097168,66.31483459472656,1.5775036811828613,-39.34236145019531,66.49998474121094,-1.335154414176941,-38.92235565185547,66.34235382080078,1.335160732269287,-38.84246826171875,66.32000732421875
1711476116.138398,-1.5878123044967651,-39.1975212097168,66.2962417602539,1.5648484230041504,-39.34236145019531,66.49998474121094,-1.335154414176941,-38.92235565185547,66.32735443115234,1.335160732269287,-38.82278060913086,66.32000732421875
1711476116.1484392,-1.6081249713897705,-39.1975212097168,66.29483032226562,1.5648484230041504,-39.332359313964844,66.49998474121094,-1.335154414176941,-38.92235565185547,66.32235717773438,1.335160732269287,-38.82481384277344,66.32000732421875
1711476116.1584322,-1.6099998950958252,-39.1975212097168,66.27484130859375,1.5342235565185547,-39.332359313964844,66.49998474121094,-1.335154414176941,-38.92235565185547,66.32235717773438,1.335160732269287,-38.82481384277344,66.32000732421875
1711476116.1685023,-1.6374999284744263,-39.1975212097168,66.27484130859375,1.5348482131958008,-39.332359313964844,66.49998474121094,-1.335154414176941,-38.92235565185547,66.30235290527344,1.335160732269287,-38.82481384277344,66.32000732421875
1711476116.1784322,-1.6399997472763062,-39.1975212097168,66.26639556884766,1.530003547668457,-39.332359313964844,66.4826431274414,-1.335154414176941,-38.92235565185547,66.30235290527344,1.335160732269287,-38.82481384277344,66.32000732421875
1711476116.1884725,-1.6453123092651367,-39.1975212097168,66.26483917236328,1.5148472785949707,-39.332359313964844,66.48483276367188,-1.335154414176941,-38.92235565185547,66.271728515625,1.335160732269287,-38.82481384277344,66.32000732421875
1711476116.1984262,-1.6599997282028198,-39.1975212097168,66.25452423095703,1.5148472785949707,-39.332359313964844,66.48483276367188,-1.335154414176941,-38.92235565185547,66.27235412597656,1.335160732269287,-38.82012176513672,66.32000732421875
1711476116.2084272,-1.6599997282028198,-39.1975212097168,66.25483703613281,1.5028166770935059,-39.332359313964844,66.478271484375,-1.335154414176941,-38.92235565185547,66.25079345703125,1.335160732269287,-38.81481170654297,66.32000732421875
1711476116.218407,-1.6599997282028198,-39.1975212097168,66.24484252929688,1.5048480033874512,-39.332359313964844,66.4748306274414,-1.335154414176941,-38.92235565185547,66.24234771728516,1.335160732269287,-38.81481170654297,66.32000732421875
1711476116.2284925,-1.6599997282028198,-39.1975212097168,66.23468017578125,1.49672269821167,-39.332359313964844,66.4474868774414,-1.335154414176941,-38.92235565185547,66.24234771728516,1.335160732269287,-38.81481170654297,66.31204223632812
1711476116.2385724,-1.669374942779541,-39.1975212097168,66.23468017578125,1.4948487281799316,-39.323612213134766,66.44483184814453,-1.335154414176941,-38.92235565185547,66.21219635009766,1.335160732269287,-38.81481170654297,66.30485534667969
1711476116.2484007,-1.6699999570846558,-39.1975212097168,66.2249984741211,1.4826607704162598,-39.32236099243164,66.423583984375,-1.335154414176941,-38.92235565185547,66.21235656738281,1.335160732269287,-38.81481170654297,66.28376007080078
1711476116.2584267,-1.6699999570846558,-39.1975212097168,66.21483612060547,1.484847068786621,-39.32236099243164,66.42483520507812,-1.335154414176941,-38.92235565185547,66.19219970703125,1.335160732269287,-38.81481170654297,66.28485870361328
1711476116.268511,-1.6699999570846558,-39.1975212097168,66.20561218261719,1.484847068786621,-39.32236099243164,66.39451599121094,-1.335154414176941,-38.92235565185547,66.1823501586914,1.335160732269287,-38.81481170654297,66.26422882080078
1711476116.2784357,-1.6699999570846558,-39.1975212097168,66.20484161376953,1.484847068786621,-39.31611251831055,66.39483642578125,-1.335154414176941,-38.92235565185547,66.17657470703125,1.335160732269287,-38.81481170654297,66.26485443115234
1711476116.2885113,-1.6699999570846558,-39.1975212097168,66.19921112060547,1.4748477935791016,-39.31236267089844,66.36608123779297,-1.335154414176941,-38.92235565185547,66.15235137939453,1.335160732269287,-38.81481170654297,66.2448501586914
1711476116.298494,-1.6699999570846558,-39.1975212097168,66.19483947753906,1.4748477935791016,-39.31236267089844,66.36483764648438,-1.335154414176941,-38.92235565185547,66.15235137939453,1.3262543678283691,-38.81481170654297,66.23782348632812
1711476116.3084824,-1.6699999570846558,-39.1975212097168,66.19483947753906,1.4659404754638672,-39.31236267089844,66.33483123779297,-1.335154414176941,-38.92235565185547,66.13188171386719,1.3200044631958008,-38.81481170654297,66.224853515625
1711476116.3184206,-1.6699999570846558,-39.1975212097168,66.1848373413086,1.464848518371582,-39.303924560546875,66.33061218261719,-1.335154414176941,-38.92235565185547,66.13235473632812,1.3200044631958008,-38.81481170654297,66.20407104492188
1711476116.3284497,-1.6699999570846558,-39.194549560546875,66.17999267578125,1.464848518371582,-39.30236053466797,66.30452728271484,-1.335154414176941,-38.92235565185547,66.12782287597656,1.312504529953003,-38.81481170654297,66.20126342773438
1711476116.3384383,-1.652187466621399,-39.177520751953125,66.17483520507812,1.464848518371582,-39.30236053466797,66.29920959472656,-1.335154414176941,-38.92235565185547,66.11235046386719,1.3100045919418335,-38.81481170654297,66.17422485351562
1711476116.348483,-1.652343511581421,-39.177520751953125,66.17140197753906,1.464848518371582,-39.30236053466797,66.27483367919922,-1.335154414176941,-38.92235565185547,66.10735321044922,1.3100045919418335,-38.81481170654297,66.16921997070312
1711476116.3584907,-1.6445311307907104,-39.16892623901367,66.15483856201172,1.464848518371582,-39.292362213134766,66.25624084472656,-1.335154414176941,-38.92235565185547,66.095947265625,1.3100045919418335,-38.804813385009766,66.14437866210938
1711476116.3684168,-1.6323435306549072,-39.16752243041992,66.15483856201172,1.464848518371582,-39.28657913208008,66.24483489990234,-1.335154414176941,-38.92235565185547,66.09235382080078,1.3100045919418335,-38.804813385009766,66.14126586914062
1711476116.3784502,-1.6295311450958252,-39.16752243041992,66.15483856201172,1.464848518371582,-39.28236389160156,66.224365234375,-1.335154414176941,-38.92235565185547,66.09235382080078,1.3100045919418335,-38.79637145996094,66.12313842773438
1711476116.3884785,-1.612343430519104,-39.16752243041992,66.15483856201172,1.464848518371582,-39.27439498901367,66.22139739990234,-1.335154414176941,-38.92235565185547,66.09235382080078,1.3100045919418335,-38.79481506347656,66.11485290527344
1711476116.398466,-1.612343430519104,-39.16752243041992,66.15483856201172,1.464848518371582,-39.27235794067383,66.204833984375,-1.335154414176941,-38.92235565185547,66.09235382080078,1.3100045919418335,-38.78746795654297,66.11125946044922
1711476116.4085112,-1.5921872854232788,-39.16752243041992,66.15483856201172,1.464848518371582,-39.26314163208008,66.19842529296875,-1.335154414176941,-38.92235565185547,66.09235382080078,1.3100045919418335,-38.784812927246094,66.09485626220703
1711476116.418867,-1.582343578338623,-39.16752243041992,66.15483856201172,1.464848518371582,-39.26236343383789,66.18952178955078,-1.335154414176941,-38.92235565185547,66.09235382080078,1.3100045919418335,-38.77590560913086,66.09485626220703
1711476116.4284616,-1.5657812356948853,-39.147518157958984,66.15483856201172,1.464848518371582,-39.242671966552734,66.18482971191406,-1.335154414176941,-38.92235565185547,66.08313751220703,1.3100045919418335,-38.774810791015625,66.09485626220703
1711476116.438469,-1.552343726158142,-39.147518157958984,66.15483856201172,1.464848518371582,-39.24236297607422,66.18482971191406,-1.335154414176941,-38.91438674926758,66.08235931396484,1.3100045919418335,-38.74856185913086,66.08781433105469
1711476116.4484394,-1.5303122997283936,-39.12923812866211,66.15483856201172,1.464848518371582,-39.21267318725586,66.17483520507812,-1.335154414176941,-38.912357330322266,66.08235931396484,1.3100045919418335,-38.74481201171875,66.08485412597656
1711476116.4584277,-1.522499918937683,-39.12752151489258,66.15483856201172,1.464848518371582,-39.21236038208008,66.1701431274414,-1.335154414176941,-38.9039192199707,66.08235931396484,1.3100045919418335,-38.71434020996094,66.08063507080078
1711476116.4685178,-1.5190625190734863,-39.10939407348633,66.15483856201172,1.464848518371582,-39.190330505371094,66.15483093261719,-1.335154414176941,-38.90235900878906,66.08235931396484,1.3100045919418335,-38.714813232421875,66.0748519897461
1711476116.4784858,-1.4901560544967651,-39.107521057128906,66.1434326171875,1.464848518371582,-39.19236373901367,66.15483093261719,-1.335154414176941,-38.892356872558594,66.08235931396484,1.3100045919418335,-38.695281982421875,66.0748519897461
1711476116.4884892,-1.4889061450958252,-39.08877182006836,66.14483642578125,1.464848518371582,-39.16173553466797,66.14483642578125,-1.335154414176941,-38.892356872558594,66.08235931396484,1.3100045919418335,-38.684810638427734,66.06484985351562
1711476116.4984202,-1.4632811546325684,-39.08470916748047,66.14483642578125,1.464848518371582,-39.16236114501953,66.14483642578125,-1.335154414176941,-38.87235641479492,66.08235931396484,1.3100045919418335,-38.656532287597656,66.06484985351562
1711476116.5084953,-1.462343692779541,-39.057518005371094,66.14483642578125,1.464848518371582,-39.132362365722656,66.14218139648438,-1.335154414176941,-38.85017013549805,66.07125854492188,1.3100045919418335,-38.644813537597656,66.0553207397461
1711476116.5184474,-1.4460936784744263,-39.05314636230469,66.13687133789062,1.464848518371582,-39.128456115722656,66.13483428955078,-1.335154414176941,-38.84235763549805,66.07235717773438,1.3100045919418335,-38.61262512207031,66.05484771728516
1711476116.5285118,-1.4323437213897705,-39.01908493041992,66.13484191894531,1.464848518371582,-39.09080123901367,66.13483428955078,-1.335154414176941,-38.83657455444336,66.07235717773438,1.3100045919418335,-38.60778045654297,66.05484771728516
1711476116.5384316,-1.4323437213897705,-39.01502227783203,66.12609100341797,1.464848518371582,-39.08970642089844,66.12405395507812,-1.335154414176941,-38.822357177734375,66.07235717773438,1.3100045919418335,-38.59184265136719,66.05484771728516
1711476116.5484166,-1.4123436212539673,-38.98142623901367,66.12483978271484,1.464848518371582,-39.05079650878906,66.12483215332031,-1.335154414176941,-38.79438781738281,66.0612564086914,1.3100045919418335,-38.56309509277344,66.04360961914062
1711476116.5584476,-1.4123436212539673,-38.974552154541016,66.12203216552734,1.464848518371582,-39.05236053466797,66.12483215332031,-1.335154414176941,-38.77688980102539,66.06234741210938,1.3100045919418335,-38.5648078918457,66.04485321044922
1711476116.5684516,-1.4012497663497925,-38.93798828125,66.11483764648438,1.464848518371582,-39.022361755371094,66.12483215332031,-1.335154414176941,-38.74235534667969,66.05001068115234,1.3100045919418335,-38.54481506347656,66.04485321044922
1711476116.5784755,-1.402343511581421,-38.92298889160156,66.1067123413086,1.464848518371582,-39.0139274597168,66.12483215332031,-1.335154414176941,-38.717044830322266,66.04235076904297,1.3100045919418335,-38.526222229003906,66.04485321044922
1711476116.588487,-1.3940623998641968,-38.897518157958984,66.1048355102539,1.464848518371582,-39.00236129760742,66.12483215332031,-1.335154414176941,-38.69063949584961,66.03939056396484,1.3100045919418335,-38.51481246948242,66.04485321044922
1711476116.598538,-1.3923436403274536,-38.87455368041992,66.09687042236328,1.464848518371582,-38.9870491027832,66.12483215332031,-1.335154414176941,-38.654544830322266,66.03235626220703,1.3100045919418335,-38.49778366088867,66.04485321044922
1711476116.60841,-1.3923436403274536,-38.86751937866211,66.0848388671875,1.464848518371582,-38.97236251831055,66.11483764648438,-1.335154414176941,-38.63735580444336,66.02985382080078,1.3100045919418335,-38.48481369018555,66.04485321044922
1711476116.6184814,-1.3923436403274536,-38.84767532348633,66.0848388671875,1.464848518371582,-38.96611022949219,66.11483764648438,-1.335154414176941,-38.603294372558594,66.02235412597656,1.3100045919418335,-38.481998443603516,66.04485321044922
1711476116.6284857,-1.3923436403274536,-38.837520599365234,66.07498931884766,1.464848518371582,-38.952362060546875,66.11483764648438,-1.335154414176941,-38.5853271484375,66.02235412597656,1.3100045919418335,-38.464813232421875,66.04485321044922
1711476116.6385279,-1.3823437690734863,-38.81283187866211,66.07483673095703,1.464848518371582,-38.94111251831055,66.11483764648438,-1.335154414176941,-38.568138122558594,66.01235961914062,1.3100045919418335,-38.464813232421875,66.04485321044922
1711476116.6485348,-1.3823437690734863,-38.80752182006836,66.06436157226562,1.464848518371582,-38.9323616027832,66.1060791015625,-1.335154414176941,-38.54438781738281,66.01235961914062,1.3100045919418335,-38.452781677246094,66.04485321044922
1711476116.658503,-1.3823437690734863,-38.78939437866211,66.06483459472656,1.4542222023010254,-38.929080963134766,66.10482788085938,-1.335154414176941,-38.542354583740234,66.01235961914062,1.3100045919418335,-38.45481491088867,66.04485321044922
1711476116.6684206,-1.374843716621399,-38.78752136230469,66.0568618774414,1.4548468589782715,-38.92236328125,66.10482788085938,-1.335154414176941,-38.5323600769043,66.01235961914062,1.3100045919418335,-38.45481491088867,66.04485321044922
1711476116.678451,-1.3723435401916504,-38.768611907958984,66.05484008789062,1.451096534729004,-38.917049407958984,66.10482788085938,-1.335154414176941,-38.51454162597656,66.01235961914062,1.3100045919418335,-38.45481491088867,66.04485321044922
1711476116.6884928,-1.3723435401916504,-38.767520904541016,66.05484008789062,1.444847583770752,-38.9123649597168,66.10482788085938,-1.335154414176941,-38.51235580444336,66.01235961914062,1.300004482269287,-38.45481491088867,66.04485321044922
1711476116.69845,-1.3723435401916504,-38.749080657958984,66.04545593261719,1.444847583770752,-38.90595626831055,66.10482788085938,-1.335154414176941,-38.50407409667969,66.01235961914062,1.300004482269287,-38.45481491088867,66.04485321044922
1711476116.7085347,-1.3723435401916504,-38.747520446777344,66.04483032226562,1.4353156089782715,-38.90235900878906,66.09483337402344,-1.335154414176941,-38.502357482910156,66.01235961914062,1.2935982942581177,-38.45481491088867,66.04485321044922
1711476116.718723,-1.3698434829711914,-38.739864349365234,66.02452087402344,1.4348483085632324,-38.90235900878906,66.09483337402344,-1.335154414176941,-38.49470138549805,66.01235961914062,1.2900044918060303,-38.45481491088867,66.04485321044922
1711476116.7284226,-1.362343668937683,-38.73752212524414,66.02483367919922,1.4348483085632324,-38.90235900878906,66.09483337402344,-1.335154414176941,-38.49235534667969,66.00782012939453,1.2900044918060303,-38.45481491088867,66.04485321044922
1711476116.7384179,-1.362343668937683,-38.73298645019531,66.00827026367188,1.4348483085632324,-38.90235900878906,66.09483337402344,-1.335154414176941,-38.49235534667969,66.00234985351562,1.2900044918060303,-38.45481491088867,66.04485321044922
1711476116.7484186,-1.362343668937683,-38.72751998901367,66.00484466552734,1.4248466491699219,-38.90235900878906,66.09483337402344,-1.335154414176941,-38.49235534667969,65.99969482421875,1.2900044918060303,-38.45481491088867,66.04485321044922
1711476116.7584941,-1.362343668937683,-38.72751998901367,65.98780822753906,1.4248466491699219,-38.90235900878906,66.0881118774414,-1.335154414176941,-38.49235534667969,65.99234771728516,1.2900044918060303,-38.45481491088867,66.04485321044922
1711476116.7685273,-1.362343668937683,-38.72751998901367,65.98483276367188,1.4248466491699219,-38.90235900878906,66.08483123779297,-1.335154414176941,-38.49235534667969,65.99234771728516,1.2900044918060303,-38.45481491088867,66.04485321044922
1711476116.7785244,-1.362343668937683,-38.72751998901367,65.96468353271484,1.4148473739624023,-38.90235900878906,66.08483123779297,-1.335154414176941,-38.49235534667969,65.98235321044922,1.283754587173462,-38.45481491088867,66.04485321044922
1711476116.7885213,-1.362343668937683,-38.72751998901367,65.96483612060547,1.4148473739624023,-38.90235900878906,66.07327270507812,-1.335154414176941,-38.49235534667969,65.98235321044922,1.2800045013427734,-38.45481491088867,66.04485321044922
1711476116.7984357,-1.362343668937683,-38.72751998901367,65.94296264648438,1.4148473739624023,-38.90235900878906,66.07483673095703,-1.335154414176941,-38.49235534667969,65.97235107421875,1.2800045013427734,-38.45481491088867,66.04485321044922
1711476116.8084726,-1.362343668937683,-38.72751998901367,65.93484497070312,1.4032840728759766,-38.90235900878906,66.06561279296875,-1.335154414176941,-38.49235534667969,65.97235107421875,1.2800045013427734,-38.45481491088867,66.04485321044922
1711476116.8184497,-1.362343668937683,-38.74517822265625,65.91842651367188,1.4048480987548828,-38.90235900878906,66.06483459472656,-1.335154414176941,-38.49235534667969,65.96235656738281,1.2800045013427734,-38.45481491088867,66.04485321044922
1711476116.8285317,-1.362343668937683,-38.74517822265625,65.91483306884766,1.4007854461669922,-38.90235900878906,66.04780578613281,-1.335154414176941,-38.50469970703125,65.96235656738281,1.2800045013427734,-38.45481491088867,66.03984832763672
1711476116.8384278,-1.362343668937683,-38.767051696777344,65.90233612060547,1.3948464393615723,-38.90235900878906,66.04483032226562,-1.335154414176941,-38.52001190185547,65.95235443115234,1.2800045013427734,-38.46278381347656,66.03485107421875
1711476116.848449,-1.362343668937683,-38.76517868041992,65.89483642578125,1.3948464393615723,-38.90235900878906,66.03764343261719,-1.335154414176941,-38.52642059326172,65.95235443115234,1.2800045013427734,-38.472469329833984,66.03141784667969
1711476116.8584468,-1.362343668937683,-38.775489807128906,65.8918685913086,1.3948464393615723,-38.90235900878906,66.03482818603516,-1.335154414176941,-38.54001235961914,65.94469451904297,1.2800045013427734,-38.472469329833984,66.02485656738281
1711476116.868445,-1.362343668937683,-38.775177001953125,65.88484191894531,1.3948464393615723,-38.90235900878906,66.03482818603516,-1.3199982643127441,-38.54001235961914,65.94235229492188,1.2800045013427734,-38.481842041015625,66.01719665527344
1711476116.8784487,-1.362343668937683,-38.78221130371094,65.88484191894531,1.3948464393615723,-38.90235900878906,66.01280212402344,-1.3199982643127441,-38.56001281738281,65.94235229492188,1.2800045013427734,-38.48246765136719,66.01485443115234
1711476116.8885233,-1.362343668937683,-38.78517532348633,65.88484191894531,1.3948464393615723,-38.90235900878906,66.01483154296875,-1.3199982643127441,-38.56001281738281,65.94235229492188,1.2800045013427734,-38.48246765136719,66.00297546386719
1711476116.8985229,-1.362343668937683,-38.78517532348633,65.88484191894531,1.3948464393615723,-38.90235900878906,65.9943618774414,-1.3099980354309082,-38.56001281738281,65.94235229492188,1.2800045013427734,-38.48246765136719,66.00094604492188
1711476116.9085002,-1.362343668937683,-38.78517532348633,65.88484191894531,1.3948464393615723,-38.90751647949219,65.99483489990234,-1.3099980354309082,-38.56001281738281,65.94235229492188,1.2800045013427734,-38.485435485839844,65.9948501586914
1711476116.918467,-1.362343668937683,-38.78517532348633,65.88484191894531,1.3948464393615723,-38.917518615722656,65.99483489990234,-1.3099980354309082,-38.56001281738281,65.9314193725586,1.2800045013427734,-38.492469787597656,65.9948501586914
1711476116.9285157,-1.3501560688018799,-38.78517532348633,65.88484191894531,1.3948464393615723,-38.917518615722656,65.98435974121094,-1.3099980354309082,-38.56001281738281,65.9323501586914,1.2800045013427734,-38.492469787597656,65.99079132080078
1711476116.93849,-1.3523435592651367,-38.78517532348633,65.88484191894531,1.3948464393615723,-38.917518615722656,65.98483276367188,-1.3099980354309082,-38.56001281738281,65.9323501586914,1.2800045013427734,-38.492469787597656,65.98484802246094
1711476116.9485242,-1.3523435592651367,-38.78517532348633,65.87483978271484,1.3948464393615723,-38.917518615722656,65.98030090332031,-1.3099980354309082,-38.56001281738281,65.9323501586914,1.2800045013427734,-38.492469787597656,65.98484802246094
1711476116.9591248,-1.3523435592651367,-38.78517532348633,65.87483978271484,1.3948464393615723,-38.917518615722656,65.9748306274414,-1.3099980354309082,-38.56892013549805,65.9323501586914,1.2800045013427734,-38.492469787597656,65.98001098632812
1711476116.9685073,-1.3418748378753662,-38.78517532348633,65.87483978271484,1.3948464393615723,-38.917518615722656,65.9748306274414,-1.3099980354309082,-38.57001495361328,65.9323501586914,1.2800045013427734,-38.492469787597656,65.974853515625
1711476116.9785042,-1.3423436880111694,-38.78517532348633,65.87483978271484,1.3907861709594727,-38.917518615722656,65.96482849121094,-1.3099980354309082,-38.57001495361328,65.9323501586914,1.2800045013427734,-38.50215148925781,65.974853515625
1711476116.9885306,-1.3342186212539673,-38.78517532348633,65.87483978271484,1.3848471641540527,-38.917518615722656,65.96482849121094,-1.3099980354309082,-38.57001495361328,65.9323501586914,1.2800045013427734,-38.50246810913086,65.974853515625
1711476116.998465,-1.3223435878753662,-38.78517532348633,65.87483978271484,1.3848471641540527,-38.917518615722656,65.954833984375,-1.3099980354309082,-38.57001495361328,65.9323501586914,1.2800045013427734,-38.50246810913086,65.974853515625
1711476117.0086606,-1.3223435878753662,-38.78517532348633,65.87483978271484,1.3848471641540527,-38.917518615722656,65.954833984375,-1.3099980354309082,-38.57001495361328,65.9323501586914,1.2800045013427734,-38.50246810913086,65.97126007080078
1711476117.0184345,-1.3223435878753662,-38.78517532348633,65.87483978271484,1.3848471641540527,-38.917518615722656,65.95233154296875,-1.3099980354309082,-38.57001495361328,65.9323501586914,1.2800045013427734,-38.50246810913086,65.96485137939453
1711476117.0284474,-1.3223435878753662,-38.78517532348633,65.87483978271484,1.3848471641540527,-38.917518615722656,65.94483184814453,-1.3099980354309082,-38.57001495361328,65.9323501586914,1.2800045013427734,-38.50246810913086,65.96485137939453
1711476117.0384922,-1.3223435878753662,-38.78517532348633,65.87483978271484,1.3848471641540527,-38.917518615722656,65.94483184814453,-1.3099980354309082,-38.57001495361328,65.9323501586914,1.2800045013427734,-38.50246810913086,65.96485137939453
1711476117.0485225,-1.3223435878753662,-38.78517532348633,65.87483978271484,1.3848471641540527,-38.917518615722656,65.94483184814453,-1.3099980354309082,-38.57001495361328,65.9323501586914,1.2800045013427734,-38.50246810913086,65.96485137939453
1711476117.058454,-1.3223435878753662,-38.78517532348633,65.87483978271484,1.3848471641540527,-38.917518615722656,65.94483184814453,-1.3099980354309082,-38.57001495361328,65.9323501586914,1.2800045013427734,-38.50246810913086,65.96485137939453
1711476117.0685406,-1.3223435878753662,-38.78517532348633,65.86702728271484,1.3848471641540527,-38.917518615722656,65.9376449584961,-1.3099980354309082,-38.57001495361328,65.9323501586914,1.2800045013427734,-38.50246810913086,65.96485137939453
1711476117.078895,-1.3223435878753662,-38.76908493041992,65.86483764648438,1.3848471641540527,-38.917518615722656,65.9348373413086,-1.3099980354309082,-38.57001495361328,65.9323501586914,1.2800045013427734,-38.50246810913086,65.96485137939453
1711476117.0885143,-1.3223435878753662,-38.767520904541016,65.86483764648438,1.3781285285949707,-38.917518615722656,65.9348373413086,-1.3099980354309082,-38.57001495361328,65.9323501586914,1.2800045013427734,-38.50246810913086,65.96485137939453
1711476117.098464,-1.3223435878753662,-38.767520904541016,65.86093139648438,1.3748478889465332,-38.901737213134766,65.9348373413086,-1.3099980354309082,-38.57001495361328,65.9323501586914,1.2800045013427734,-38.50246810913086,65.96485137939453
1711476117.1085231,-1.3223435878753662,-38.767520904541016,65.8548355102539,1.3707852363586426,-38.90235900878906,65.92764282226562,-1.3099980354309082,-38.57001495361328,65.9323501586914,1.2800045013427734,-38.50246810913086,65.96485137939453
1711476117.1185632,-1.3223435878753662,-38.759239196777344,65.8548355102539,1.3648486137390137,-38.89470291137695,65.92483520507812,-1.3099980354309082,-38.57001495361328,65.9323501586914,1.2800045013427734,-38.50246810913086,65.96485137939453
1711476117.1285644,-1.3223435878753662,-38.75752258300781,65.84483337402344,1.3614106178283691,-38.89236068725586,65.92483520507812,-1.3099980354309082,-38.57001495361328,65.9323501586914,1.2800045013427734,-38.50246810913086,65.96485137939453
1711476117.1388056,-1.3223435878753662,-38.75752258300781,65.84233856201172,1.334848403930664,-38.89236068725586,65.92483520507812,-1.3099980354309082,-38.57001495361328,65.9323501586914,1.2800045013427734,-38.50246810913086,65.96485137939453
1711476117.1484938,-1.3223435878753662,-38.75752258300781,65.8348388671875,1.334848403930664,-38.89236068725586,65.91873168945312,-1.3099980354309082,-38.57001495361328,65.92141723632812,1.2754732370376587,-38.50246810913086,65.96485137939453
1711476117.1584415,-1.315312385559082,-38.75752258300781,65.8348388671875,1.3314104080200195,-38.882362365722656,65.91482543945312,-1.3099980354309082,-38.57001495361328,65.92234802246094,1.2700045108795166,-38.50246810913086,65.96485137939453
1711476117.168519,-1.3123434782028198,-38.75752258300781,65.82483673095703,1.314847469329834,-38.882362365722656,65.90311431884766,-1.3099980354309082,-38.57001495361328,65.92234802246094,1.2700045108795166,-38.50246810913086,65.96485137939453
1711476117.1784794,-1.3123434782028198,-38.75752258300781,65.82483673095703,1.314847469329834,-38.882362365722656,65.90045928955078,-1.3099980354309082,-38.57001495361328,65.92234802246094,1.2700045108795166,-38.50246810913086,65.96485137939453
1711476117.1885314,-1.3123434782028198,-38.75752258300781,65.82483673095703,1.314847469329834,-38.882362365722656,65.88483428955078,-1.3099980354309082,-38.57001495361328,65.92234802246094,1.2700045108795166,-38.50246810913086,65.96485137939453
1711476117.1985312,-1.3123434782028198,-38.75752258300781,65.82483673095703,1.314847469329834,-38.882362365722656,65.87920379638672,-1.3099980354309082,-38.57001495361328,65.912353515625,1.2650046348571777,-38.50246810913086,65.96485137939453
1711476117.2085435,-1.3123434782028198,-38.75752258300781,65.8137435913086,1.3104724884033203,-38.882362365722656,65.87483978271484,-1.3099980354309082,-38.5757942199707,65.912353515625,1.2600045204162598,-38.50246810913086,65.9548568725586
1711476117.2184782,-1.3123434782028198,-38.75752258300781,65.8148422241211,1.3048481941223145,-38.882362365722656,65.85983276367188,-1.3099980354309082,-38.580013275146484,65.90438842773438,1.2600045204162598,-38.50246810913086,65.9548568725586
1711476117.2284489,-1.3123434782028198,-38.75752258300781,65.8148422241211,1.3048481941223145,-38.882362365722656,65.85482788085938,-1.3099980354309082,-38.580013275146484,65.90235137939453,1.2600045204162598,-38.50246810913086,65.94625854492188
1711476117.2385023,-1.3123434782028198,-38.75752258300781,65.8148422241211,1.2984418869018555,-38.882362365722656,65.8482666015625,-1.2996855974197388,-38.591888427734375,65.90235137939453,1.2600045204162598,-38.52231216430664,65.94485473632812
1711476117.2485526,-1.3123434782028198,-38.75752258300781,65.8148422241211,1.294846534729004,-38.882362365722656,65.8448257446289,-1.299998164176941,-38.59001159667969,65.90235137939453,1.2600045204162598,-38.52246856689453,65.93484497070312
1711476117.2584763,-1.3123434782028198,-38.75752258300781,65.8148422241211,1.294846534729004,-38.882362365722656,65.82389068603516,-1.299998164176941,-38.600013732910156,65.90235137939453,1.2600045204162598,-38.53043746948242,65.93484497070312
1711476117.2684531,-1.3123434782028198,-38.77658462524414,65.8148422241211,1.294846534729004,-38.882362365722656,65.81967163085938,-1.299998164176941,-38.60673522949219,65.90235137939453,1.2600045204162598,-38.532466888427734,65.93484497070312
1711476117.278478,-1.3123434782028198,-38.775177001953125,65.8148422241211,1.294846534729004,-38.882362365722656,65.80484008789062,-1.299998164176941,-38.62001419067383,65.90235137939453,1.2506295442581177,-38.53622055053711,65.92594909667969
1711476117.2885528,-1.3123434782028198,-38.775177001953125,65.8148422241211,1.294846534729004,-38.882362365722656,65.80107879638672,-1.299998164176941,-38.62001419067383,65.90235137939453,1.2500044107437134,-38.54246520996094,65.92485046386719
1711476117.2984624,-1.3123434782028198,-38.775177001953125,65.8148422241211,1.294846534729004,-38.882362365722656,65.77436828613281,-1.299998164176941,-38.62001419067383,65.90235137939453,1.2500044107437134,-38.54246520996094,65.92111206054688
1711476117.308529,-1.3090622425079346,-38.775177001953125,65.8148422241211,1.294846534729004,-38.882362365722656,65.77483367919922,-1.299998164176941,-38.63188552856445,65.90235137939453,1.2500044107437134,-38.55247116088867,65.91484832763672
1711476117.3184912,-1.3023436069488525,-38.775177001953125,65.8148422241211,1.294846534729004,-38.882362365722656,65.75874328613281,-1.299998164176941,-38.6300163269043,65.90235137939453,1.2500044107437134,-38.55247116088867,65.91484832763672
1711476117.3284974,-1.3023436069488525,-38.775177001953125,65.8148422241211,1.294846534729004,-38.882362365722656,65.75483703613281,-1.299998164176941,-38.63735580444336,65.90235137939453,1.2500044107437134,-38.55247116088867,65.91484832763672
1711476117.3385153,-1.2959372997283936,-38.775177001953125,65.8148422241211,1.294846534729004,-38.882362365722656,65.7512435913086,-1.2910916805267334,-38.640010833740234,65.90235137939453,1.2500044107437134,-38.55247116088867,65.91484832763672
1711476117.3484478,-1.2923437356948853,-38.775177001953125,65.8148422241211,1.294846534729004,-38.882362365722656,65.74483489990234,-1.289997935295105,-38.640010833740234,65.90235137939453,1.2500044107437134,-38.55247116088867,65.91484832763672
1711476117.3585336,-1.2923437356948853,-38.775177001953125,65.8148422241211,1.294846534729004,-38.882362365722656,65.74483489990234,-1.289997935295105,-38.640010833740234,65.90235137939453,1.2500044107437134,-38.55247116088867,65.90485382080078
1711476117.3685555,-1.2823435068130493,-38.775177001953125,65.8148422241211,1.294846534729004,-38.882362365722656,65.74483489990234,-1.289997935295105,-38.640010833740234,65.90235137939453,1.2500044107437134,-38.55247116088867,65.90485382080078
1711476117.378664,-1.2823435068130493,-38.775177001953125,65.8148422241211,1.294846534729004,-38.882362365722656,65.74217987060547,-1.289997935295105,-38.640010833740234,65.90235137939453,1.2500044107437134,-38.55247116088867,65.90485382080078
1711476117.388542,-1.2823435068130493,-38.775177001953125,65.8148422241211,1.294846534729004,-38.882362365722656,65.73483276367188,-1.2799981832504272,-38.640010833740234,65.90235137939453,1.2500044107437134,-38.55247116088867,65.90485382080078
1711476117.3985057,-1.2823435068130493,-38.775177001953125,65.8148422241211,1.294846534729004,-38.87236022949219,65.73483276367188,-1.2799981832504272,-38.640010833740234,65.90235137939453,1.2500044107437134,-38.55247116088867,65.90485382080078
1711476117.4084945,-1.2706249952316284,-38.775177001953125,65.8148422241211,1.294846534729004,-38.87236022949219,65.73483276367188,-1.2799981832504272,-38.640010833740234,65.90235137939453,1.2500044107437134,-38.55247116088867,65.90485382080078
1711476117.4184906,-1.2723437547683716,-38.775177001953125,65.8148422241211,1.3100028038024902,-38.863609313964844,65.73483276367188,-1.2799981832504272,-38.640010833740234,65.90235137939453,1.2500044107437134,-38.55247116088867,65.90485382080078
1711476117.4287486,-1.2723437547683716,-38.775177001953125,65.8148422241211,1.3100028038024902,-38.862361907958984,65.73483276367188,-1.2799981832504272,-38.640010833740234,65.90235137939453,1.2500044107437134,-38.55247116088867,65.90485382080078
1711476117.439342,-1.2623435258865356,-38.775177001953125,65.8148422241211,1.3100028038024902,-38.85673522949219,65.73483276367188,-1.2799981832504272,-38.640010833740234,65.90235137939453,1.2500044107437134,-38.55247116088867,65.90485382080078
1711476117.4485328,-1.2623435258865356,-38.775177001953125,65.8148422241211,1.3100028038024902,-38.85236358642578,65.73483276367188,-1.2799981832504272,-38.623451232910156,65.90235137939453,1.2500044107437134,-38.55247116088867,65.90485382080078
1711476117.4584606,-1.2623435258865356,-38.75752258300781,65.8148422241211,1.3100028038024902,-38.841896057128906,65.73483276367188,-1.2799981832504272,-38.62236022949219,65.90235137939453,1.2500044107437134,-38.5341911315918,65.90485382080078
1711476117.4685102,-1.2623435258865356,-38.75752258300781,65.8148422241211,1.3100028038024902,-38.84236145019531,65.73483276367188,-1.2799981832504272,-38.62236022949219,65.91751098632812,1.2500044107437134,-38.534812927246094,65.90485382080078
1711476117.478572,-1.2623435258865356,-38.747520446777344,65.8148422241211,1.3100028038024902,-38.83392333984375,65.73483276367188,-1.2799981832504272,-38.62236022949219,65.91751098632812,1.2500044107437134,-38.534812927246094,65.90485382080078
1711476117.4886565,-1.2623435258865356,-38.747520446777344,65.8148422241211,1.3100028038024902,-38.832359313964844,65.73483276367188,-1.2799981832504272,-38.61360549926758,65.91751098632812,1.2500044107437134,-38.534812927246094,65.90485382080078
1711476117.4990833,-1.2623435258865356,-38.73752212524414,65.8148422241211,1.3100028038024902,-38.82673645019531,65.73483276367188,-1.2799981832504272,-38.61235427856445,65.91751098632812,1.2500044107437134,-38.534812927246094,65.90485382080078
1711476117.5084913,-1.2623435258865356,-38.73752212524414,65.8148422241211,1.3100028038024902,-38.822364807128906,65.73483276367188,-1.2799981832504272,-38.603450775146484,65.91751098632812,1.2500044107437134,-38.52481460571289,65.90485382080078
1711476117.5184917,-1.2623435258865356,-38.72751998901367,65.8148422241211,1.3100028038024902,-38.822364807128906,65.73483276367188,-1.2799981832504272,-38.60235595703125,65.91751098632812,1.2500044107437134,-38.52481460571289,65.90485382080078
1711476117.5284824,-1.2623435258865356,-38.72751998901367,65.8148422241211,1.3100028038024902,-38.81236267089844,65.73733520507812,-1.2799981832504272,-38.60235595703125,65.91751098632812,1.2500044107437134,-38.51481246948242,65.90485382080078
1711476117.5384722,-1.2623435258865356,-38.72751998901367,65.8148422241211,1.294691562652588,-38.81236267089844,65.74998474121094,-1.2799981832504272,-38.60235595703125,65.91751098632812,1.2500044107437134,-38.51481246948242,65.90485382080078
1711476117.5485463,-1.2623435258865356,-38.72751998901367,65.8148422241211,1.294846534729004,-38.80236053466797,65.74998474121094,-1.2799981832504272,-38.60235595703125,65.91751098632812,1.2500044107437134,-38.51481246948242,65.90485382080078
1711476117.5602472,-1.2623435258865356,-38.72751998901367,65.8148422241211,1.294846534729004,-38.80236053466797,65.7677993774414,-1.2799981832504272,-38.59251403808594,65.91751098632812,1.2500044107437134,-38.51481246948242,65.90485382080078
1711476117.5685203,-1.2623435258865356,-38.72751998901367,65.8148422241211,1.2848472595214844,-38.80236053466797,65.76998901367188,-1.2799981832504272,-38.59235763549805,65.91751098632812,1.2500044107437134,-38.51481246948242,65.90485382080078
1711476117.5784817,-1.2623435258865356,-38.72751998901367,65.8148422241211,1.2848472595214844,-38.80236053466797,65.76998901367188,-1.2799981832504272,-38.59235763549805,65.91751098632812,1.2500044107437134,-38.51481246948242,65.90485382080078
1711476117.5885563,-1.2623435258865356,-38.72751998901367,65.8148422241211,1.263129711151123,-38.80236053466797,65.76998901367188,-1.2682793140411377,-38.59235763549805,65.91751098632812,1.2500044107437134,-38.51481246948242,65.90485382080078
1711476117.5984962,-1.2623435258865356,-38.72751998901367,65.8148422241211,1.2648487091064453,-38.792205810546875,65.76998901367188,-1.2699979543685913,-38.59235763549805,65.91751098632812,1.2500044107437134,-38.51481246948242,65.90485382080078
1711476117.6085742,-1.2623435258865356,-38.72751998901367,65.8148422241211,1.2329721450805664,-38.792362213134766,65.77655029296875,-1.2699979543685913,-38.59235763549805,65.91751098632812,1.2500044107437134,-38.51481246948242,65.90485382080078
1711476117.6185973,-1.2623435258865356,-38.72751998901367,65.8148422241211,1.2348484992980957,-38.792362213134766,65.77999114990234,-1.2699979543685913,-38.59235763549805,65.91751098632812,1.2500044107437134,-38.51481246948242,65.90485382080078
1711476117.628502,-1.2623435258865356,-38.72751998901367,65.8148422241211,1.2029719352722168,-38.792362213134766,65.78999328613281,-1.2699979543685913,-38.59235763549805,65.91751098632812,1.2500044107437134,-38.51481246948242,65.90485382080078
1711476117.6385176,-1.2623435258865356,-38.72751998901367,65.8148422241211,1.204848289489746,-38.792362213134766,65.79639434814453,-1.2699979543685913,-38.59235763549805,65.91751098632812,1.2500044107437134,-38.51481246948242,65.90485382080078
1711476117.6485229,-1.2623435258865356,-38.72751998901367,65.8148422241211,1.1996912956237793,-38.792362213134766,65.79998779296875,-1.2699979543685913,-38.59235763549805,65.91751098632812,1.239691972732544,-38.51481246948242,65.90485382080078
1711476117.6585221,-1.2623435258865356,-38.72751998901367,65.8148422241211,1.184847354888916,-38.792362213134766,65.80404663085938,-1.2699979543685913,-38.59235763549805,65.91751098632812,1.2400046586990356,-38.51481246948242,65.90485382080078
1711476117.668568,-1.2623435258865356,-38.72751998901367,65.8148422241211,1.177659034729004,-38.792362213134766,65.80998992919922,-1.2699979543685913,-38.59235763549805,65.91751098632812,1.2400046586990356,-38.51481246948242,65.90485382080078
1711476117.6785502,-1.2623435258865356,-38.72751998901367,65.8148422241211,1.1748480796813965,-38.792362213134766,65.80998992919922,-1.2699979543685913,-38.59235763549805,65.90203857421875,1.2400046586990356,-38.51481246948242,65.90485382080078
1711476117.688545,-1.2623435258865356,-38.72751998901367,65.8148422241211,1.1542224884033203,-38.792362213134766,65.81998443603516,-1.2699979543685913,-38.59235763549805,65.90235137939453,1.2400046586990356,-38.51481246948242,65.90485382080078
1711476117.6985831,-1.2623435258865356,-38.72751998901367,65.8148422241211,1.1548471450805664,-38.792362213134766,65.82279968261719,-1.2699979543685913,-38.611732482910156,65.90235137939453,1.2339107990264893,-38.51481246948242,65.90485382080078
1711476117.7084749,-1.2623435258865356,-38.72751998901367,65.8148422241211,1.1340665817260742,-38.792362213134766,65.82998657226562,-1.2699979543685913,-38.61001205444336,65.90235137939453,1.2300046682357788,-38.51481246948242,65.90485382080078
1711476117.718505,-1.2623435258865356,-38.72751998901367,65.8148422241211,1.1348485946655273,-38.80126953125,65.82998657226562,-1.2699979543685913,-38.61001205444336,65.8932876586914,1.2300046682357788,-38.51481246948242,65.90485382080078
1711476117.7285473,-1.2623435258865356,-38.72751998901367,65.8148422241211,1.1348485946655273,-38.807518005371094,65.84014129638672,-1.2699979543685913,-38.61001205444336,65.8923568725586,1.2300046682357788,-38.51481246948242,65.90485382080078
1711476117.7387009,-1.2623435258865356,-38.72751998901367,65.8148422241211,1.1348485946655273,-38.811737060546875,65.8399887084961,-1.2699979543685913,-38.61001205444336,65.8923568725586,1.2300046682357788,-38.51481246948242,65.90485382080078
1711476117.7485058,-1.2623435258865356,-38.72751998901367,65.8148422241211,1.1348485946655273,-38.81752014160156,65.8399887084961,-1.2699979543685913,-38.61001205444336,65.8923568725586,1.2300046682357788,-38.51481246948242,65.90485382080078
1711476117.758486,-1.2623435258865356,-38.72751998901367,65.8148422241211,1.1348485946655273,-38.81752014160156,65.8399887084961,-1.2699979543685913,-38.61751174926758,65.8923568725586,1.2300046682357788,-38.51481246948242,65.90485382080078
1711476117.76854,-1.2623435258865356,-38.72751998901367,65.8148422241211,1.1348485946655273,-38.81752014160156,65.8399887084961,-1.2699979543685913,-38.62001419067383,65.8923568725586,1.2300046682357788,-38.51481246948242,65.90485382080078
1711476117.778522,-1.2623435258865356,-38.72751998901367,65.8148422241211,1.1278152465820312,-38.81752014160156,65.8399887084961,-1.2699979543685913,-38.62001419067383,65.8923568725586,1.2300046682357788,-38.51481246948242,65.90485382080078
1711476117.788498,-1.2623435258865356,-38.72751998901367,65.8148422241211,1.1248469352722168,-38.81752014160156,65.8399887084961,-1.2699979543685913,-38.62001419067383,65.8923568725586,1.2300046682357788,-38.51481246948242,65.90485382080078
1711476117.7988632,-1.2623435258865356,-38.72751998901367,65.8148422241211,1.1248469352722168,-38.81752014160156,65.8399887084961,-1.2699979543685913,-38.62001419067383,65.8923568725586,1.2300046682357788,-38.51481246948242,65.90485382080078
1711476117.8084877,-1.2623435258865356,-38.72751998901367,65.8148422241211,1.118910312652588,-38.81752014160156,65.8399887084961,-1.2699979543685913,-38.62001419067383,65.8923568725586,1.2300046682357788,-38.51481246948242,65.90485382080078
1711476117.818549,-1.2623435258865356,-38.72751998901367,65.8148422241211,1.1148476600646973,-38.81752014160156,65.8399887084961,-1.2699979543685913,-38.62001419067383,65.8923568725586,1.2300046682357788,-38.51481246948242,65.90485382080078
1711476117.8284895,-1.2623435258865356,-38.72751998901367,65.8148422241211,1.1148476600646973,-38.81752014160156,65.8399887084961,-1.2699979543685913,-38.62001419067383,65.8923568725586,1.2300046682357788,-38.51481246948242,65.90485382080078
1711476117.8384943,-1.2623435258865356,-38.72751998901367,65.8148422241211,1.1148476600646973,-38.81752014160156,65.8399887084961,-1.2699979543685913,-38.62001419067383,65.8923568725586,1.2300046682357788,-38.51481246948242,65.90485382080078
1711476117.848576,-1.2623435258865356,-38.72751998901367,65.8148422241211,1.1148476600646973,-38.81752014160156,65.8399887084961,-1.2699979543685913,-38.62001419067383,65.8923568725586,1.2300046682357788,-38.51481246948242,65.90485382080078
1711476117.858522,-1.2623435258865356,-38.72751998901367,65.8148422241211,1.1148476600646973,-38.81752014160156,65.8399887084961,-1.2699979543685913,-38.62001419067383,65.8923568725586,1.2300046682357788,-38.51481246948242,65.90485382080078
1711476117.8685849,-1.2623435258865356,-38.72751998901367,65.8148422241211,1.1148476600646973,-38.80236053466797,65.82483673095703,-1.2699979543685913,-38.62001419067383,65.8923568725586,1.2300046682357788,-38.51481246948242,65.90485382080078
1711476117.8784952,-1.2623435258865356,-38.72751998901367,65.8148422241211,1.1148476600646973,-38.80236053466797,65.82483673095703,-1.2699979543685913,-38.62001419067383,65.8923568725586,1.2300046682357788,-38.51481246948242,65.90485382080078
1711476117.8885956,-1.2623435258865356,-38.72751998901367,65.8148422241211,1.1148476600646973,-38.80236053466797,65.82483673095703,-1.2699979543685913,-38.62001419067383,65.8923568725586,1.2300046682357788,-38.51481246948242,65.90485382080078
1711476117.8985016,-1.2623435258865356,-38.72751998901367,65.8148422241211,1.1148476600646973,-38.80236053466797,65.82483673095703,-1.2598419189453125,-38.62001419067383,65.8923568725586,1.2300046682357788,-38.51481246948242,65.90485382080078
1711476117.9085886,-1.2623435258865356,-38.72751998901367,65.8148422241211,1.1148476600646973,-38.792362213134766,65.82483673095703,-1.259998083114624,-38.62001419067383,65.8923568725586,1.2300046682357788,-38.51481246948242,65.90485382080078
1711476117.9185414,-1.2623435258865356,-38.72751998901367,65.8148422241211,1.1148476600646973,-38.792362213134766,65.82483673095703,-1.259998083114624,-38.62001419067383,65.8923568725586,1.2300046682357788,-38.51481246948242,65.90485382080078
1711476117.928512,-1.2623435258865356,-38.72751998901367,65.8148422241211,1.1148476600646973,-38.78142166137695,65.81951904296875,-1.259998083114624,-38.62001419067383,65.8923568725586,1.2300046682357788,-38.51481246948242,65.90485382080078
1711476117.9384978,-1.2623435258865356,-38.72751998901367,65.8148422241211,1.1148476600646973,-38.78236389160156,65.81483459472656,-1.259998083114624,-38.62001419067383,65.8923568725586,1.2300046682357788,-38.51481246948242,65.90485382080078
1711476117.9485621,-1.2623435258865356,-38.72751998901367,65.8148422241211,1.1148476600646973,-38.78236389160156,65.81483459472656,-1.259998083114624,-38.62001419067383,65.8923568725586,1.2300046682357788,-38.51481246948242,65.90485382080078
1711476117.9585495,-1.2623435258865356,-38.72751998901367,65.8148422241211,1.1148476600646973,-38.78236389160156,65.81483459472656,-1.259998083114624,-38.62001419067383,65.8923568725586,1.2300046682357788,-38.51481246948242,65.90485382080078
1711476117.9686077,-1.2623435258865356,-38.72751998901367,65.8148422241211,1.1148476600646973,-38.776580810546875,65.81483459472656,-1.2556231021881104,-38.62001419067383,65.8923568725586,1.2300046682357788,-38.51481246948242,65.90485382080078
1711476117.9785788,-1.2623435258865356,-38.72751998901367,65.8148422241211,1.1148476600646973,-38.772361755371094,65.81483459472656,-1.2499982118606567,-38.62001419067383,65.8923568725586,1.2300046682357788,-38.51481246948242,65.90485382080078
1711476117.9885206,-1.2623435258865356,-38.72751998901367,65.8148422241211,1.1148476600646973,-38.772361755371094,65.81483459472656,-1.2499982118606567,-38.62001419067383,65.8923568725586,1.2300046682357788,-38.51481246948242,65.90485382080078
1711476117.9985383,-1.2623435258865356,-38.72751998901367,65.8148422241211,1.1148476600646973,-38.772361755371094,65.8029556274414,-1.2499982118606567,-38.62001419067383,65.8923568725586,1.2300046682357788,-38.51481246948242,65.90485382080078
1711476118.0085068,-1.2623435258865356,-38.72236633300781,65.8148422241211,1.1148476600646973,-38.76767349243164,65.80484008789062,-1.2499982118606567,-38.62001419067383,65.8923568725586,1.2300046682357788,-38.51481246948242,65.90485382080078
1711476118.0184927,-1.2623435258865356,-38.7175178527832,65.8148422241211,1.1300039291381836,-38.75236511230469,65.80484008789062,-1.2499982118606567,-38.62001419067383,65.8923568725586,1.2300046682357788,-38.51481246948242,65.90485382080078
1711476118.0285785,-1.2578123807907104,-38.7175178527832,65.8148422241211,1.1300039291381836,-38.75236511230469,65.80484008789062,-1.2499982118606567,-38.62001419067383,65.8923568725586,1.2300046682357788,-38.51481246948242,65.90485382080078
1711476118.0385926,-1.2523436546325684,-38.71345520019531,65.8148422241211,1.1300039291381836,-38.74017333984375,65.80484008789062,-1.2499982118606567,-38.62001419067383,65.8923568725586,1.2300046682357788,-38.51481246948242,65.90485382080078
1711476118.0485005,-1.2523436546325684,-38.70751953125,65.8148422241211,1.1300039291381836,-38.74235916137695,65.80484008789062,-1.2499982118606567,-38.62001419067383,65.8923568725586,1.2300046682357788,-38.51481246948242,65.90485382080078
1711476118.0585032,-1.2523436546325684,-38.70751953125,65.8148422241211,1.1300039291381836,-38.74235916137695,65.80484008789062,-1.2499982118606567,-38.62001419067383,65.8923568725586,1.2300046682357788,-38.51481246948242,65.90485382080078
1711476118.0685112,-1.2523436546325684,-38.70751953125,65.8148422241211,1.1300039291381836,-38.74235916137695,65.80484008789062,-1.2499982118606567,-38.62001419067383,65.8923568725586,1.2300046682357788,-38.51481246948242,65.90485382080078
1711476118.0785666,-1.2523436546325684,-38.70751953125,65.8148422241211,1.1300039291381836,-38.74235916137695,65.80484008789062,-1.2499982118606567,-38.62001419067383,65.8923568725586,1.2300046682357788,-38.51481246948242,65.90485382080078
1711476118.0885723,-1.2523436546325684,-38.70751953125,65.8148422241211,1.1300039291381836,-38.74235916137695,65.80484008789062,-1.2499982118606567,-38.62001419067383,65.8923568725586,1.2300046682357788,-38.51481246948242,65.90485382080078
1711476118.098603,-1.2523436546325684,-38.70751953125,65.8148422241211,1.1300039291381836,-38.74235916137695,65.80484008789062,-1.2499982118606567,-38.62001419067383,65.8923568725586,1.2300046682357788,-38.51481246948242,65.90485382080078
1711476118.108531,-1.2523436546325684,-38.6975212097168,65.8148422241211,1.1300039291381836,-38.74235916137695,65.80484008789062,-1.2499982118606567,-38.62001419067383,65.8923568725586,1.2300046682357788,-38.51481246948242,65.90485382080078
1711476118.1185071,-1.2523436546325684,-38.6975212097168,65.8148422241211,1.1300039291381836,-38.74235916137695,65.80484008789062,-1.2499982118606567,-38.62001419067383,65.8923568725586,1.2300046682357788,-38.51481246948242,65.90485382080078
1711476118.128566,-1.2523436546325684,-38.689552307128906,65.8148422241211,1.1300039291381836,-38.73236083984375,65.80484008789062,-1.2499982118606567,-38.62001419067383,65.8923568725586,1.2300046682357788,-38.51481246948242,65.90485382080078
1711476118.1386125,-1.2523436546325684,-38.68751907348633,65.8148422241211,1.1300039291381836,-38.73236083984375,65.80484008789062,-1.2499982118606567,-38.62001419067383,65.8923568725586,1.2300046682357788,-38.51481246948242,65.90485382080078
1711476118.1486044,-1.2523436546325684,-38.681427001953125,65.8148422241211,1.1300039291381836,-38.72642517089844,65.80484008789062,-1.2499982118606567,-38.62001419067383,65.8923568725586,1.2300046682357788,-38.51481246948242,65.90485382080078
1711476118.1585786,-1.2523436546325684,-38.677520751953125,65.8148422241211,1.1300039291381836,-38.72236251831055,65.80484008789062,-1.2499982118606567,-38.60688781738281,65.8923568725586,1.2300046682357788,-38.51481246948242,65.90485382080078
1711476118.1685545,-1.2523436546325684,-38.673458099365234,65.8148422241211,1.1300039291381836,-38.72236251831055,65.80484008789062,-1.2499982118606567,-38.60235595703125,65.8923568725586,1.2300046682357788,-38.51481246948242,65.90485382080078
1711476118.1785963,-1.2523436546325684,-38.66752243041992,65.8148422241211,1.1300039291381836,-38.72236251831055,65.80484008789062,-1.2499982118606567,-38.60235595703125,65.8923568725586,1.2300046682357788,-38.51481246948242,65.90485382080078
1711476118.188589,-1.2523436546325684,-38.66752243041992,65.8148422241211,1.1300039291381836,-38.71236038208008,65.80484008789062,-1.2499982118606567,-38.60235595703125,65.8923568725586,1.2300046682357788,-38.51481246948242,65.90485382080078
1711476118.19867,-1.2523436546325684,-38.65955352783203,65.8148422241211,1.1300039291381836,-38.70329666137695,65.80484008789062,-1.2499982118606567,-38.60235595703125,65.8923568725586,1.2300046682357788,-38.51481246948242,65.90485382080078
1711476118.2086031,-1.2523436546325684,-38.65751647949219,65.8148422241211,1.1300039291381836,-38.702362060546875,65.80484008789062,-1.2499982118606567,-38.59735870361328,65.8923568725586,1.2300046682357788,-38.51481246948242,65.90485382080078
1711476118.219419,-1.2523436546325684,-38.639705657958984,65.8148422241211,1.1300039291381836,-38.69892501831055,65.80484008789062,-1.2499982118606567,-38.59235763549805,65.8923568725586,1.2300046682357788,-38.51481246948242,65.90485382080078
1711476118.2285829,-1.2523436546325684,-38.63752365112305,65.8148422241211,1.1300039291381836,-38.69236373901367,65.80484008789062,-1.2420294284820557,-38.59235763549805,65.8923568725586,1.2300046682357788,-38.51481246948242,65.90485382080078
1711476118.2385697,-1.2523436546325684,-38.63361358642578,65.8148422241211,1.1353158950805664,-38.69236373901367,65.80484008789062,-1.2399981021881104,-38.59235763549805,65.8923568725586,1.2300046682357788,-38.51481246948242,65.90485382080078
1711476118.2485628,-1.2423434257507324,-38.62751770019531,65.8148422241211,1.1400032043457031,-38.67033004760742,65.80484008789062,-1.2399981021881104,-38.59235763549805,65.8923568725586,1.2300046682357788,-38.51481246948242,65.90485382080078
1711476118.2585201,-1.2423434257507324,-38.62751770019531,65.8148422241211,1.1400032043457031,-38.672359466552734,65.80484008789062,-1.2399981021881104,-38.59235763549805,65.8923568725586,1.2300046682357788,-38.51481246948242,65.90485382080078
1711476118.2686076,-1.2362498044967651,-38.6081428527832,65.8148422241211,1.1400032043457031,-38.66157913208008,65.80186462402344,-1.2399981021881104,-38.58345031738281,65.8923568725586,1.2300046682357788,-38.51481246948242,65.90485382080078
1711476118.2788887,-1.2323435544967651,-38.607521057128906,65.8148422241211,1.1507844924926758,-38.65767288208008,65.79483032226562,-1.2399981021881104,-38.58235549926758,65.8923568725586,1.2300046682357788,-38.51481246948242,65.90485382080078
1711476118.2885985,-1.2289061546325684,-38.60267639160156,65.8148422241211,1.1500048637390137,-38.65236282348633,65.79483032226562,-1.2399981021881104,-38.57969665527344,65.8923568725586,1.2300046682357788,-38.51481246948242,65.90485382080078
1711476118.2985485,-1.2223438024520874,-38.59751892089844,65.8148422241211,1.1500048637390137,-38.65236282348633,65.79483032226562,-1.2399981021881104,-38.572357177734375,65.8923568725586,1.2300046682357788,-38.51481246948242,65.90485382080078
1711476118.308507,-1.2223438024520874,-38.59751892089844,65.8148422241211,1.1607861518859863,-38.65236282348633,65.79483032226562,-1.2399981021881104,-38.572357177734375,65.8923568725586,1.2300046682357788,-38.50481033325195,65.90485382080078
1711476118.3185916,-1.2106249332427979,-38.59751892089844,65.8148422241211,1.1600041389465332,-38.65236282348633,65.79483032226562,-1.2399981021881104,-38.56251525878906,65.8923568725586,1.2300046682357788,-38.50481033325195,65.90485382080078
1711476118.3286102,-1.2123435735702515,-38.59751892089844,65.8148422241211,1.1709403991699219,-38.64173889160156,65.79483032226562,-1.2299981117248535,-38.56235885620117,65.8923568725586,1.2300046682357788,-38.50481033325195,65.90485382080078
1711476118.3385046,-1.2123435735702515,-38.59751892089844,65.8148422241211,1.1700034141540527,-38.64236068725586,65.79483032226562,-1.2299981117248535,-38.56235885620117,65.8923568725586,1.2300046682357788,-38.50481033325195,65.90485382080078
1711476118.348519,-1.2123435735702515,-38.59751892089844,65.8148422241211,1.1700034141540527,-38.64236068725586,65.79483032226562,-1.2299981117248535,-38.56235885620117,65.8923568725586,1.2300046682357788,-38.50481033325195,65.90485382080078
1711476118.3585186,-1.2123435735702515,-38.59751892089844,65.8148422241211,1.1804723739624023,-38.64236068725586,65.79483032226562,-1.2299981117248535,-38.56235885620117,65.8923568725586,1.2300046682357788,-38.50481033325195,65.90485382080078
1711476118.3685737,-1.2123435735702515,-38.59751892089844,65.8148422241211,1.1800026893615723,-38.64236068725586,65.79483032226562,-1.2299981117248535,-38.56235885620117,65.8923568725586,1.2300046682357788,-38.50481033325195,65.90485382080078
1711476118.378621,-1.2123435735702515,-38.59751892089844,65.8148422241211,1.1800026893615723,-38.64236068725586,65.79483032226562,-1.2299981117248535,-38.56235885620117,65.8923568725586,1.2300046682357788,-38.50481033325195,65.90485382080078
1711476118.3886204,-1.2004685401916504,-38.59751892089844,65.8148422241211,1.1800026893615723,-38.64236068725586,65.79483032226562,-1.2299981117248535,-38.56235885620117,65.8923568725586,1.2300046682357788,-38.50481033325195,65.90485382080078
1711476118.3986547,-1.2023437023162842,-38.59751892089844,65.8148422241211,1.1800026893615723,-38.64236068725586,65.79483032226562,-1.2299981117248535,-38.56235885620117,65.8923568725586,1.2300046682357788,-38.50481033325195,65.90485382080078
1711476118.4085674,-1.2023437023162842,-38.59751892089844,65.8148422241211,1.1800026893615723,-38.64236068725586,65.79483032226562,-1.2299981117248535,-38.56235885620117,65.8923568725586,1.2300046682357788,-38.50481033325195,65.90485382080078
1711476118.4185965,-1.2023437023162842,-38.59751892089844,65.8148422241211,1.1800026893615723,-38.64236068725586,65.79483032226562,-1.2299981117248535,-38.56235885620117,65.8923568725586,1.2300046682357788,-38.50481033325195,65.90485382080078
1711476118.4285502,-1.2023437023162842,-38.59751892089844,65.8148422241211,1.1800026893615723,-38.64236068725586,65.79483032226562,-1.2299981117248535,-38.56235885620117,65.8923568725586,1.2300046682357788,-38.50481033325195,65.90485382080078
1711476118.4385104,-1.2023437023162842,-38.59751892089844,65.8148422241211,1.1800026893615723,-38.65986251831055,65.79483032226562,-1.2299981117248535,-38.56235885620117,65.8923568725586,1.2300046682357788,-38.50481033325195,65.90485382080078
1711476118.448609,-1.2023437023162842,-38.59751892089844,65.8148422241211,1.1800026893615723,-38.65751647949219,65.79483032226562,-1.2299981117248535,-38.56235885620117,65.8923568725586,1.2300046682357788,-38.50481033325195,65.90485382080078
1711476118.4586272,-1.2023437023162842,-38.59751892089844,65.8148422241211,1.1800026893615723,-38.66548538208008,65.79483032226562,-1.2299981117248535,-38.56235885620117,65.8923568725586,1.2300046682357788,-38.50481033325195,65.90485382080078
1711476118.468566,-1.2023437023162842,-38.615177154541016,65.8148422241211,1.1800026893615723,-38.667518615722656,65.79483032226562,-1.2299981117248535,-38.56235885620117,65.8923568725586,1.2300046682357788,-38.50481033325195,65.90485382080078
1711476118.4785705,-1.2023437023162842,-38.615177154541016,65.8148422241211,1.1800026893615723,-38.67329788208008,65.79483032226562,-1.2299981117248535,-38.56235885620117,65.88235473632812,1.2300046682357788,-38.50481033325195,65.90485382080078
1711476118.4885955,-1.2023437023162842,-38.62517547607422,65.8148422241211,1.1800026893615723,-38.67751693725586,65.79483032226562,-1.2299981117248535,-38.56235885620117,65.88235473632812,1.2300046682357788,-38.52246856689453,65.90485382080078
1711476118.4985695,-1.2023437023162842,-38.62517547607422,65.8148422241211,1.1800026893615723,-38.68235778808594,65.79483032226562,-1.2299981117248535,-38.56235885620117,65.88235473632812,1.2300046682357788,-38.52246856689453,65.90485382080078
1711476118.508618,-1.2023437023162842,-38.64689636230469,65.8148422241211,1.1800026893615723,-38.68751525878906,65.79483032226562,-1.2299981117248535,-38.56235885620117,65.88235473632812,1.2300046682357788,-38.532466888427734,65.90485382080078
1711476118.5186212,-1.2023437023162842,-38.64517593383789,65.8148422241211,1.1800026893615723,-38.69173812866211,65.79483032226562,-1.2299981117248535,-38.58157730102539,65.87532043457031,1.2300046682357788,-38.532466888427734,65.90485382080078
1711476118.5286496,-1.2023437023162842,-38.64955139160156,65.8148422241211,1.1800026893615723,-38.6975212097168,65.80998992919922,-1.2257792949676514,-38.580013275146484,65.87235260009766,1.2200045585632324,-38.532466888427734,65.90485382080078
1711476118.538563,-1.2023437023162842,-38.655174255371094,65.8148422241211,1.1800026893615723,-38.6975212097168,65.80998992919922,-1.2199980020523071,-38.580013275146484,65.86579132080078,1.2200045585632324,-38.532466888427734,65.90485382080078
1711476118.5485768,-1.2023437023162842,-38.655174255371094,65.8148422241211,1.1800026893615723,-38.6975212097168,65.81686401367188,-1.2199980020523071,-38.580013275146484,65.86235046386719,1.2200045585632324,-38.541690826416016,65.90485382080078
1711476118.5585778,-1.2023437023162842,-38.655174255371094,65.8148422241211,1.1800026893615723,-38.6975212097168,65.81998443603516,-1.2199980020523071,-38.584388732910156,65.86235046386719,1.2200045585632324,-38.54246520996094,65.90485382080078
1711476118.56862,-1.2023437023162842,-38.655174255371094,65.8148422241211,1.1800026893615723,-38.6975212097168,65.81998443603516,-1.2199980020523071,-38.59001159667969,65.86235046386719,1.2200045585632324,-38.54981231689453,65.89531707763672
1711476118.578528,-1.2023437023162842,-38.66361618041992,65.8148422241211,1.1800026893615723,-38.6975212097168,65.81998443603516,-1.2199980020523071,-38.59001159667969,65.86235046386719,1.2200045585632324,-38.55247116088867,65.89485168457031
1711476118.5886316,-1.2023437023162842,-38.66517639160156,65.8148422241211,1.1800026893615723,-38.6975212097168,65.81998443603516,-1.2199980020523071,-38.600013732910156,65.86235046386719,1.2200045585632324,-38.55247116088867,65.89485168457031
1711476118.5985525,-1.2023437023162842,-38.66517639160156,65.8148422241211,1.1800026893615723,-38.6975212097168,65.81998443603516,-1.2199980020523071,-38.600013732910156,65.86235046386719,1.2200045585632324,-38.55247116088867,65.89485168457031
1711476118.6085372,-1.2023437023162842,-38.66517639160156,65.8148422241211,1.1800026893615723,-38.6975212097168,65.81998443603516,-1.2199980020523071,-38.600013732910156,65.86235046386719,1.2200045585632324,-38.55247116088867,65.89485168457031
1711476118.6185694,-1.2023437023162842,-38.66517639160156,65.8148422241211,1.1800026893615723,-38.6975212097168,65.81998443603516,-1.2199980020523071,-38.600013732910156,65.86235046386719,1.2200045585632324,-38.55247116088867,65.89485168457031
1711476118.6286352,-1.2023437023162842,-38.66517639160156,65.8148422241211,1.1800026893615723,-38.6975212097168,65.81998443603516,-1.2199980020523071,-38.600013732910156,65.86235046386719,1.2200045585632324,-38.55247116088867,65.89485168457031
1711476118.638737,-1.2023437023162842,-38.66517639160156,65.8148422241211,1.1800026893615723,-38.6975212097168,65.81998443603516,-1.2199980020523071,-38.600013732910156,65.86235046386719,1.2200045585632324,-38.55247116088867,65.89485168457031
1711476118.648567,-1.2023437023162842,-38.66517639160156,65.8148422241211,1.1800026893615723,-38.6975212097168,65.81998443603516,-1.2199980020523071,-38.600013732910156,65.86235046386719,1.2200045585632324,-38.55247116088867,65.89485168457031
1711476118.658561,-1.2023437023162842,-38.66517639160156,65.8148422241211,1.1800026893615723,-38.6975212097168,65.81998443603516,-1.2199980020523071,-38.600013732910156,65.86235046386719,1.2200045585632324,-38.55247116088867,65.89485168457031
1711476118.6685374,-1.2023437023162842,-38.66517639160156,65.8148422241211,1.1800026893615723,-38.6975212097168,65.81998443603516,-1.2199980020523071,-38.600013732910156,65.86235046386719,1.2200045585632324,-38.55247116088867,65.89485168457031
1711476118.67858,-1.2023437023162842,-38.66517639160156,65.8148422241211,1.1800026893615723,-38.6975212097168,65.81998443603516,-1.2199980020523071,-38.600013732910156,65.86235046386719,1.2200045585632324,-38.55247116088867,65.89485168457031
1711476118.6886134,-1.2023437023162842,-38.66517639160156,65.8148422241211,1.164846420288086,-38.6975212097168,65.81998443603516,-1.2199980020523071,-38.600013732910156,65.86235046386719,1.210004448890686,-38.55247116088867,65.89485168457031
1711476118.6986463,-1.2023437023162842,-38.66517639160156,65.8148422241211,1.164846420288086,-38.6975212097168,65.81998443603516,-1.2199980020523071,-38.600013732910156,65.86235046386719,1.210004448890686,-38.55247116088867,65.88485717773438
1711476118.7085738,-1.2023437023162842,-38.66517639160156,65.8148422241211,1.1548471450805664,-38.6975212097168,65.81998443603516,-1.2199980020523071,-38.600013732910156,65.86235046386719,1.210004448890686,-38.55247116088867,65.88485717773438
1711476118.718535,-1.2023437023162842,-38.66517639160156,65.8148422241211,1.1548471450805664,-38.6975212097168,65.81998443603516,-1.2199980020523071,-38.600013732910156,65.86235046386719,1.210004448890686,-38.55247116088867,65.88485717773438
1711476118.728537,-1.2023437023162842,-38.66517639160156,65.8148422241211,1.1548471450805664,-38.6975212097168,65.81998443603516,-1.2199980020523071,-38.600013732910156,65.86235046386719,1.210004448890686,-38.55247116088867,65.88485717773438
1711476118.738559,-1.2023437023162842,-38.66517639160156,65.8148422241211,1.1548471450805664,-38.6975212097168,65.81998443603516,-1.2199980020523071,-38.600013732910156,65.86235046386719,1.210004448890686,-38.55247116088867,65.87470245361328
1711476118.7486439,-1.2023437023162842,-38.66517639160156,65.8148422241211,1.1548471450805664,-38.6975212097168,65.81998443603516,-1.2199980020523071,-38.600013732910156,65.86235046386719,1.210004448890686,-38.558719635009766,65.87484741210938
1711476118.7586133,-1.2023437023162842,-38.66517639160156,65.8148422241211,1.1548471450805664,-38.6975212097168,65.81998443603516,-1.2199980020523071,-38.600013732910156,65.86235046386719,1.210004448890686,-38.562469482421875,65.87484741210938
1711476118.7686331,-1.2023437023162842,-38.66517639160156,65.8148422241211,1.1548471450805664,-38.6975212097168,65.81998443603516,-1.2199980020523071,-38.600013732910156,65.86235046386719,1.210004448890686,-38.562469482421875,65.87484741210938
1711476118.7785554,-1.2023437023162842,-38.66517639160156,65.8148422241211,1.1548471450805664,-38.6975212097168,65.81998443603516,-1.2199980020523071,-38.600013732910156,65.86235046386719,1.210004448890686,-38.562469482421875,65.87484741210938
1711476118.7887044,-1.2023437023162842,-38.66517639160156,65.8148422241211,1.1548471450805664,-38.6975212097168,65.80374145507812,-1.2199980020523071,-38.600013732910156,65.86235046386719,1.210004448890686,-38.562469482421875,65.87484741210938
1711476118.7985888,-1.2023437023162842,-38.66517639160156,65.8148422241211,1.1548471450805664,-38.6975212097168,65.80484008789062,-1.2199980020523071,-38.60829162597656,65.86235046386719,1.210004448890686,-38.57246780395508,65.87484741210938
1711476118.8086357,-1.2023437023162842,-38.66517639160156,65.8148422241211,1.1548471450805664,-38.6975212097168,65.78467559814453,-1.2199980020523071,-38.61001205444336,65.86235046386719,1.210004448890686,-38.57246780395508,65.87484741210938
1711476118.8185804,-1.2023437023162842,-38.66517639160156,65.8148422241211,1.1548471450805664,-38.6975212097168,65.78482818603516,-1.2199980020523071,-38.61251449584961,65.86235046386719,1.210004448890686,-38.57246780395508,65.8648452758789
1711476118.8285835,-1.2023437023162842,-38.66517639160156,65.8148422241211,1.1548471450805664,-38.6975212097168,65.78482818603516,-1.2099981307983398,-38.62001419067383,65.86235046386719,1.210004448890686,-38.57246780395508,65.8648452758789
1711476118.8385866,-1.194530963897705,-38.66517639160156,65.8148422241211,1.1548471450805664,-38.6975212097168,65.7779541015625,-1.2099981307983398,-38.62001419067383,65.86235046386719,1.210004448890686,-38.57246780395508,65.85485076904297
1711476118.8485506,-1.1923434734344482,-38.670955657958984,65.8148422241211,1.1703157424926758,-38.6975212097168,65.77483367919922,-1.2039045095443726,-38.62001419067383,65.86235046386719,1.210004448890686,-38.58121871948242,65.85485076904297
1711476118.858582,-1.1893749237060547,-38.67517852783203,65.8148422241211,1.1700034141540527,-38.6975212097168,65.76702117919922,-1.1999980211257935,-38.62001419067383,65.86235046386719,1.210004448890686,-38.58246994018555,65.85485076904297
1711476118.8686361,-1.1823437213897705,-38.67517852783203,65.8148422241211,1.1767220497131348,-38.6975212097168,65.76483154296875,-1.196247935295105,-38.6300163269043,65.86235046386719,1.210004448890686,-38.58637619018555,65.85079193115234
1711476118.8787572,-1.1823437213897705,-38.67517852783203,65.8148422241211,1.1800026893615723,-38.6975212097168,65.75576782226562,-1.1899981498718262,-38.6300163269043,65.86235046386719,1.210004448890686,-38.59246826171875,65.8448486328125
1711476118.8886108,-1.1623436212539673,-38.67517852783203,65.8148422241211,1.18422269821167,-38.6975212097168,65.75483703613281,-1.1899981498718262,-38.6300163269043,65.86235046386719,1.210004448890686,-38.59246826171875,65.84219360351562
1711476118.8986487,-1.1623436212539673,-38.67517852783203,65.8148422241211,1.2012529373168945,-38.6975212097168,65.75483703613281,-1.1824980974197388,-38.6300163269043,65.86235046386719,1.210004448890686,-38.59246826171875,65.8348617553711
1711476118.9085405,-1.1518750190734863,-38.67517852783203,65.8148422241211,1.2000036239624023,-38.6975212097168,65.75483703613281,-1.1799981594085693,-38.6300163269043,65.86235046386719,1.210004448890686,-38.59246826171875,65.8348617553711
1711476118.918547,-1.140468716621399,-38.68705368041992,65.8148422241211,1.2059402465820312,-38.6975212097168,65.7512435913086,-1.1799981594085693,-38.640010833740234,65.86235046386719,1.210004448890686,-38.59246826171875,65.83172607421875
1711476118.9286325,-1.1423436403274536,-38.685176849365234,65.8148422241211,1.2200045585632324,-38.6975212097168,65.74483489990234,-1.1799981594085693,-38.640010833740234,65.86235046386719,1.210004448890686,-38.59996795654297,65.8248519897461
1711476118.938779,-1.1323437690734863,-38.685176849365234,65.8148422241211,1.2250041961669922,-38.6975212097168,65.74483489990234,-1.1696857213974,-38.640010833740234,65.86235046386719,1.210004448890686,-38.60246658325195,65.8248519897461
1711476118.9485478,-1.124999761581421,-38.685176849365234,65.8148422241211,1.2418794631958008,-38.6975212097168,65.74483489990234,-1.169998049736023,-38.640010833740234,65.86235046386719,1.210004448890686,-38.605594635009766,65.8248519897461
1711476118.9585466,-1.1223435401916504,-38.69111633300781,65.83171081542969,1.2400031089782715,-38.702049255371094,65.74483489990234,-1.169998049736023,-38.6500129699707,65.86235046386719,1.210004448890686,-38.61246871948242,65.8248519897461
1711476118.9685912,-1.1223435401916504,-38.69517517089844,65.83248901367188,1.2484407424926758,-38.70751953125,65.74483489990234,-1.169998049736023,-38.6500129699707,65.86235046386719,1.210004448890686,-38.62043762207031,65.8248519897461
1711476118.9785886,-1.1178123950958252,-38.69517517089844,65.83248901367188,1.2600040435791016,-38.713924407958984,65.74483489990234,-1.169998049736023,-38.6500129699707,65.86235046386719,1.210004448890686,-38.62247085571289,65.8248519897461
1711476118.9886434,-1.112343668937683,-38.69517517089844,65.83248901367188,1.2600040435791016,-38.7175178527832,65.74483489990234,-1.169998049736023,-38.6500129699707,65.86235046386719,1.210004448890686,-38.62559509277344,65.8248519897461
1711476118.9986491,-1.112343668937683,-38.69517517089844,65.83248901367188,1.2600040435791016,-38.7175178527832,65.74483489990234,-1.169998049736023,-38.6500129699707,65.86235046386719,1.210004448890686,-38.64215850830078,65.8248519897461
1711476119.008617,-1.102968692779541,-38.69517517089844,65.83248901367188,1.2600040435791016,-38.7175178527832,65.74483489990234,-1.169998049736023,-38.6500129699707,65.86235046386719,1.210004448890686,-38.64247131347656,65.8248519897461
1711476119.0186014,-1.1023434400558472,-38.69517517089844,65.83248901367188,1.2600040435791016,-38.7175178527832,65.74483489990234,-1.169998049736023,-38.6500129699707,65.86235046386719,1.210004448890686,-38.64543533325195,65.8248519897461
1711476119.028596,-1.1023434400558472,-38.69517517089844,65.83248901367188,1.2600040435791016,-38.725643157958984,65.74483489990234,-1.169998049736023,-38.6500129699707,65.86235046386719,1.210004448890686,-38.652469635009766,65.8248519897461
1711476119.038558,-1.1023434400558472,-38.69517517089844,65.83248901367188,1.2600040435791016,-38.72751998901367,65.74483489990234,-1.169998049736023,-38.6500129699707,65.86235046386719,1.210004448890686,-38.652469635009766,65.8248519897461
1711476119.0486426,-1.1023434400558472,-38.69517517089844,65.83248901367188,1.2600040435791016,-38.733299255371094,65.76217651367188,-1.169998049736023,-38.6500129699707,65.86235046386719,1.210004448890686,-38.6624641418457,65.8248519897461
1711476119.0586507,-1.1023434400558472,-38.69517517089844,65.83248901367188,1.2600040435791016,-38.737518310546875,65.7599868774414,-1.169998049736023,-38.6500129699707,65.86235046386719,1.210004448890686,-38.6624641418457,65.8248519897461
1711476119.0686002,-1.1023434400558472,-38.69517517089844,65.83248901367188,1.2600040435791016,-38.737518310546875,65.76420593261719,-1.169998049736023,-38.6500129699707,65.86235046386719,1.210004448890686,-38.6624641418457,65.8248519897461
1711476119.0785534,-1.1023434400558472,-38.69517517089844,65.83248901367188,1.2600040435791016,-38.737518310546875,65.76998901367188,-1.169998049736023,-38.6500129699707,65.86235046386719,1.210004448890686,-38.6624641418457,65.84000396728516
1711476119.0886757,-1.1023434400558472,-38.677520751953125,65.83248901367188,1.2600040435791016,-38.737518310546875,65.77467346191406,-1.169998049736023,-38.6500129699707,65.86235046386719,1.210004448890686,-38.6624641418457,65.84000396728516
1711476119.0985737,-1.1023434400558472,-38.677520751953125,65.83248901367188,1.2600040435791016,-38.737518310546875,65.77999114990234,-1.169998049736023,-38.6500129699707,65.86235046386719,1.210004448890686,-38.6624641418457,65.84000396728516
1711476119.108561,-1.1023434400558472,-38.66752243041992,65.83248901367188,1.2442231178283691,-38.737518310546875,65.78904724121094,-1.169998049736023,-38.6500129699707,65.86235046386719,1.210004448890686,-38.6624641418457,65.84000396728516
1711476119.1194134,-1.1023434400558472,-38.66752243041992,65.83248901367188,1.2418794631958008,-38.737518310546875,65.78999328613281,-1.169998049736023,-38.6500129699707,65.86235046386719,1.210004448890686,-38.6624641418457,65.84954071044922
1711476119.1288366,-1.1023434400558472,-38.66752243041992,65.83248901367188,1.2348484992980957,-38.737518310546875,65.80233764648438,-1.169998049736023,-38.633766174316406,65.86235046386719,1.210004448890686,-38.6624641418457,65.85000610351562
1711476119.138559,-1.1023434400558472,-38.66752243041992,65.83248901367188,1.2289094924926758,-38.737518310546875,65.80748748779297,-1.169998049736023,-38.63235855102539,65.86235046386719,1.210004448890686,-38.6624641418457,65.85000610351562
1711476119.148565,-1.110781192779541,-38.66752243041992,65.83248901367188,1.2204718589782715,-38.737518310546875,65.81998443603516,-1.169998049736023,-38.63235855102539,65.86235046386719,1.210004448890686,-38.6624641418457,65.85000610351562
1711476119.1585565,-1.119999885559082,-38.66752243041992,65.83248901367188,1.2148475646972656,-38.737518310546875,65.81998443603516,-1.169998049736023,-38.63235855102539,65.86235046386719,1.210004448890686,-38.6624641418457,65.85000610351562
1711476119.168652,-1.1229684352874756,-38.66752243041992,65.83248901367188,1.204848289489746,-38.737518310546875,65.82748413085938,-1.169998049736023,-38.63235855102539,65.85204315185547,1.210004448890686,-38.644187927246094,65.85000610351562
1711476119.1785598,-1.1335936784744263,-38.66752243041992,65.83248901367188,1.204848289489746,-38.737518310546875,65.82998657226562,-1.169998049736023,-38.63235855102539,65.85234832763672,1.206098198890686,-38.644813537597656,65.85000610351562
1711476119.1886249,-1.1399998664855957,-38.66752243041992,65.83248901367188,1.1828160285949707,-38.737518310546875,65.82998657226562,-1.169998049736023,-38.63235855102539,65.84750366210938,1.2000044584274292,-38.63621520996094,65.85000610351562
1711476119.1985831,-1.1399998664855957,-38.66752243041992,65.83248901367188,1.184847354888916,-38.737518310546875,65.82998657226562,-1.169998049736023,-38.63235855102539,65.84235382080078,1.2000044584274292,-38.63481140136719,65.85000610351562
1711476119.2085621,-1.1399998664855957,-38.66752243041992,65.83248901367188,1.164846420288086,-38.72486114501953,65.82998657226562,-1.169998049736023,-38.63235855102539,65.84235382080078,1.2000044584274292,-38.63481140136719,65.85000610351562
1711476119.2185702,-1.1499998569488525,-38.66752243041992,65.83248901367188,1.164846420288086,-38.72236251831055,65.82998657226562,-1.169998049736023,-38.63235855102539,65.83126068115234,1.2000044584274292,-38.62480926513672,65.85000610351562
1711476119.228655,-1.1499998569488525,-38.66752243041992,65.83248901367188,1.133129596710205,-38.72236251831055,65.84092712402344,-1.169998049736023,-38.63235855102539,65.83235168457031,1.2000044584274292,-38.62480926513672,65.85000610351562
1711476119.238609,-1.152656078338623,-38.66752243041992,65.83248901367188,1.1348485946655273,-38.72236251831055,65.8399887084961,-1.169998049736023,-38.63235855102539,65.83235168457031,1.2000044584274292,-38.62480926513672,65.85000610351562
1711476119.248575,-1.1676561832427979,-38.66752243041992,65.83248901367188,1.1348485946655273,-38.72236251831055,65.8399887084961,-1.169998049736023,-38.63235855102539,65.83235168457031,1.2000044584274292,-38.62480926513672,65.85000610351562
1711476119.2585697,-1.1699998378753662,-38.66752243041992,65.83248901367188,1.1348485946655273,-38.72236251831055,65.8399887084961,-1.169998049736023,-38.63235855102539,65.83235168457031,1.2000044584274292,-38.62480926513672,65.85000610351562
1711476119.2686393,-1.1699998378753662,-38.66752243041992,65.83248901367188,1.1348485946655273,-38.72236251831055,65.85030364990234,-1.169998049736023,-38.6500129699707,65.83235168457031,1.2000044584274292,-38.62480926513672,65.85000610351562
1711476119.2786224,-1.1699998378753662,-38.68689727783203,65.83248901367188,1.1348485946655273,-38.72236251831055,65.84999084472656,-1.169998049736023,-38.6500129699707,65.83235168457031,1.2000044584274292,-38.62480926513672,65.85000610351562
1711476119.2886724,-1.1699998378753662,-38.685176849365234,65.83248901367188,1.1348485946655273,-38.72236251831055,65.84999084472656,-1.169998049736023,-38.66001510620117,65.83235168457031,1.2000044584274292,-38.62480926513672,65.85000610351562
1711476119.2993653,-1.1699998378753662,-38.685176849365234,65.83248901367188,1.1348485946655273,-38.72236251831055,65.84999084472656,-1.169998049736023,-38.66001510620117,65.83235168457031,1.2000044584274292,-38.62480926513672,65.85000610351562
1711476119.3086245,-1.1699998378753662,-38.69517517089844,65.83248901367188,1.1348485946655273,-38.72236251831055,65.84999084472656,-1.169998049736023,-38.66001510620117,65.83235168457031,1.2000044584274292,-38.62480926513672,65.85000610351562
1711476119.3186316,-1.1699998378753662,-38.69517517089844,65.83248901367188,1.1348485946655273,-38.72236251831055,65.84999084472656,-1.169998049736023,-38.671573638916016,65.83235168457031,1.2000044584274292,-38.62480926513672,65.85000610351562
1711476119.3286014,-1.1699998378753662,-38.69517517089844,65.83248901367188,1.1348485946655273,-38.72236251831055,65.84999084472656,-1.169998049736023,-38.670013427734375,65.83235168457031,1.2000044584274292,-38.62480926513672,65.85000610351562
1711476119.33857,-1.1699998378753662,-38.69517517089844,65.83248901367188,1.1348485946655273,-38.72236251831055,65.84999084472656,-1.169998049736023,-38.670013427734375,65.83235168457031,1.2000044584274292,-38.62480926513672,65.85000610351562
1711476119.3485632,-1.1699998378753662,-38.69517517089844,65.83248901367188,1.1348485946655273,-38.72236251831055,65.84999084472656,-1.169998049736023,-38.670013427734375,65.83235168457031,1.2000044584274292,-38.62480926513672,65.85000610351562
1711476119.3586426,-1.1699998378753662,-38.69517517089844,65.83248901367188,1.1348485946655273,-38.72236251831055,65.84999084472656,-1.169998049736023,-38.676578521728516,65.83235168457031,1.2000044584274292,-38.62480926513672,65.85000610351562
1711476119.3687446,-1.1699998378753662,-38.69517517089844,65.83248901367188,1.1348485946655273,-38.72236251831055,65.84999084472656,-1.169998049736023,-38.68001174926758,65.83235168457031,1.2000044584274292,-38.62480926513672,65.85000610351562
1711476119.3785865,-1.1699998378753662,-38.69517517089844,65.83248901367188,1.1348485946655273,-38.72236251831055,65.84999084472656,-1.169998049736023,-38.68001174926758,65.83235168457031,1.2000044584274292,-38.62480926513672,65.85000610351562
1711476119.3886604,-1.1699998378753662,-38.69517517089844,65.83248901367188,1.1348485946655273,-38.72236251831055,65.84999084472656,-1.169998049736023,-38.68001174926758,65.83235168457031,1.2000044584274292,-38.62480926513672,65.85000610351562
1711476119.3985643,-1.1699998378753662,-38.69517517089844,65.83248901367188,1.1348485946655273,-38.72236251831055,65.84748840332031,-1.169998049736023,-38.68001174926758,65.84970092773438,1.2000044584274292,-38.62480926513672,65.85000610351562
1711476119.4086552,-1.1699998378753662,-38.69517517089844,65.83248901367188,1.1348485946655273,-38.72236251831055,65.83483123779297,-1.169998049736023,-38.68001174926758,65.84750366210938,1.2000044584274292,-38.63325119018555,65.85000610351562
1711476119.4186544,-1.1699998378753662,-38.69517517089844,65.83248901367188,1.1348485946655273,-38.72236251831055,65.83483123779297,-1.169998049736023,-38.68001174926758,65.84750366210938,1.2000044584274292,-38.64247131347656,65.85000610351562
1711476119.428638,-1.1699998378753662,-38.69517517089844,65.83248901367188,1.1348485946655273,-38.72236251831055,65.83483123779297,-1.169998049736023,-38.68001174926758,65.84750366210938,1.2000044584274292,-38.64247131347656,65.85000610351562
1711476119.438581,-1.1699998378753662,-38.69517517089844,65.83248901367188,1.1348485946655273,-38.72236251831055,65.83483123779297,-1.169998049736023,-38.68001174926758,65.84750366210938,1.2000044584274292,-38.64247131347656,65.85000610351562
1711476119.4486034,-1.1699998378753662,-38.69517517089844,65.83248901367188,1.1348485946655273,-38.72236251831055,65.83483123779297,-1.169998049736023,-38.68001174926758,65.84750366210938,1.2000044584274292,-38.64247131347656,65.85000610351562
1711476119.4586308,-1.1699998378753662,-38.69517517089844,65.83248901367188,1.1348485946655273,-38.72236251831055,65.83483123779297,-1.169998049736023,-38.68001174926758,65.84750366210938,1.2000044584274292,-38.64247131347656,65.85000610351562
1711476119.4686537,-1.1699998378753662,-38.69517517089844,65.83248901367188,1.1348485946655273,-38.72236251831055,65.83483123779297,-1.169998049736023,-38.68001174926758,65.84750366210938,1.2000044584274292,-38.64247131347656,65.85000610351562
1711476119.4786434,-1.1699998378753662,-38.69517517089844,65.83248901367188,1.1348485946655273,-38.72236251831055,65.83483123779297,-1.169998049736023,-38.68001174926758,65.84750366210938,1.2000044584274292,-38.64247131347656,65.85000610351562
1711476119.4886503,-1.1699998378753662,-38.69517517089844,65.83248901367188,1.1348485946655273,-38.710018157958984,65.83483123779297,-1.169998049736023,-38.68001174926758,65.84750366210938,1.2000044584274292,-38.64247131347656,65.85000610351562
1711476119.4985707,-1.1699998378753662,-38.69517517089844,65.83248901367188,1.1348485946655273,-38.71236038208008,65.83483123779297,-1.169998049736023,-38.68001174926758,65.84750366210938,1.2000044584274292,-38.62731170654297,65.85000610351562
1711476119.5085878,-1.1699998378753662,-38.69517517089844,65.83248901367188,1.1348485946655273,-38.70188903808594,65.83483123779297,-1.169998049736023,-38.68001174926758,65.84750366210938,1.2000044584274292,-38.62480926513672,65.85000610351562
1711476119.5186877,-1.1699998378753662,-38.69517517089844,65.83248901367188,1.1348485946655273,-38.702362060546875,65.83483123779297,-1.169998049736023,-38.68001174926758,65.84750366210938,1.2000044584274292,-38.62480926513672,65.85000610351562
1711476119.5286024,-1.1699998378753662,-38.69517517089844,65.83248901367188,1.1348485946655273,-38.702362060546875,65.83483123779297,-1.169998049736023,-38.68001174926758,65.84750366210938,1.2000044584274292,-38.62480926513672,65.85000610351562
1711476119.538609,-1.1699998378753662,-38.677520751953125,65.83248901367188,1.1348485946655273,-38.702362060546875,65.83483123779297,-1.169998049736023,-38.68001174926758,65.84750366210938,1.2000044584274292,-38.62480926513672,65.85000610351562
1711476119.5486531,-1.1699998378753662,-38.677520751953125,65.83248901367188,1.1348485946655273,-38.69001770019531,65.83483123779297,-1.169998049736023,-38.68001174926758,65.84750366210938,1.2000044584274292,-38.62480926513672,65.85000610351562
1711476119.5585928,-1.1699998378753662,-38.67142868041992,65.83248901367188,1.1284422874450684,-38.69236373901367,65.83483123779297,-1.169998049736023,-38.68001174926758,65.84750366210938,1.2000044584274292,-38.614810943603516,65.85000610351562
1711476119.568579,-1.1699998378753662,-38.66752243041992,65.83248901367188,1.1248469352722168,-38.69236373901367,65.84999084472656,-1.169998049736023,-38.68001174926758,65.84750366210938,1.2000044584274292,-38.614810943603516,65.85000610351562
1711476119.5785797,-1.1699998378753662,-38.66752243041992,65.83248901367188,1.1248469352722168,-38.69236373901367,65.84999084472656,-1.169998049736023,-38.68001174926758,65.84750366210938,1.2000044584274292,-38.614810943603516,65.85000610351562
1711476119.5886467,-1.1699998378753662,-38.66752243041992,65.83248901367188,1.1248469352722168,-38.69236373901367,65.84999084472656,-1.169998049736023,-38.67110824584961,65.84750366210938,1.2000044584274292,-38.614810943603516,65.85000610351562
1711476119.5987666,-1.1699998378753662,-38.66752243041992,65.83248901367188,1.1248469352722168,-38.69236373901367,65.85999298095703,-1.169998049736023,-38.662357330322266,65.84750366210938,1.2000044584274292,-38.614810943603516,65.85000610351562
1711476119.608648,-1.1699998378753662,-38.66752243041992,65.83248901367188,1.1248469352722168,-38.69236373901367,65.85999298095703,-1.169998049736023,-38.6573600769043,65.84750366210938,1.2000044584274292,-38.614810943603516,65.85000610351562
1711476119.618622,-1.1699998378753662,-38.66752243041992,65.83248901367188,1.1248469352722168,-38.69236373901367,65.85999298095703,-1.169998049736023,-38.642356872558594,65.84750366210938,1.2000044584274292,-38.60824966430664,65.85000610351562
1711476119.6286187,-1.1699998378753662,-38.66752243041992,65.83248901367188,1.1248469352722168,-38.69236373901367,65.85999298095703,-1.169998049736023,-38.642356872558594,65.84750366210938,1.2000044584274292,-38.60481262207031,65.85000610351562
1711476119.6386278,-1.1699998378753662,-38.66752243041992,65.83248901367188,1.1248469352722168,-38.69236373901367,65.85999298095703,-1.169998049736023,-38.642356872558594,65.84750366210938,1.2000044584274292,-38.60481262207031,65.85000610351562
1711476119.6486623,-1.1699998378753662,-38.66752243041992,65.83248901367188,1.1248469352722168,-38.69236373901367,65.85999298095703,-1.169998049736023,-38.642356872558594,65.84750366210938,1.2000044584274292,-38.60481262207031,65.85000610351562
1711476119.658687,-1.1699998378753662,-38.66752243041992,65.83248901367188,1.1248469352722168,-38.69236373901367,65.85999298095703,-1.169998049736023,-38.642356872558594,65.84750366210938,1.2000044584274292,-38.60481262207031,65.85000610351562
1711476119.668633,-1.1699998378753662,-38.66752243041992,65.83248901367188,1.1248469352722168,-38.69236373901367,65.85999298095703,-1.169998049736023,-38.642356872558594,65.84750366210938,1.2000044584274292,-38.60481262207031,65.85000610351562
1711476119.6785903,-1.1699998378753662,-38.66752243041992,65.83248901367188,1.1248469352722168,-38.69236373901367,65.85999298095703,-1.169998049736023,-38.642356872558594,65.84750366210938,1.2000044584274292,-38.60481262207031,65.85000610351562
1711476119.6886587,-1.1699998378753662,-38.66752243041992,65.83248901367188,1.1248469352722168,-38.69236373901367,65.85999298095703,-1.169998049736023,-38.642356872558594,65.84750366210938,1.1964107751846313,-38.60481262207031,65.85000610351562
1711476119.6986325,-1.1699998378753662,-38.66752243041992,65.83248901367188,1.1248469352722168,-38.6862678527832,65.85999298095703,-1.169998049736023,-38.642356872558594,65.84750366210938,1.1900044679641724,-38.60481262207031,65.85000610351562
1711476119.7085855,-1.1699998378753662,-38.66752243041992,65.83248901367188,1.1248469352722168,-38.68235778808594,65.85999298095703,-1.169998049736023,-38.642356872558594,65.84750366210938,1.1900044679641724,-38.60481262207031,65.85000610351562
1711476119.7187757,-1.1699998378753662,-38.66752243041992,65.83248901367188,1.1248469352722168,-38.68235778808594,65.85999298095703,-1.169998049736023,-38.642356872558594,65.84750366210938,1.1900044679641724,-38.60481262207031,65.85000610351562
1711476119.7285805,-1.1699998378753662,-38.659236907958984,65.83248901367188,1.1248469352722168,-38.68235778808594,65.85999298095703,-1.169998049736023,-38.642356872558594,65.84750366210938,1.1900044679641724,-38.60481262207031,65.85000610351562
1711476119.7385857,-1.1699998378753662,-38.65751647949219,65.83248901367188,1.1248469352722168,-38.68235778808594,65.85999298095703,-1.169998049736023,-38.642356872558594,65.84750366210938,1.1900044679641724,-38.60481262207031,65.85000610351562
1711476119.7487729,-1.1699998378753662,-38.65751647949219,65.83248901367188,1.1248469352722168,-38.68235778808594,65.85999298095703,-1.169998049736023,-38.642356872558594,65.84750366210938,1.1900044679641724,-38.60481262207031,65.85000610351562
1711476119.7585876,-1.1699998378753662,-38.65751647949219,65.83248901367188,1.1248469352722168,-38.68235778808594,65.85999298095703,-1.169998049736023,-38.642356872558594,65.84750366210938,1.1900044679641724,-38.60481262207031,65.85000610351562
1711476119.7686858,-1.1699998378753662,-38.65751647949219,65.83248901367188,1.1248469352722168,-38.68235778808594,65.85999298095703,-1.169998049736023,-38.642356872558594,65.84750366210938,1.1900044679641724,-38.60481262207031,65.85000610351562
1711476119.779188,-1.1699998378753662,-38.65751647949219,65.83248901367188,1.1248469352722168,-38.67048645019531,65.85999298095703,-1.169998049736023,-38.642356872558594,65.84750366210938,1.1900044679641724,-38.60481262207031,65.85000610351562
1711476119.7886734,-1.1699998378753662,-38.65751647949219,65.83248901367188,1.1248469352722168,-38.672359466552734,65.85999298095703,-1.169998049736023,-38.642356872558594,65.84750366210938,1.1900044679641724,-38.60481262207031,65.85000610351562
1711476119.7986524,-1.1699998378753662,-38.65751647949219,65.83248901367188,1.1248469352722168,-38.672359466552734,65.85999298095703,-1.169998049736023,-38.642356872558594,65.84750366210938,1.1900044679641724,-38.60481262207031,65.85000610351562
1711476119.8086731,-1.1699998378753662,-38.65751647949219,65.83248901367188,1.1248469352722168,-38.672359466552734,65.8448257446289,-1.169998049736023,-38.642356872558594,65.84750366210938,1.1900044679641724,-38.60481262207031,65.85000610351562
1711476119.8185935,-1.1699998378753662,-38.65751647949219,65.83248901367188,1.1248469352722168,-38.66501998901367,65.8448257446289,-1.169998049736023,-38.642356872558594,65.84750366210938,1.1900044679641724,-38.60481262207031,65.85000610351562
1711476119.8285882,-1.1699998378753662,-38.65751647949219,65.83248901367188,1.1248469352722168,-38.65236282348633,65.83905029296875,-1.169998049736023,-38.642356872558594,65.84750366210938,1.1900044679641724,-38.60481262207031,65.85000610351562
1711476119.8386755,-1.1699998378753662,-38.65751647949219,65.83248901367188,1.1248469352722168,-38.65236282348633,65.83483123779297,-1.169998049736023,-38.642356872558594,65.84750366210938,1.1900044679641724,-38.60481262207031,65.85000610351562
1711476119.8486493,-1.1699998378753662,-38.65751647949219,65.83248901367188,1.1248469352722168,-38.64173889160156,65.83483123779297,-1.169998049736023,-38.642356872558594,65.84750366210938,1.1900044679641724,-38.60481262207031,65.85000610351562
1711476119.8586133,-1.1699998378753662,-38.65751647949219,65.83248901367188,1.1248469352722168,-38.64236068725586,65.83483123779297,-1.169998049736023,-38.642356872558594,65.84750366210938,1.1900044679641724,-38.60481262207031,65.85000610351562
1711476119.8686292,-1.1699998378753662,-38.65751647949219,65.83248901367188,1.1248469352722168,-38.64236068725586,65.83483123779297,-1.169998049736023,-38.642356872558594,65.84750366210938,1.1900044679641724,-38.60481262207031,65.85000610351562
1711476119.8786483,-1.1699998378753662,-38.65751647949219,65.83248901367188,1.1400032043457031,-38.64236068725586,65.83483123779297,-1.169998049736023,-38.642356872558594,65.84750366210938,1.1900044679641724,-38.60481262207031,65.85000610351562
1711476119.8886337,-1.1699998378753662,-38.65751647949219,65.83248901367188,1.1400032043457031,-38.64236068725586,65.83483123779297,-1.169998049736023,-38.642356872558594,65.84750366210938,1.1900044679641724,-38.60481262207031,65.85000610351562
1711476119.8986435,-1.1699998378753662,-38.65751647949219,65.83248901367188,1.1400032043457031,-38.64236068725586,65.82483673095703,-1.169998049736023,-38.642356872558594,65.84750366210938,1.1900044679641724,-38.60481262207031,65.85000610351562
1711476119.90861,-1.1699998378753662,-38.65751647949219,65.83248901367188,1.1400032043457031,-38.64236068725586,65.82483673095703,-1.169998049736023,-38.642356872558594,65.84750366210938,1.1900044679641724,-38.60481262207031,65.85000610351562
1711476119.9186823,-1.1699998378753662,-38.65751647949219,65.83248901367188,1.1400032043457031,-38.64236068725586,65.82483673095703,-1.169998049736023,-38.642356872558594,65.84750366210938,1.1900044679641724,-38.60481262207031,65.85000610351562
1711476119.9286177,-1.1699998378753662,-38.65751647949219,65.83248901367188,1.1400032043457031,-38.64236068725586,65.82483673095703,-1.169998049736023,-38.642356872558594,65.84750366210938,1.1900044679641724,-38.60481262207031,65.85000610351562
1711476119.938674,-1.1699998378753662,-38.65751647949219,65.83248901367188,1.1400032043457031,-38.64236068725586,65.82483673095703,-1.169998049736023,-38.642356872558594,65.84750366210938,1.1900044679641724,-38.60481262207031,65.85000610351562
1711476119.948683,-1.1699998378753662,-38.65751647949219,65.83248901367188,1.1400032043457031,-38.64236068725586,65.82483673095703,-1.169998049736023,-38.642356872558594,65.84750366210938,1.1900044679641724,-38.60481262207031,65.85000610351562
1711476119.9587054,-1.1699998378753662,-38.65751647949219,65.83248901367188,1.1400032043457031,-38.64236068725586,65.82483673095703,-1.169998049736023,-38.642356872558594,65.84750366210938,1.1900044679641724,-38.60481262207031,65.85000610351562
1711476119.968652,-1.1699998378753662,-38.65751647949219,65.83248901367188,1.1400032043457031,-38.64236068725586,65.82483673095703,-1.169998049736023,-38.642356872558594,65.84750366210938,1.1900044679641724,-38.60481262207031,65.85000610351562
1711476119.9786377,-1.1699998378753662,-38.65751647949219,65.83248901367188,1.1400032043457031,-38.64236068725586,65.82483673095703,-1.169998049736023,-38.642356872558594,65.84750366210938,1.1900044679641724,-38.60481262207031,65.85000610351562
1711476119.988606,-1.1699998378753662,-38.64752197265625,65.83248901367188,1.1400032043457031,-38.64236068725586,65.82483673095703,-1.169998049736023,-38.642356872558594,65.84750366210938,1.1900044679641724,-38.60481262207031,65.85000610351562
1711476119.9986322,-1.1699998378753662,-38.64752197265625,65.83248901367188,1.1400032043457031,-38.64236068725586,65.82483673095703,-1.169998049736023,-38.642356872558594,65.84750366210938,1.1900044679641724,-38.60481262207031,65.85000610351562
1711476120.0086536,-1.1699998378753662,-38.64752197265625,65.83248901367188,1.1400032043457031,-38.64236068725586,65.82483673095703,-1.169998049736023,-38.642356872558594,65.84750366210938,1.1900044679641724,-38.60481262207031,65.85000610351562
1711476120.0186899,-1.1699998378753662,-38.64752197265625,65.83248901367188,1.1400032043457031,-38.64236068725586,65.82483673095703,-1.169998049736023,-38.642356872558594,65.84750366210938,1.1900044679641724,-38.60481262207031,65.85000610351562
1711476120.0286386,-1.1699998378753662,-36.654239654541016,65.55327606201172,1.1400032043457031,-39.136112213134766,64.8795166015625,-1.169998049736023,-38.642356872558594,65.83688354492188,1.1900044679641724,-38.60481262207031,65.85000610351562
1711476120.0386503,-1.2471872568130493,-35.33626937866211,65.12139892578125,1.1400032043457031,-39.03907775878906,64.31826782226562,-1.169998049736023,-39.38407897949219,64.42391967773438,1.1390670537948608,-35.95934295654297,65.30313110351562
1711476120.048626,-1.4589062929153442,-34.751739501953125,64.73390197753906,1.2520360946655273,-39.108924865722656,64.04170989990234,-1.102498173713684,-39.36360549926758,63.94548034667969,1.1951607465744019,-35.304813385009766,64.84469604492188
1711476120.0586948,-1.5398436784744263,-34.36970520019531,64.39811706542969,1.250004768371582,-38.89142608642578,63.63561248779297,-1.0224980115890503,-39.2337646484375,63.256103515625,1.1951607465744019,-34.667781829833984,64.3728256225586
1711476120.0686133,-1.410468578338623,-34.08986282348633,64.01593017578125,1.1879730224609375,-38.68360900878906,63.12889099121094,-0.9526541829109192,-38.956260681152344,62.63938522338867,1.1700044870376587,-34.31074905395508,63.93470001220703
1711476120.0786195,-1.3023436069488525,-33.82908630371094,64.01593017578125,1.1240673065185547,-38.432674407958984,62.49889373779297,-0.8785918354988098,-38.92063903808594,61.75954055786133,1.1673482656478882,-34.001686096191406,63.57469177246094
1711476120.0886865,-1.2940623760223389,-33.251583099365234,63.55295944213867,1.067347526550293,-38.25111389160156,61.86670684814453,-0.869998037815094,-39.4486083984375,60.88969421386719,1.1478170156478882,-33.79747009277344,63.29751205444336
1711476120.0986376,-1.2324997186660767,-32.25502014160156,63.70718002319336,0.9937549233436584,-38.16532897949219,61.33046340942383,-0.869998037815094,-40.24470520019531,60.17219543457031,1.1381295919418335,-33.5877799987793,63.17298126220703
1711476120.1086626,-1.181093692779541,-30.920488357543945,63.86998748779297,0.9446907043457031,-38.21845626831055,60.91810989379883,-0.895310640335083,-41.24360656738281,59.41532516479492,1.0931295156478882,-33.21356201171875,63.17484664916992
1711476120.1186948,-1.1245310306549072,-29.57377052307129,64.04061889648438,0.9293794631958008,-38.4518928527832,60.54733657836914,-0.951092004776001,-42.09485626220703,58.95766067504883,1.061566948890686,-33.15387725830078,63.27391815185547
1711476120.1286879,-1.092499852180481,-29.04189682006836,64.2957763671875,0.9043788909912109,-38.714237213134766,60.34468078613281,-1.077498197555542,-42.62407684326172,58.91188430786133,0.9846920371055603,-33.25777816772461,63.46719741821289
1711476120.1386807,-1.163124680519104,-29.188148498535156,64.6551513671875,0.9295344948768616,-38.90251922607422,60.34482955932617,-1.1799981594085693,-42.8939208984375,59.15781784057617,0.8929732441902161,-33.411373138427734,63.67000198364258
1711476120.1486259,-1.2196874618530273,-29.31283187866211,64.98046112060547,0.9300041198730469,-39.09517288208008,60.35796356201172,-1.2889043092727661,-43.11048126220703,59.26531982421875,0.8376607894897461,-33.58043670654297,63.89673614501953
1711476120.1586552,-1.2199997901916504,-29.415958404541016,65.224365234375,0.9718799591064453,-39.30657958984375,60.38139343261719,-1.3051543235778809,-43.24720001220703,59.27751159667969,0.840004563331604,-33.75246810913086,64.12423706054688
1711476120.168631,-1.2199997901916504,-29.525333404541016,65.3109359741211,0.9700035452842712,-39.42829895019531,60.3326416015625,-1.3084355592727661,-43.333763122558594,59.24578857421875,0.840004563331604,-33.87762451171875,64.28860473632812
1711476120.178689,-1.1489061117172241,-29.647207260131836,65.32249450683594,1.0307860374450684,-39.557674407958984,60.14811325073242,-1.3151544332504272,-43.435482025146484,59.12860107421875,0.8551608324050903,-34.03199768066406,64.439697265625
1711476120.188629,-1.0903123617172241,-29.647207260131836,65.32249450683594,1.0300040245056152,-39.69220733642578,59.73514938354492,-1.3151544332504272,-43.58095169067383,58.93954086303711,0.8632857799530029,-34.18184280395508,64.47672271728516
1711476120.1989622,-0.983906090259552,-29.92720603942871,65.1692123413086,1.0300040245056152,-39.75782775878906,59.29670715332031,-1.3151544332504272,-43.69657516479492,58.70828628540039,0.8751607537269592,-34.34715270996094,64.48001098632812
1711476120.2086198,-0.8884373307228088,-30.098615646362305,65.01124572753906,1.0300040245056152,-40.08236312866211,58.92858123779297,-1.3151544332504272,-43.81657409667969,58.41110610961914,0.8751607537269592,-34.56637191772461,64.43251037597656
1711476120.2186148,-0.8100000023841858,-30.322052001953125,64.80967712402344,1.0300040245056152,-40.85376739501953,59.28326416015625,-1.3373419046401978,-44.34126281738281,58.38235092163086,0.8751607537269592,-34.782466888427734,64.37594604492188
1711476120.228689,-0.7490622997283936,-30.58830451965332,64.6701431274414,0.9931278228759766,-42.752052307128906,60.27296447753906,-1.2998416423797607,-45.77189254760742,60.11125946044922,0.8751607537269592,-35.02027893066406,64.24687957763672
1711476120.2386355,-0.7731249928474426,-31.05095672607422,64.58405303955078,0.9265661239624023,-46.89064407348633,62.91342544555664,-1.0459353923797607,-47.926422119140625,61.86344528198242,0.9228169918060303,-35.29934310913086,64.1678237915039
1711476120.2486067,-0.9581249952316284,-31.73501968383789,64.9435806274414,0.7765674591064453,-51.85658264160156,66.73576354980469,-0.6634356379508972,-51.39735412597656,64.72219848632812,0.9957857131958008,-35.69684600830078,64.1920394897461
1711476120.2586522,-1.1481249332427979,-32.5608024597168,64.9435806274414,0.5232858657836914,-56.560489654541016,70.90108489990234,-0.3174981474876404,-55.39079666137695,68.51844787597656,1.017192006111145,-36.20184326171875,64.51594543457031
1711476120.2686546,-1.3354686498641968,-33.30533218383789,66.3426513671875,0.3298473358154297,-60.65596008300781,75.0442123413086,-0.041873008012771606,-59.34516906738281,72.37297058105469,1.0684419870376587,-36.667938232421875,64.77922058105469
1711476120.2786767,-1.5048434734344482,-33.938926696777344,67.06686401367188,0.2525043487548828,-64.06454467773438,79.0246810913086,0.09187698364257812,-63.09595489501953,76.80001068115234,1.1981295347213745,-36.97528076171875,65.18110656738281
1711476120.2887044,-1.7324998378753662,-34.50720977783203,67.76577758789062,0.468442440032959,-66.65829467773438,82.79373168945312,0.014376938343048096,-66.17532348632812,81.14938354492188,1.3259419202804565,-37.19215393066406,65.5095443725586
1711476120.2986414,-1.8206247091293335,-34.99971008300781,68.33078002929688,0.6532859802246094,-68.48595428466797,86.56358337402344,-0.1264043152332306,-68.4479751586914,84.8415756225586,1.4967232942581177,-37.36574935913086,65.86266326904297
1711476120.3086267,-1.816718578338623,-35.381893157958984,68.33078002929688,0.7848477363586426,-69.5050277709961,90.2215576171875,-0.17827928066253662,-70.00157165527344,88.37345123291016,1.789223313331604,-37.46012496948242,66.1795425415039
1711476120.3187299,-1.808906078338623,-35.57048797607422,68.80967712402344,0.8520340919494629,-69.79861450195312,93.51327514648438,-0.20515426993370056,-70.9089126586914,91.62391662597656,2.142817258834839,-37.51215744018555,66.38813018798828
1711476120.3286433,-1.7415624856948853,-35.658145904541016,68.83155822753906,0.7090663909912109,-69.44720458984375,96.64436340332031,-0.20515426993370056,-71.00438690185547,94.73501586914062,2.4998483657836914,-37.48340606689453,66.49016571044922
1711476120.3386889,-1.6329684257507324,-35.71142578125,68.65187072753906,0.5610966682434082,-68.62954711914062,99.16952514648438,-0.2559356391429901,-70.49673461914062,97.6150131225586,2.8921918869018555,-37.438716888427734,66.5603256225586
1711476120.3486893,-1.439218521118164,-35.775333404541016,68.38296508789062,0.45344114303588867,-67.33314514160156,101.3995132446289,-0.31609177589416504,-69.47454071044922,100.08798217773438,3.2967233657836914,-37.36277770996094,66.6003189086914
1711476120.3586504,-1.2309372425079346,-35.81314468383789,68.00061798095703,0.3834414482116699,-65.46346282958984,103.26873779296875,-0.3524981439113617,-68.0418930053711,102.16531372070312,3.7085981369018555,-37.23465347290039,66.60000610351562
1711476120.3687515,-1.0971873998641968,-35.85517883300781,67.54452514648438,0.3603172302246094,-65.46346282958984,103.26873779296875,-0.36921679973602295,-66.26797485351562,103.69937896728516,4.1190667152404785,-37.07324981689453,66.50735473632812
1711476120.3786724,-0.9489062428474426,-35.837520599365234,67.54452514648438,0.3448486328125,-62.84392547607422,104.70186614990234,-0.5329668521881104,-63.77813720703125,104.94407653808594,4.526254653930664,-36.91887283325195,66.3659439086914
1711476120.3888469,-0.8714061975479126,-35.896427154541016,66.54780578613281,0.31328439712524414,-59.89548873901367,105.30374145507812,-0.689529299736023,-60.90407180786133,105.47969818115234,4.844692230224609,-36.735435485839844,66.15595245361328
1711476120.398659,-0.8723434805870056,-35.975955963134766,66.09358978271484,0.3148484230041504,-56.548614501953125,105.25326538085938,-0.8407792448997498,-57.49657440185547,105.27297973632812,5.103598117828369,-36.60434341430664,65.94282531738281
1711476120.4086297,-0.9081246852874756,-36.142051696777344,65.64889526367188,0.31016111373901367,-53.02345657348633,104.33560943603516,-0.970779299736023,-53.905948638916016,104.13485717773438,5.347192287445068,-36.637779235839844,65.76469421386719
1711476120.4187062,-0.9990622997283936,-36.45689392089844,65.23812103271484,0.28203487396240234,-49.36658477783203,102.67716979980469,-1.0809355974197388,-50.06657409667969,102.03094482421875,5.547192096710205,-36.614341735839844,65.55719757080078
1711476120.4287512,-1.1762499809265137,-36.76799011230469,64.85952758789062,0.2648472785949707,-45.59423828125,100.2237319946289,-1.1954667568206787,-46.237510681152344,99.28485107421875,5.630316734313965,-36.64231491088867,65.4040756225586
1711476120.4387217,-1.4043748378753662,-37.25814437866211,64.50562286376953,0.19406557083129883,-41.74220275878906,96.46109008789062,-1.2660918235778809,-42.3040771484375,95.40016174316406,5.701723098754883,-36.68028259277344,65.32406616210938
1711476120.4486494,-1.631874680519104,-37.73674011230469,64.21499633789062,0.12406587600708008,-37.96345520019531,91.29639434814453,-1.265154242515564,-38.557044982910156,90.37828063964844,5.71047306060791,-36.883872985839844,65.25469970703125
1711476120.458858,-1.9249998331069946,-38.29533386230469,63.927490234375,0.03312826156616211,-34.553611755371094,85.50780487060547,-1.2092167139053345,-35.365638732910156,84.78328704833984,5.735160827636719,-37.11043930053711,65.2448501586914
1711476120.4686935,-2.3143746852874756,-38.91783142089844,63.70546340942383,0.034847259521484375,-31.22751808166504,78.39982604980469,-1.1978105306625366,-32.26313781738281,77.95641326904297,5.673597812652588,-37.418094635009766,65.2448501586914
1711476120.4786716,-2.852968692779541,-39.71548843383789,63.40748977661133,0.15781641006469727,-29.693613052368164,74.32311248779297,-1.1999980211257935,-29.745012283325195,72.04219818115234,5.496880054473877,-37.83653259277344,65.2448501586914
1711476120.4886174,-3.4014062881469727,-40.37298583984375,63.11374282836914,0.14359712600708008,-29.01298713684082,71.39546203613281,-1.357654333114624,-29.33595085144043,70.10875701904297,5.2959418296813965,-38.422935485839844,65.2448501586914
1711476120.4986727,-3.8284378051757812,-40.66595458984375,62.65108871459961,-0.12468338012695312,-28.519548416137695,69.3677978515625,-1.866404414176941,-29.61079216003418,69.81641387939453,4.845785617828369,-38.86153030395508,64.99907684326172
1711476120.5086627,-3.8893754482269287,-40.531898498535156,61.83937072753906,-0.4057765007019043,-27.959861755371094,67.95108032226562,-2.135310411453247,-29.710479736328125,69.34922790527344,4.548285961151123,-38.88903045654297,64.31641387939453
1711476120.5186527,-3.8960940837860107,-40.17283630371094,60.79499053955078,-0.7343721389770508,-27.658613204956055,67.10920715332031,-2.1412479877471924,-29.57547950744629,68.50282287597656,4.447973251342773,-38.578407287597656,63.27031707763672
1711476120.5286674,-3.723750114440918,-40.057830810546875,59.83202362060547,-1.0043716430664062,-27.480798721313477,66.64124298095703,-1.9390606880187988,-29.345481872558594,67.3503189086914,4.311254501342773,-38.44465637207031,62.291259765625
1711476120.5386963,-3.3279688358306885,-40.50798797607422,59.00921630859375,-0.9879661202430725,-27.400489807128906,66.21482849121094,-1.7796854972839355,-29.006731033325195,66.24453735351562,4.001723289489746,-38.83496856689453,61.33063507080078
1711476120.548715,-2.578125238418579,-41.245330810546875,58.35108947753906,-0.9085893630981445,-27.458301544189453,65.85123443603516,-1.6417169570922852,-28.79704475402832,65.41751098632812,3.542191982269287,-39.633094787597656,60.47282028198242
1711476120.5597863,-1.7076563835144043,-41.89142990112305,57.83796691894531,-0.9099960327148438,-27.54751968383789,65.49234008789062,-1.4884355068206787,-28.61345100402832,64.7867202758789,3.035473346710205,-40.3924674987793,59.75376510620117
1711476120.5687017,-0.8973440527915955,-42.380802154541016,57.48234176635742,-0.8512473106384277,-27.685489654541016,65.22280883789062,-1.4081231355667114,-28.60235595703125,64.4714126586914,2.5021920204162598,-41.08684539794922,59.11344528198242
1711476120.578672,-0.4250001907348633,-42.759395599365234,57.42483901977539,-0.7998394966125488,-27.90236473083496,65.04389190673828,-1.5124980211257935,-28.69501495361328,64.40032196044922,2.0228168964385986,-41.76652908325195,58.59437942504883
1711476120.5887146,-0.23171885311603546,-43.111270904541016,57.44921112060547,-0.7495284080505371,-28.1890811920166,64.95343017578125,-1.6315606832504272,-28.97454071044922,64.55828857421875,1.6782857179641724,-42.34653091430664,58.27876281738281
1711476120.5987132,-0.2921876311302185,-43.42783737182617,57.49748992919922,-0.7214021682739258,-28.62220573425293,65.01405334472656,-1.7449980974197388,-29.34813690185547,64.88204193115234,1.4614108800888062,-42.781063079833984,58.21907043457031
1711476120.6087165,-0.3100001811981201,-43.76845932006836,57.54171371459961,-0.6012463569641113,-29.17736053466797,65.20170593261719,-1.862498164176941,-29.760324478149414,65.21063232421875,1.2532857656478882,-43.269500732421875,58.20328903198242
1711476120.6187258,-0.28234392404556274,-44.07830047607422,57.57249450683594,-0.46343326568603516,-29.761268615722656,65.4631118774414,-1.9660917520523071,-30.10266876220703,65.52672576904297,1.107192039489746,-43.75106430053711,58.27016830444336
1711476120.6286998,-0.3181251883506775,-44.25392532348633,57.57249450683594,-0.3204655647277832,-30.32017707824707,65.7667007446289,-2.0939042568206787,-30.411420822143555,65.73438262939453,1.0026607513427734,-44.18027877807617,58.27000427246094
1711476120.6386871,-0.2698439359664917,-44.49564743041992,57.42515182495117,-0.1596832275390625,-30.875802993774414,66.02577209472656,-2.213123083114624,-30.639076232910156,65.84750366210938,0.8109420537948608,-44.530906677246094,58.16218948364258
1711476120.6486523,-0.2623438835144043,-44.58158493041992,57.22515106201172,-0.003120899200439453,-31.41939353942871,66.13186645507812,-2.3273417949676514,-30.91048240661621,65.85751342773438,0.6554732322692871,-44.90950012207031,57.88907241821289
1711476120.6586895,-0.19437521696090698,-44.6701774597168,56.83171081542969,0.08797168731689453,-31.819236755371094,66.06546020507812,-2.3904669284820557,-31.05891990661621,65.82937622070312,0.5173482298851013,-45.19480895996094,57.62079620361328
1711476120.668728,-0.13390645384788513,-45.0256462097168,56.58015060424805,0.1815652847290039,-32.17314147949219,65.91686248779297,-2.4760916233062744,-31.353607177734375,65.767822265625,0.3142232298851013,-45.53730773925781,57.20250701904297
1711476120.6803339,-0.0032813847064971924,-46.20689392089844,58.00905990600586,0.24359703063964844,-32.53486251831055,65.63951873779297,-2.593747854232788,-31.620168685913086,65.67688751220703,0.18484824895858765,-46.10997009277344,56.9581298828125
1711476120.6887407,0.22140607237815857,-48.064083099365234,59.98984146118164,0.3454732894897461,-32.95064163208008,65.35139465332031,-2.7464044094085693,-31.95798110961914,65.58172607421875,-0.0012454972602427006,-47.638092041015625,58.60234832763672
1711476120.6986766,0.3910936415195465,-50.94955062866211,63.42108917236328,0.5507850646972656,-33.471893310546875,65.06265258789062,-2.8742167949676514,-32.36235427856445,65.56234741210938,-0.38312050700187683,-50.04731369018555,60.89813232421875
1711476120.7086813,0.5279685854911804,-54.44658279418945,67.79843139648438,0.8340668678283691,-34.19252014160156,65.02249145507812,-2.9260919094085693,-32.9525146484375,65.82032012939453,-0.7173392176628113,-53.03731155395508,64.14985656738281
1711476120.7186842,0.618124783039093,-58.18845748901367,72.30108642578125,1.1179733276367188,-34.98126983642578,65.26170349121094,-2.925154447555542,-33.56517028808594,66.04656982421875,-1.0446829795837402,-56.53590393066406,68.38968658447266
1711476120.7287238,0.6774998307228088,-61.45580291748047,76.6512451171875,1.471254825592041,-35.747676849365234,65.59046173095703,-2.9367170333862305,-34.16376495361328,66.26141357421875,-1.3712455034255981,-59.99434280395508,72.7146987915039
1711476120.7387574,0.5806248188018799,-64.40408325195312,80.99781036376953,1.8509411811828613,-36.53173828125,66.02264404296875,-2.9093730449676514,-34.708919525146484,66.46954345703125,-1.499995470046997,-63.22402572631836,77.03594207763672
1711476120.748667,0.4712497889995575,-66.6053237915039,84.81046295166016,2.1320343017578125,-37.350486755371094,66.42061614990234,-2.9060919284820557,-35.178138732910156,66.66500854492188,-1.499995470046997,-65.7312240600586,81.11187744140625
1711476120.758704,0.19812479615211487,-68.17377471923828,88.52687072753906,2.396409511566162,-38.09830093383789,66.68357849121094,-2.8418731689453125,-35.57032775878906,66.8650131225586,-1.4745267629623413,-67.84324645996094,85.15516662597656
1711476120.7686944,0.03765612840652466,-69.12814331054688,91.73483276367188,2.598598003387451,-38.760799407958984,66.85858154296875,-2.8399980068206787,-35.88407516479492,66.91766357421875,-1.468745470046997,-69.21981811523438,88.59422302246094
1711476120.778644,0.010781139135360718,-69.30017852783203,94.8782730102539,2.812659740447998,-39.21955108642578,66.93045043945312,-2.8399980068206787,-36.18563461303711,66.93750762939453,-1.4648393392562866,-69.93512725830078,91.89844512939453
1711476120.7887332,-0.010000169277191162,-68.86361694335938,97.75812530517578,2.9245352745056152,-39.55955123901367,66.84921264648438,-2.860935688018799,-36.345951080322266,66.88860321044922,-1.4107766151428223,-69.98200225830078,94.99282836914062
1711476120.7986767,-0.03859385848045349,-67.80876922607422,100.36233520507812,2.981722354888916,-39.82830047607422,66.64420318603516,-2.899529457092285,-36.52516555786133,66.82766723632812,-1.3254642486572266,-69.37325286865234,97.8365707397461
1711476120.808697,-0.05812511220574379,-66.37361907958984,102.43436431884766,3.0354714393615723,-39.95642852783203,66.30342864990234,-3.0003106594085693,-36.62063980102539,66.66657257080078,-1.2237454652786255,-68.2351303100586,100.2198486328125
1711476120.8187182,-0.1242189109325409,-64.48939514160156,104.07264709472656,3.0500030517578125,-40.10127258300781,65.91311645507812,-3.102810859680176,-36.716888427734375,66.4498519897461,-1.1304641962051392,-66.62200164794922,102.34766387939453
1711476120.8286982,-0.19765645265579224,-62.12126922607422,105.23717498779297,3.110628128051758,-40.24455261230469,65.41842651367188,-3.1934356689453125,-36.78782653808594,66.24344635009766,-1.0148392915725708,-64.72309875488281,103.87860107421875
1711476120.8386912,-0.23234397172927856,-59.22861862182617,105.82015228271484,3.1601595878601074,-40.368770599365234,64.98826599121094,-3.2570290565490723,-36.86032485961914,66.00047302246094,-0.8673392534255981,-62.28871536254883,104.87907409667969
1711476120.8487415,-0.2935938537120819,-55.915645599365234,105.63717651367188,3.2009410858154297,-40.49314498901367,64.57093048095703,-3.299372673034668,-36.94532775878906,65.7984390258789,-0.6854642033576965,-59.49559020996094,105.34954071044922
1711476120.8586938,-0.3296877443790436,-52.15705108642578,104.58030700683594,3.2504725456237793,-40.667362213134766,64.24467468261719,-3.3873419761657715,-37.00157165527344,65.5553207397461,-0.5545267462730408,-56.147003173828125,105.13578033447266
1711476120.8686757,-0.3400002419948578,-48.409080505371094,102.68171691894531,3.280785083770752,-40.82892608642578,63.95811462402344,-3.477654457092285,-37.06907653808594,65.31234741210938,-0.4345267713069916,-52.53575134277344,103.98922729492188
1711476120.8786983,-0.3400002419948578,-44.63877487182617,100.11343383789062,3.327503204345703,-41.033302307128906,63.65561294555664,-3.578279733657837,-37.150638580322266,65.08907318115234,-0.34265175461769104,-48.4901237487793,101.75437927246094
1711476120.8887422,-0.2606251835823059,-40.79408264160156,96.31655883789062,3.340003490447998,-41.31314468383789,63.44436264038086,-3.646091938018799,-37.30876159667969,64.97235107421875,-0.314839243888855,-44.796531677246094,99.0423583984375
1711476120.8986652,-0.2623438835144043,-37.17814636230469,91.35671997070312,3.3820343017578125,-41.6237678527832,63.25311279296875,-3.7151544094085693,-37.58173370361328,64.9314193725586,-0.2948392629623413,-40.92512512207031,94.77281188964844
1711476120.908757,-0.20421892404556274,-33.78080368041992,85.3003158569336,3.4214091300964355,-41.94970703125,63.17295455932617,-3.732966899871826,-37.90407180786133,64.92234802246094,-0.31655800342559814,-37.32106018066406,89.79547882080078
1711476120.9187489,-0.1303127408027649,-30.788612365722656,78.6506118774414,3.489847183227539,-42.34501647949219,63.08905029296875,-3.7651546001434326,-38.272823333740234,64.92234802246094,-0.33999550342559814,-33.86418533325195,83.83173370361328
1711476120.9286535,-0.06125018373131752,-28.45314598083496,72.87062072753906,3.6084413528442383,-42.77970886230469,62.99498748779297,-3.7751545906066895,-38.73032760620117,64.947509765625,-0.3889017701148987,-31.05309295654297,77.58953857421875
1711476120.9387016,-0.0012502074241638184,-26.780019760131836,68.78311157226562,3.763442039489746,-43.20549011230469,62.90342712402344,-3.8360917568206787,-39.20001220703125,64.947509765625,-0.34374549984931946,-29.395280838012695,73.98922729492188
1711476120.9487493,-0.41250020265579224,-25.80064582824707,66.74530792236328,3.6770341396331787,-43.35830307006836,62.98092269897461,-3.7389047145843506,-39.45001220703125,64.87142181396484,-0.08421424776315689,-28.573564529418945,72.53907012939453
1711476120.9587193,-0.8798438310623169,-25.426895141601562,65.53327941894531,3.3501601219177246,-43.20033264160156,62.96921157836914,-3.8812479972839355,-39.25110626220703,64.27235412597656,-0.25249549746513367,-27.820749282836914,70.97938537597656
1711476120.9687452,-1.221250295639038,-25.532365798950195,65.11280822753906,2.9710984230041504,-42.877986907958984,62.61061096191406,-4.147497653961182,-38.91001510620117,63.56532287597656,-0.5446829795837402,-27.01059341430664,69.32438659667969
1711476120.9792747,-1.3706251382827759,-25.95751953125,65.44139862060547,2.532191276550293,-42.49345779418945,62.17733383178711,-4.283748149871826,-38.66438674926758,62.818603515625,-0.7901517748832703,-26.401220321655273,67.81375885009766
1711476120.9887443,-1.5564063787460327,-26.315956115722656,65.47030639648438,2.038285732269287,-42.32954788208008,61.75217819213867,-4.272810459136963,-38.75642013549805,62.12297821044922,-0.8376517295837402,-26.04528045654297,66.72547149658203
1711476120.9986746,-2.030937671661377,-26.591896057128906,65.22405242919922,1.82328462600708,-42.25095748901367,61.21327590942383,-4.14359188079834,-39.205013275146484,61.38735580444336,-0.8499954342842102,-25.91387367248535,65.92922973632812
1711476121.0086865,-2.268906593322754,-26.9525203704834,64.97171020507812,1.7476606369018555,-42.27501678466797,60.74951934814453,-3.9359354972839355,-39.86423110961914,60.73406982421875,-0.7842142581939697,-26.04496955871582,65.63656616210938
1711476121.018694,-2.1912503242492676,-27.331737518310547,64.69139862060547,1.6845345497131348,-42.494083404541016,60.31170654296875,-3.5535919666290283,-40.54689025878906,60.10016632080078,-0.6634330153465271,-26.36559295654297,65.58345031738281
1711476121.028748,-2.137812614440918,-27.59720802307129,64.60452270507812,1.6828155517578125,-42.745018005371094,59.90233612060547,-3.1732795238494873,-41.218605041503906,59.64531707763672,-0.4559330344200134,-26.83793830871582,65.68766021728516
1711476121.038696,-1.8862501382827759,-27.932676315307617,64.5579605102539,1.751723289489746,-43.01658248901367,59.42357635498047,-2.83499813079834,-41.77610397338867,59.31251525878906,-0.23421423137187958,-27.395906448364258,65.80001068115234
1711476121.0486872,-1.5970313549041748,-28.256895065307617,64.5637435913086,1.7135977745056152,-43.19877243041992,59.01968002319336,-2.5678107738494873,-42.29329299926758,59.09126281738281,-0.10296425223350525,-27.937936782836914,65.90000915527344
1711476121.0586755,-1.4918750524520874,-29.041114807128906,64.75811767578125,1.7148470878601074,-43.38189697265625,58.56936264038086,-2.2696855068206787,-42.84016799926758,58.85750961303711,0.05297325551509857,-28.40106201171875,65.90000915527344
1711476121.0687132,-1.5343753099441528,-29.728458404541016,64.8684310913086,1.7087531089782715,-43.587833404541016,58.26420593261719,-2.0628106594085693,-43.36470031738281,58.57735824584961,0.2385982722043991,-28.770437240600586,65.80360412597656
1711476121.078675,-1.7168751955032349,-30.49158477783203,64.99202728271484,1.680004596710205,-43.87110900878906,57.96201705932617,-1.7254668474197388,-43.881107330322266,58.23641586303711,0.40594202280044556,-29.152626037597656,65.68656921386719
1711476121.0887513,-1.7482813596725464,-31.21626853942871,65.079833984375,1.6748476028442383,-44.1628303527832,57.72670364379883,-1.4273416996002197,-44.37016677856445,57.91204071044922,0.6273482441902161,-29.56465721130371,65.6304702758789
1711476121.099038,-1.7879689931869507,-31.93689727783203,65.079833984375,1.6748476028442383,-44.510955810546875,57.43701934814453,-1.136091947555542,-44.82048034667969,57.49156951904297,0.8750045299530029,-30.04231071472168,65.61923217773438
1711476121.1087248,-1.8045315742492676,-32.64314651489258,65.0340576171875,1.7218780517578125,-44.8068962097168,57.0848388671875,-0.8224982023239136,-45.28766632080078,57.04500961303711,1.1270357370376587,-30.503719329833984,65.60000610351562
1711476121.1186986,-1.8100003004074097,-33.306427001953125,64.99811553955078,1.7300033569335938,-45.10345458984375,56.65388870239258,-0.5782793164253235,-45.69829177856445,56.56157302856445,1.3445358276367188,-31.013092041015625,65.56906127929688
1711476121.1287189,-1.8198438882827759,-33.91361618041992,64.90858459472656,1.7604732513427734,-45.69517517089844,56.46451950073242,-0.3293730318546295,-46.49704360961914,56.3207893371582,1.531410813331604,-31.446529388427734,65.48360443115234
1711476121.1386802,-1.830000400543213,-34.59236145019531,64.83358764648438,1.7020344734191895,-46.80970764160156,57.57451629638672,-0.13593554496765137,-47.82907485961914,57.38235092163086,1.7582857608795166,-31.86246681213379,65.38125610351562
1711476121.1487544,-1.8660939931869507,-35.302364349365234,64.76296997070312,1.4698481559753418,-48.66579818725586,59.80607604980469,0.29906436800956726,-50.052982330322266,59.31203842163086,1.971566915512085,-32.32293701171875,65.28079223632812
1711476121.1586945,-2.0581252574920654,-36.173458099365234,64.89968872070312,1.2264108657836914,-51.45283508300781,63.34295654296875,0.7609394192695618,-53.05954360961914,62.60438537597656,2.213442087173462,-32.868873596191406,65.26485443115234
1711476121.1687205,-2.2978127002716064,-37.09892654418945,65.20655822753906,1.0393786430358887,-54.662052154541016,67.66030883789062,1.186720609664917,-56.382198333740234,66.54281616210938,2.277660846710205,-33.48012161254883,65.54641723632812
1711476121.1787047,-2.4796876907348633,-38.02080154418945,65.67015075683594,0.8831286430358887,-58.22970199584961,72.12966918945312,1.5045331716537476,-60.10798645019531,71.146728515625,2.4642231464385986,-34.28028106689453,65.88079071044922
1711476121.188759,-2.7018752098083496,-38.84720993041992,66.18733978271484,0.8043789863586426,-61.42517852783203,76.50155639648438,1.6967207193374634,-63.68830108642578,75.81407165527344,2.6545357704162598,-34.94028091430664,66.16641235351562
1711476121.1986945,-2.8737499713897705,-39.66361618041992,66.63156127929688,0.8492231369018555,-64.0820541381836,80.3638916015625,1.7685956954956055,-66.3514175415039,79.6384506225586,2.8445355892181396,-35.42621994018555,66.39469909667969
1711476121.2087724,-2.986250162124634,-40.357364654541016,66.98280334472656,0.9034419655799866,-66.33955383300781,84.33013916015625,1.7448457479476929,-68.65032958984375,83.55172729492188,3.043598175048828,-35.898406982421875,66.54235076904297
1711476121.2186742,-3.0684375762939453,-41.01689147949219,67.24577331542969,0.9907841086387634,-67.92221069335938,87.91764068603516,1.7096894979476929,-70.20063781738281,87.14064025878906,3.265316963195801,-36.24449920654297,66.66220092773438
1711476121.2286785,-3.0893752574920654,-41.46846008300781,67.32139587402344,1.0300040245056152,-68.7695541381836,91.31295776367188,1.6748456954956055,-71.12266540527344,90.5971908569336,3.5712547302246094,-36.4749641418457,66.70204162597656
1711476121.2386901,-3.0601565837860107,-41.868770599365234,67.23499298095703,0.9832859039306641,-68.89533233642578,94.52217102050781,1.6042207479476929,-71.33626556396484,93.69219970703125,3.8978168964385986,-36.6312141418457,66.6339111328125
1711476121.2486854,-2.8865625858306885,-42.08080291748047,67.04405975341797,0.9528160095214844,-68.36236572265625,97.49748229980469,1.573595643043518,-70.98158264160156,96.85579681396484,4.254848480224609,-36.72981262207031,66.49610900878906
1711476121.2586744,-2.679687738418579,-42.24626922607422,66.61373901367188,0.8817219734191895,-67.39096069335938,99.92999267578125,1.5515645742416382,-70.11861419677734,99.31204223632812,4.6343793869018555,-36.809654235839844,66.32766723632812
1711476121.2688432,-2.5151567459106445,-42.38314437866211,66.15359497070312,0.8748483657836914,-66.02596282958984,102.09092712402344,1.5100020170211792,-68.86016845703125,101.2417221069336,4.963441848754883,-36.88184356689453,66.09344482421875
1711476121.2787511,-2.2421875,-42.538455963134766,65.669677734375,0.8748483657836914,-64.23487091064453,103.75748443603516,1.4335957765579224,-66.91220092773438,103.18438720703125,5.268285751342773,-36.93184280395508,65.8648452758789
1711476121.2887573,-2.0137500762939453,-42.69627380371094,65.2098388671875,0.8748483657836914,-61.88064193725586,104.96029663085938,1.2543768882751465,-64.52454376220703,104.43297576904297,5.592973232269287,-37.03168869018555,65.58297729492188
1711476121.2986891,-1.748437523841858,-42.80424118041992,64.80608367919922,0.8245348930358887,-58.93345642089844,105.5263900756836,1.0518769025802612,-61.60438537597656,105.05235290527344,5.781254768371582,-37.13059616088867,65.21781921386719
1711476121.3087215,-1.5920313596725464,-42.99845886230469,64.42843627929688,0.7854723930358887,-55.572208404541016,105.42498779296875,0.9090644121170044,-58.44766616821289,105.092041015625,5.975160598754883,-37.167938232421875,64.90938568115234
1711476121.3187099,-1.4653124809265137,-43.20907974243164,64.12686157226562,0.7406282424926758,-52.11174011230469,104.53435516357422,0.623595654964447,-55.05735778808594,104.21031951904297,6.137348651885986,-37.30121994018555,64.62782287597656
1711476121.328763,-1.3807815313339233,-43.45767593383789,63.82499313354492,0.6890654563903809,-48.40892791748047,102.60967254638672,0.4245331883430481,-51.21376037597656,102.35328674316406,6.248910903930664,-37.4744987487793,64.37594604492188
1711476121.3387625,-1.3415626287460327,-43.77580261230469,63.60108947753906,0.6331276893615723,-44.5764274597168,99.8834228515625,0.184689462184906,-47.33876037597656,99.72062683105469,6.335942268371582,-37.628562927246094,64.1775131225586
1711476121.3486638,-1.3521876335144043,-44.04767608642578,63.39436721801758,0.5234408378601074,-40.74610900878906,96.10295867919922,0.050939470529556274,-43.24282455444336,95.96438598632812,6.410472869873047,-37.90168762207031,64.03407287597656
1711476121.3586774,-1.3990626335144043,-44.39579772949219,63.2801513671875,0.41344165802001953,-36.99580383300781,90.96858215332031,0.07031440734863281,-39.34642028808594,90.98579406738281,6.415160655975342,-38.23184585571289,63.99485397338867
1711476121.368746,-1.5135937929153442,-44.81517791748047,63.10764694213867,0.3221917152404785,-33.48298645019531,84.94857788085938,0.05843937397003174,-36.17485809326172,85.96595001220703,6.36953592300415,-38.661216735839844,63.97486114501953
1711476121.3786836,-1.7285940647125244,-45.2365837097168,62.94139862060547,0.2948474884033203,-31.302677154541016,80.12577056884766,0.038751959800720215,-32.73564147949219,78.955322265625,6.230473518371582,-39.17481231689453,63.97486114501953
1711476121.3887665,-2.0084378719329834,-45.79111862182617,62.66030502319336,0.6071901321411133,-30.881269454956055,76.7823257446289,-0.2168731391429901,-30.26954460144043,72.98844909667969,5.754535675048828,-39.87012481689453,63.96937942504883
1711476121.3994412,-2.4167187213897705,-46.323299407958984,62.66030502319336,0.5504727363586426,-30.428144454956055,73.9420166015625,-0.37468552589416504,-29.334388732910156,69.7085952758789,5.181879043579102,-40.49137878417969,63.66236114501953
1711476121.4087715,-2.8390626907348633,-46.55126953125,61.53030014038086,0.49250364303588867,-29.87986183166504,71.42577362060547,-1.1743730306625366,-29.689857482910156,69.40016174316406,4.491567134857178,-41.069969177246094,63.14109802246094
1711476121.4186702,-2.8982815742492676,-46.2487678527832,60.60952377319336,0.30047178268432617,-29.254709243774414,69.31967163085938,-1.655779242515564,-29.76595115661621,68.92079162597656,3.7626609802246094,-41.311214447021484,62.35704040527344
1711476121.4286761,-2.851875066757202,-45.636898040771484,59.66936492919922,-0.037026405334472656,-28.780643463134766,67.85858154296875,-1.8171855211257935,-29.68032455444336,68.0835952758789,3.265316963195801,-41.1635627746582,61.30672073364258
1711476121.4387279,-2.6767187118530273,-44.55095672607422,59.38827896118164,-0.32671451568603516,-28.48579978942871,66.79029846191406,-1.8151541948318481,-29.342512130737305,66.92704010009766,2.639848232269287,-41.282310485839844,60.16563415527344
1711476121.4487705,-2.2712502479553223,-43.23954772949219,59.17280578613281,-0.40734052658081055,-28.361581802368164,66.013427734375,-1.7999979257583618,-28.893917083740234,65.7984390258789,1.7895357608795166,-41.988094329833984,59.22454071044922
1711476121.4587724,-1.528593897819519,-42.097206115722656,58.99874496459961,-0.4051518440246582,-28.362363815307617,65.37796020507812,-1.795154094696045,-28.503761291503906,64.89031982421875,0.8437545299530029,-43.023094177246094,58.49282455444336
1711476121.4687243,-0.8162501454353333,-41.41455078125,58.83780288696289,-0.2879643440246582,-28.4134578704834,64.86983489990234,-1.654217004776001,-28.381887435913086,64.31219482421875,-0.021245507523417473,-43.7963752746582,57.98188018798828
1711476121.4787064,-0.3595314919948578,-41.11970901489258,58.52030563354492,-0.04874706268310547,-28.517677307128906,64.5010757446289,-1.3129669427871704,-28.52720069885254,63.97641372680664,-0.5182768106460571,-44.29075241088867,57.72251510620117
1711476121.4887009,-0.22093772888183594,-41.11751937866211,58.29014587402344,0.12984752655029297,-28.79361343383789,64.34358215332031,-1.1239043474197388,-28.737356185913086,63.912353515625,-0.6401517987251282,-44.67481231689453,57.70782470703125
1711476121.4986708,-0.29437512159347534,-41.22908020019531,57.96139907836914,0.22937774658203125,-29.09532928466797,64.2942123413086,-1.1746857166290283,-28.990949630737305,64.07814025878906,-0.752495527267456,-45.040592193603516,57.66484832763672
1711476121.5088313,-0.38281261920928955,-41.41689682006836,57.64311981201172,0.39547204971313477,-29.48611068725586,64.38983154296875,-1.3354668617248535,-29.184391021728516,64.34017181396484,-0.9070268273353577,-45.46262741088867,57.69125747680664
1711476121.518753,-0.48921898007392883,-41.72298812866211,57.5457763671875,0.5307841300964355,-29.88627052307129,64.67951965332031,-1.379997968673706,-29.440481185913086,64.66813659667969,-1.126089334487915,-45.749813079833984,57.70454406738281
1711476121.5286803,-0.5421876907348633,-42.29658126831055,57.89280319213867,0.5832839012145996,-30.253767013549805,65.12435913085938,-1.487966775894165,-29.62501335144043,65.0915756225586,-1.2907767295837402,-45.90778350830078,57.71000671386719
1711476121.5386922,-0.735468864440918,-42.64330291748047,58.17639923095703,0.6392216682434082,-30.69939422607422,65.56779479980469,-1.6971856355667114,-29.88797950744629,65.38594818115234,-1.4010894298553467,-46.07184600830078,57.58579635620117
1711476121.548707,-0.8678126335144043,-42.90236282348633,58.29062271118164,0.7885980606079102,-31.13252067565918,65.93326568603516,-1.8198418617248535,-30.143293380737305,65.775634765625,-1.517808198928833,-46.25637435913086,57.53704071044922
1711476121.5586898,-0.8800002932548523,-43.08033752441406,58.1824951171875,0.9239101409912109,-31.548770904541016,66.2082748413086,-1.825154423713684,-30.503135681152344,66.00406646728516,-1.5999956130981445,-46.56418991088867,57.49485397338867
1711476121.5687783,-0.8420315384864807,-43.11564636230469,57.90249252319336,0.9710979461669922,-31.885799407958984,66.26952362060547,-1.8417167663574219,-30.70454216003418,66.08844757080078,-1.6199955940246582,-46.81684494018555,57.42922592163086
1711476121.5787077,-0.8256250619888306,-43.35798645019531,57.55827331542969,1.0060977935791016,-32.15142822265625,66.20905303955078,-1.8451544046401978,-30.98017120361328,66.09750366210938,-1.6087455749511719,-47.089969635009766,57.27610397338867
1711476121.5887673,-0.7125002145767212,-44.129085540771484,58.4324951171875,1.0200047492980957,-32.29673767089844,66.04780578613281,-1.8451544046401978,-31.19282341003418,65.99469757080078,-1.5834331512451172,-47.55105972290039,57.18657684326172
1711476121.5987473,-0.5482813715934753,-45.480648040771484,59.83795928955078,1.0050034523010254,-32.49986267089844,65.74404907226562,-1.8451544046401978,-31.47266960144043,65.93688201904297,-1.6093705892562866,-48.781219482421875,58.65345001220703
1711476121.6087716,-0.266093909740448,-48.333457946777344,63.32530212402344,1.0242223739624023,-32.75173568725586,65.3615493774414,-1.8451544046401978,-31.79376220703125,65.8923568725586,-1.659839391708374,-50.408714294433594,60.14657211303711
1711476121.618769,-0.03343760967254639,-52.02814865112305,67.65686798095703,1.1893796920776367,-33.1779899597168,65.13311004638672,-1.853435754776001,-32.33204650878906,66.04813385009766,-1.6328082084655762,-53.02090835571289,63.46641540527344
1711476121.6289806,0.2509373426437378,-55.75502395629883,72.1790542602539,1.3814091682434082,-33.75251770019531,65.21436309814453,-1.7692170143127441,-32.98094940185547,66.26032257080078,-1.5707768201828003,-56.25918960571289,67.66876220703125
1711476121.638783,0.4637497663497925,-59.29346466064453,76.65373992919922,1.5509414672851562,-34.40080261230469,65.3990478515625,-1.7359355688095093,-33.630638122558594,66.5251693725586,-1.561089277267456,-59.69137954711914,72.08641052246094
1711476121.648727,0.5118748545646667,-62.23455047607422,80.68061828613281,1.8210983276367188,-34.96205139160156,65.75733184814453,-1.6296855211257935,-34.234230041503906,66.78890991210938,-1.5699955224990845,-62.97981262207031,76.43672943115234
1711476121.6586866,0.36218732595443726,-64.67768096923828,84.70342254638672,2.057504653930664,-35.51408386230469,66.17279815673828,-1.577497959136963,-34.66594696044922,66.99423217773438,-1.5540581941604614,-65.55528259277344,80.6031265258789
1711476121.6687253,0.11749982833862305,-66.4719009399414,88.19937133789062,2.2237539291381836,-36.069549560546875,66.50717163085938,-1.458904504776001,-35.06547927856445,67.11719512939453,-1.4745268821716309,-67.73231506347656,84.35516357421875
1711476121.678687,-0.03421887755393982,-67.48033142089844,91.63529968261719,2.414534091949463,-36.53439712524414,66.74624633789062,-1.3387480974197388,-35.38423156738281,67.25344848632812,-1.3710894584655762,-69.23465728759766,87.85985565185547
1711476121.6887672,-0.09250015020370483,-67.85440063476562,94.88671112060547,2.5176596641540527,-36.90236282348633,66.90545654296875,-1.3299981355667114,-35.66079330444336,67.29531860351562,-1.252183198928833,-70.08012390136719,91.27845001220703
1711476121.6986935,-0.14828145503997803,-67.61205291748047,97.9320297241211,2.551252841949463,-37.18611145019531,66.9615478515625,-1.3084355592727661,-35.837982177734375,67.2975082397461,-1.1742143630981445,-70.20028686523438,94.5123519897461
1711476121.708708,-0.15734389424324036,-66.85189819335938,100.35436248779297,2.5500035285949707,-37.36767578125,66.8693618774414,-1.289997935295105,-36.04016876220703,67.240478515625,-1.1295268535614014,-69.66293334960938,97.46985626220703
1711476121.7186844,-0.16546890139579773,-65.5562744140625,102.52218627929688,2.540159225463867,-37.48908233642578,66.66999053955078,-1.3154667615890503,-36.152042388916016,67.14750671386719,-1.028120517730713,-68.65184020996094,99.94281768798828
1711476121.7287698,-0.21312519907951355,-63.84377670288086,104.26858520507812,2.5048470497131348,-37.5222053527832,66.3537368774414,-1.319529414176941,-36.271732330322266,67.00719451904297,-0.9078080654144287,-67.32231140136719,101.94422912597656
1711476121.7387025,-0.23000018298625946,-61.45143127441406,105.56655883789062,2.4893784523010254,-37.56454849243164,66.03030395507812,-1.3451542854309082,-36.404075622558594,66.88687896728516,-0.7134330868721008,-65.56871795654297,103.62641143798828
1711476121.7487772,-0.23375017940998077,-58.6773681640625,106.24109649658203,2.454066276550293,-37.61861038208008,65.68389129638672,-1.386091709136963,-36.51188659667969,66.7478256225586,-0.5539019107818604,-63.27090835571289,104.81454467773438
1711476121.7588282,-0.27000024914741516,-55.41549301147461,106.15123748779297,2.4240660667419434,-37.68720626831055,65.29202270507812,-1.4165606498718262,-36.55720138549805,66.50001525878906,-0.39249566197395325,-60.41747283935547,105.4681396484375
1711476121.7687156,-0.2921876311302185,-51.89720916748047,105.35889434814453,2.4248480796813965,-37.752986907958984,64.97311401367188,-1.4817168712615967,-36.63142013549805,66.29235076904297,-0.23468314111232758,-57.17090606689453,105.3448486328125
1711476121.778692,-0.3000001609325409,-48.26127243041992,103.81702423095703,2.4248480796813965,-37.86814498901367,64.59514617919922,-1.5353103876113892,-36.7142333984375,66.05766296386719,-0.15530815720558167,-53.355594635009766,104.29813385009766
1711476121.788827,-0.3000001609325409,-44.43721008300781,101.39405059814453,2.4248480796813965,-37.97314453125,64.3448257446289,-1.6053104400634766,-36.8509521484375,65.90422821044922,-0.1223394051194191,-49.73481369018555,102.69892120361328
1711476121.7986991,-0.2503126859664917,-40.53986740112305,97.71920776367188,2.4248480796813965,-38.16439437866211,64.08389282226562,-1.6870293617248535,-37.05188751220703,65.81156921386719,-0.10327689349651337,-45.92871856689453,100.09500122070312
1711476121.8088527,-0.22234395146369934,-36.92799377441406,92.73937225341797,2.4500036239624023,-38.482364654541016,63.83061218261719,-1.7420291900634766,-37.26735305786133,65.73548126220703,-0.09468314796686172,-42.035438537597656,96.10844421386719
1711476121.818734,-0.16968771815299988,-33.410648345947266,92.73937225341797,2.4651598930358887,-38.79767608642578,63.63436508178711,-1.7596856355667114,-37.58688735961914,65.69625854492188,-0.0923394039273262,-38.26262283325195,91.10093688964844
1711476121.828751,-0.07234394550323486,-30.45564842224121,80.69967651367188,2.5300049781799316,-39.17736053466797,63.509521484375,-1.7851543426513672,-37.96157455444336,65.63141632080078,-0.13999563455581665,-34.730594635009766,84.9548568725586
1711476121.8387048,0.03234356641769409,-27.93689727783203,74.74921417236328,2.597973346710205,-39.65470886230469,63.36343002319336,-1.796247959136963,-38.365482330322266,65.60938262939453,-0.18124565482139587,-31.70090675354004,78.73281860351562
1711476121.8487768,0.08703112602233887,-26.08970832824707,69.95828247070312,2.741565704345703,-40.10002136230469,63.28389358520508,-1.8253105878829956,-38.81391906738281,65.55016326904297,-0.21437063813209534,-29.809967041015625,75.22390747070312
1711476121.858709,-0.2190627157688141,-25.02955436706543,67.5501480102539,2.766566276550293,-40.28845977783203,63.35655212402344,-1.8171855211257935,-39.09485626220703,65.41157531738281,0.15734811127185822,-29.01449966430664,73.29219818115234
1711476121.8688385,-0.7076564431190491,-24.53033447265625,66.21170806884766,2.4437546730041504,-40.2409553527832,63.29874038696289,-1.8701545000076294,-39.025794982910156,64.9625015258789,0.1496918797492981,-28.270750045776367,71.90235137939453
1711476121.8786976,-1.1365628242492676,-24.543928146362305,66.21170806884766,2.1582841873168945,-39.970802307128906,63.01780319213867,-2.196404457092285,-38.67314147949219,63.99125671386719,-0.23108938336372375,-27.504655838012695,70.21343994140625
1711476121.8888023,-1.3701564073562622,-24.856115341186523,64.97577667236328,1.7367219924926758,-39.71501541137695,62.54170608520508,-2.478747844696045,-38.37220001220703,63.13094711303711,-0.541870653629303,-26.771217346191406,68.64126586914062
1711476121.8987095,-1.1876565217971802,-25.264083862304688,64.72405242919922,1.2865662574768066,-39.60986328125,62.04389953613281,-2.704685688018799,-38.33329772949219,62.46422576904297,-0.7606205940246582,-26.37653160095215,67.37360382080078
1711476121.908716,-0.746562659740448,-25.567989349365234,64.71077728271484,0.8275032043457031,-39.58767318725586,61.49655532836914,-2.8742167949676514,-38.67314147949219,61.67734909057617,-0.9256206154823303,-26.203718185424805,66.44422912597656
1711476121.9187233,-0.2595314383506775,-25.87517738342285,64.693115234375,0.5632853507995605,-39.638458251953125,61.0357666015625,-3.0067169666290283,-39.23594665527344,61.06219482421875,-1.2178081274032593,-26.11481285095215,65.87360382080078
1711476121.928857,0.13921856880187988,-26.458616256713867,64.87108612060547,0.3671908378601074,-39.837520599365234,60.67185974121094,-3.0353105068206787,-39.951576232910156,60.66407012939453,-1.3218706846237183,-26.309499740600586,65.59906768798828
1711476121.9387662,0.20203113555908203,-27.122833251953125,64.87108612060547,0.25203466415405273,-40.138771057128906,60.40311813354492,-3.0299978256225586,-40.54610824584961,60.39610290527344,-1.264058232307434,-26.62309455871582,65.494384765625
1711476121.9486966,-0.0992189347743988,-27.725177764892578,64.81546020507812,0.15453577041625977,-40.585018157958984,60.28342056274414,-2.9067165851593018,-41.11438751220703,60.20719528198242,-1.2015581130981445,-27.106687545776367,65.58250427246094
1711476121.9587724,-0.23484393954277039,-28.25798988342285,64.81483459472656,0.08422136306762695,-41.09892272949219,60.13139343261719,-2.693904161453247,-41.68251419067383,59.98563003540039,-1.0923393964767456,-27.754499435424805,65.79438018798828
1711476121.9687243,-0.2400001883506775,-28.707679748535156,64.80889892578125,0.07484674453735352,-41.58720397949219,59.91249084472656,-2.522810697555542,-42.15657424926758,59.57860565185547,-0.9603081941604614,-28.433094024658203,66.03095245361328
1711476121.9787226,-0.3415626287460327,-29.135488510131836,64.80484008789062,0.09375333786010742,-42.006893157958984,59.673583984375,-2.2645294666290283,-42.72047805786133,59.16141891479492,-0.7234331369400024,-29.058095932006836,66.10157012939453
1711476121.9888554,-0.4395313560962677,-29.575021743774414,64.83248901367188,0.040628910064697266,-42.392364501953125,59.38154983520508,-2.039529323577881,-43.25907897949219,58.75016403198242,-0.577026903629303,-29.59606170654297,66.10000610351562
1711476121.9990258,-0.578593909740448,-30.188772201538086,64.83248901367188,-0.027496814727783203,-42.74220275878906,59.00733184814453,-1.7445292472839355,-43.77485656738281,58.27188491821289,-0.4557769000530243,-30.102622985839844,65.97970581054688
1711476122.0087428,-0.7692189812660217,-30.950645446777344,64.83248901367188,-0.05843400955200195,-43.049705505371094,58.52827453613281,-1.5245294570922852,-44.280948638916016,57.79579162597656,-0.3331206738948822,-30.60418701171875,65.89360046386719
1711476122.0187163,-0.8653128147125244,-31.66392707824707,64.76624298095703,-0.10687112808227539,-43.37142562866211,58.013427734375,-1.2824978828430176,-44.77626037597656,57.23094940185547,-0.19358940422534943,-31.11215591430664,65.74423217773438
1711476122.028718,-0.9632813930511475,-32.321895599365234,64.74483489990234,-0.1389026641845703,-43.76611328125,57.46279525756836,-1.0454668998718262,-45.23501205444336,56.59219741821289,-0.06546440720558167,-31.613874435424805,65.56000518798828
1711476122.038788,-1.0231250524520874,-32.69830322265625,64.74483489990234,-0.17483949661254883,-44.4597053527832,57.14373779296875,-0.8021855354309082,-45.92313766479492,56.16891860961914,0.0964106023311615,-32.08137512207031,65.40485382080078
1711476122.04884,-1.0300002098083496,-32.9787712097168,64.75890350341797,-0.2560901641845703,-45.495018005371094,57.89967727661133,-0.6270293593406677,-47.025794982910156,56.35234832763672,0.2717231214046478,-32.57481384277344,65.24251556396484
1711476122.0587606,-1.0709377527236938,-33.70830154418945,64.68358612060547,-0.4356217384338379,-47.74251937866211,60.08389663696289,-0.2628105878829956,-49.170013427734375,58.16250991821289,0.4520355761051178,-33.11965560913086,65.0831298828125
1711476122.068848,-1.323906421661377,-34.60548782348633,64.8918685913086,-0.4851531982421875,-51.077049255371094,63.11530303955078,0.2617207169532776,-52.20704650878906,61.05735397338867,0.7248480916023254,-33.71559143066406,65.05485534667969
1711476122.078698,-1.6096878051757812,-35.61299133300781,65.28968048095703,-0.16280889511108398,-54.993614196777344,67.22608184814453,0.6870331764221191,-55.85001754760742,65.16657257080078,0.8734418749809265,-34.50293731689453,65.23563385009766
1711476122.08884,-1.8899999856948853,-36.72251892089844,65.9270248413086,0.2140665054321289,-59.04423522949219,71.61748504638672,1.0256268978118896,-60.02001190185547,70.21204376220703,1.0809417963027954,-35.290435791015625,65.50328826904297
1711476122.0987134,-2.106562614440918,-37.797523498535156,66.65577697753906,0.4843783378601074,-62.58174133300781,75.87966918945312,1.2420332431793213,-63.56485366821289,74.32219696044922,1.3056292533874512,-35.919342041015625,65.70016479492188
1711476122.1088386,-2.3673439025878906,-38.82923889160156,67.25467681884766,0.6734418869018555,-65.4747085571289,79.8990478515625,1.3609395027160645,-66.55767059326172,78.2829818725586,1.527504324913025,-36.406532287597656,65.91017150878906
1711476122.1187809,-2.591562509536743,-39.71220779418945,67.71405792236328,0.9201598763465881,-67.79518127441406,83.70701599121094,1.3448455333709717,-69.03579711914062,82.05594635009766,1.8396917581558228,-36.79450225830078,66.02782440185547
1711476122.128829,-2.697812557220459,-40.47986602783203,67.94561767578125,1.073753833770752,-69.35142517089844,87.31311798095703,1.3720332384109497,-70.73611450195312,85.8337631225586,2.1993794441223145,-37.141841888427734,66.10047149658203
1711476122.138742,-2.6948440074920654,-41.08658218383789,68.05233764648438,1.1284422874450684,-70.20642852783203,90.6837387084961,1.3837519884109497,-71.75079345703125,89.51595306396484,2.5978169441223145,-37.44465637207031,66.1500015258789
1711476122.1487176,-2.626875162124634,-41.54970932006836,67.94249725341797,1.1400032043457031,-70.26580047607422,93.8810806274414,1.3267207145690918,-72.03157806396484,92.68985748291016,3.0451607704162598,-37.58277893066406,66.1600112915039
1711476122.1587164,-2.449218988418579,-41.90095901489258,67.6779556274414,1.0573482513427734,-69.76017761230469,96.88748931884766,1.1840643882751465,-71.83079528808594,95.68984985351562,3.514223337173462,-37.69480895996094,66.05937957763672
1711476122.1688888,-2.178281545639038,-42.156898498535156,67.27046203613281,1.016097068786621,-68.73548889160156,99.44310760498047,1.0417207479476929,-71.15282440185547,98.06110382080078,4.044691562652588,-37.76059341430664,65.92735290527344
1711476122.1787863,-1.914062738418579,-42.30439758300781,67.27046203613281,0.994846761226654,-67.30690002441406,101.57858276367188,0.9962519407272339,-69.7850112915039,100.53657531738281,4.6137542724609375,-37.83012390136719,65.7225112915039
1711476122.1888433,-1.5995315313339233,-42.48814392089844,66.16390228271484,0.9848476052284241,-65.4989242553711,103.25061798095703,0.8910956978797913,-68.0056381225586,102.39454650878906,5.117035388946533,-37.85012435913086,65.42984771728516
1711476122.1987271,-1.329062581062317,-42.68674087524414,65.64030456542969,0.9848476052284241,-63.08110809326172,104.48077392578125,0.6914081573486328,-65.63501739501953,103.80001068115234,5.615160942077637,-37.83918762207031,65.1306381225586
1711476122.208755,-1.0893752574920654,-42.87736511230469,65.15249633789062,0.9810972213745117,-60.13423538208008,105.04889678955078,0.4532831907272339,-62.91392135620117,104.55188751220703,5.991567134857178,-37.804813385009766,64.82860565185547
1711476122.2187207,-0.8889063596725464,-43.12392807006836,64.70389556884766,0.9548473358154297,-56.76251983642578,104.95264434814453,0.10312691330909729,-59.91001510620117,104.68719482421875,6.381410598754883,-37.851531982421875,64.4900131225586
1711476122.2288573,-0.7721877098083496,-43.390960693359375,64.31671142578125,0.9476589560508728,-53.124393463134766,103.91702270507812,-0.16452938318252563,-56.4179801940918,103.91876220703125,6.714066982269287,-37.85246658325195,64.16016387939453
1711476122.2393384,-0.7321876287460327,-43.738929748535156,63.97061538696289,0.9248470664024353,-49.33658218383789,102.10936737060547,-0.4167167842388153,-52.72563934326172,102.47673034667969,6.971879959106445,-38.00559616088867,63.88298034667969
1711476122.2488093,-0.7323439121246338,-44.03064727783203,63.68593215942383,0.9248470664024353,-45.51877212524414,99.4778060913086,-0.5265605449676514,-48.674232482910156,99.97985076904297,7.178598403930664,-38.101219177246094,63.62860870361328
1711476122.258728,-0.7559376955032349,-44.372676849365234,63.40233612060547,0.8739089965820312,-41.684085845947266,95.67343139648438,-0.5351543426513672,-44.8214225769043,96.51594543457031,7.371410846710205,-38.290279388427734,63.43360137939453
1711476122.2687294,-0.8175000548362732,-44.81221008300781,63.21718215942383,0.8551597595214844,-37.98501968383789,90.74764251708984,-0.4490606486797333,-40.91611099243164,91.67969512939453,7.477192401885986,-38.5648078918457,63.31266403198242
1711476122.2787983,-0.9900000691413879,-45.30690002441406,62.94389343261719,0.8414101600646973,-36.3264274597168,86.89234161376953,-0.44999805092811584,-37.171104431152344,86.01016998291016,7.424535751342773,-38.94215393066406,63.25954055786133
1711476122.2888603,-1.320468783378601,-45.94767761230469,62.63155746459961,1.0909414291381836,-35.920799255371094,83.81233215332031,-0.6476543545722961,-34.060951232910156,80.17078399658203,7.1268792152404785,-39.53418731689453,63.17188262939453
1711476122.298742,-1.7039064168930054,-46.60564422607422,61.97249221801758,0.9731292724609375,-35.27439880371094,79.40311431884766,-0.9271857142448425,-31.587669372558594,73.8737564086914,6.577504634857178,-40.063720703125,62.86750793457031
1711476122.3089232,-2.212031364440918,-47.12908172607422,61.07718276977539,0.7581281661987305,-34.44126892089844,75.8838882446289,-1.1356232166290283,-29.98720359802246,68.79219818115234,5.754692077636719,-40.60466003417969,62.30078887939453
1711476122.3187952,-2.8539063930511475,-47.521270751953125,60.09421157836914,0.18203496932983398,-33.599082946777344,72.32686614990234,-1.401716709136963,-30.27329444885254,67.91360473632812,4.946254253387451,-41.27481460571289,61.69125747680664
1711476122.328716,-3.4789061546325684,-47.4803352355957,59.41905212402344,-0.4792141914367676,-32.65549087524414,69.40373992919922,-2.190779447555542,-31.132198333740234,68.12813568115234,4.133754730224609,-41.87746810913086,61.06360626220703
1711476122.338725,-3.637812614440918,-46.789241790771484,59.09061813354492,-1.009995937347412,-31.85049057006836,67.486083984375,-2.8234357833862305,-31.420326232910156,67.73078918457031,3.4354732036590576,-42.050594329833984,60.41657257080078
1711476122.3488624,-3.448594093322754,-45.5256462097168,59.04140090942383,-1.4621829986572266,-31.47580337524414,66.44498443603516,-2.935779333114624,-31.23923110961914,66.78297424316406,2.9351606369018555,-41.94293975830078,59.72970199584961
1711476122.3588223,-2.917344093322754,-43.902679443359375,59.13218307495117,-1.797182559967041,-31.286272048950195,65.83779907226562,-2.7392168045043945,-30.776418685913086,65.595947265625,2.3076605796813965,-42.28215408325195,59.22001266479492
1711476122.3687742,-2.1446878910064697,-42.34720993041992,59.13249206542969,-1.865153431892395,-31.147207260131836,65.26889038085938,-2.6562483310699463,-30.23094940185547,64.60453796386719,1.5637545585632324,-42.758094787597656,58.82625198364258
1711476122.3787625,-1.4782813787460327,-41.26799011230469,59.07139587402344,-1.6062450408935547,-31.02454948425293,64.83092498779297,-2.348123073577881,-29.692827224731445,63.95407485961914,0.7179732918739319,-43.40059280395508,58.39844512939453
1711476122.3888636,-0.955469012260437,-40.72267532348633,58.92295837402344,-1.3398408889770508,-31.022361755371094,64.51201629638672,-2.0056231021881104,-29.343135833740234,63.70032501220703,0.1789107620716095,-43.69606018066406,58.10234832763672
1711476122.3987966,-0.7625001668930054,-40.60845947265625,58.65765380859375,-1.13999605178833,-31.154396057128906,64.35842895507812,-1.4712480306625366,-29.26266860961914,63.55079650878906,-0.06124557927250862,-43.94871520996094,58.02328872680664
1711476122.4088705,-0.8459377288818359,-40.73314666748047,58.361083984375,-0.9348392486572266,-31.337677001953125,64.31483459472656,-1.1515605449676514,-29.26235580444336,63.52235412597656,-0.07999558001756668,-44.33309555053711,58.05532455444336
1711476122.4188082,-0.9584376215934753,-40.9362678527832,58.00343322753906,-0.8695268630981445,-31.52720832824707,64.31233978271484,-1.0346856117248535,-29.352983474731445,63.52235412597656,-0.0432768277823925,-44.7416877746582,58.15641403198242
1711476122.4287283,-1.1931252479553223,-41.21517562866211,57.72311782836914,-0.7870268821716309,-31.724552154541016,64.31279754638672,-1.0004669427871704,-29.509857177734375,63.69157409667969,-0.22062057256698608,-45.12809371948242,58.30470275878906
1711476122.4387283,-1.3576563596725464,-41.384395599365234,57.42671203613281,-0.7460904121398926,-31.88267707824707,64.50389099121094,-1.1689043045043945,-29.826419830322266,64.13906860351562,-0.2854643166065216,-45.42325210571289,58.37001037597656
1711476122.4488442,-1.3700002431869507,-41.61579895019531,57.15374755859375,-0.709996223449707,-32.091583251953125,64.81576538085938,-1.352497935295105,-30.030324935913086,64.59922790527344,-0.4681205749511719,-45.56528091430664,58.40235900878906
1711476122.4588287,-1.2206250429153442,-42.277679443359375,57.62483596801758,-0.709996223449707,-32.32908248901367,65.26920318603516,-1.6017168760299683,-30.07235336303711,65.01094818115234,-0.7404643297195435,-45.55012512207031,58.26219177246094
1711476122.4688225,-1.3196876049041748,-42.72189712524414,57.95906066894531,-0.735933780670166,-32.57064437866211,65.67327117919922,-1.7760918140411377,-30.19454574584961,65.33782196044922,-0.8668705821037292,-45.4643440246582,58.06016540527344
1711476122.4787476,-1.56515634059906,-42.93736267089844,57.95906066894531,-0.755152702331543,-32.9318962097168,66.05123901367188,-1.8557791709899902,-30.452667236328125,65.76297760009766,-0.9389017820358276,-45.43574523925781,57.82969284057617
1711476122.4889164,-1.678125262260437,-43.22924041748047,57.99921417236328,-0.7312464714050293,-33.287052154541016,66.24795532226562,-1.9157793521881104,-30.714073181152344,65.98828887939453,-0.9707768559455872,-45.66231155395508,57.76438522338867
1711476122.498804,-1.5182814598083496,-43.591426849365234,58.27968215942383,-0.6731200218200684,-33.482051849365234,66.25811767578125,-1.9151543378829956,-30.99376106262207,66.02735137939453,-0.9299955368041992,-46.23153305053711,57.87063217163086
1711476122.5087562,-1.3206251859664917,-44.84611511230469,60.00843048095703,-0.5681204795837402,-33.6701774597168,66.09342193603516,-1.862966775894165,-31.206260681152344,66.03750610351562,-0.8045268058776855,-47.20418930053711,58.97359848022461
1711476122.5188036,-1.0095313787460327,-47.49971008300781,63.33061218261719,-0.4954648017883301,-33.86158752441406,65.79248809814453,-1.859998106956482,-31.454702377319336,65.98141479492188,-0.8718705177307129,-49.003719329833984,61.11375427246094
1711476122.5288281,-0.6589064002037048,-51.10845947265625,67.47999572753906,-0.2846837043762207,-34.255332946777344,65.45639038085938,-1.8546854257583618,-31.842668533325195,66.09297943115234,-0.9406205415725708,-51.38840866088867,63.72220230102539
1711476122.5388212,-0.2935938537120819,-54.77736282348633,71.77265167236328,0.04141092300415039,-34.73876953125,65.38389587402344,-1.749529242515564,-32.462825775146484,66.34359741210938,-0.939995527267456,-54.72605895996094,67.5564193725586
1711476122.5488617,-0.03609389066696167,-58.33392333984375,76.15015411376953,0.36609649658203125,-35.283145904541016,65.4932632446289,-1.6381230354309082,-33.107826232910156,66.61266326904297,-0.8732768297195435,-58.48637390136719,71.71562957763672
1711476122.558814,0.11984363198280334,-61.36439895629883,80.39249420166016,0.7493782043457031,-35.76189422607422,65.70608520507812,-1.4932793378829956,-33.665950775146484,66.85641479492188,-0.834526777267456,-61.88387680053711,76.00579071044922
1711476122.5688386,0.005468577146530151,-63.94392776489258,84.14156341552734,1.1400032043457031,-36.28861618041992,66.02999114990234,-1.2998416423797607,-34.11813735961914,67.02469635009766,-0.7960893511772156,-64.71824645996094,80.01219940185547
1711476122.5787864,-0.2423439770936966,-65.81626892089844,87.83780670166016,1.4635968208312988,-36.777992248535156,66.30374145507812,-1.1534357070922852,-34.47923278808594,67.16641235351562,-0.692495584487915,-67.05902862548828,83.81719207763672
1711476122.5888336,-0.4693750739097595,-66.95751953125,91.38967895507812,1.7221903800964355,-37.182830810546875,66.49185943603516,-0.9434354305267334,-34.77032470703125,67.2667236328125,-0.6823393106460571,-68.7712173461914,87.43891906738281
1711476122.598811,-0.6484377384185791,-67.48111724853516,94.62171936035156,2.011411190032959,-37.49861145019531,66.55123901367188,-0.785154402256012,-34.94782638549805,67.27750396728516,-0.642339289188385,-69.74137115478516,90.92109680175781
1711476122.60887,-0.7384375929832458,-67.43721008300781,97.64249420166016,2.174534797668457,-37.685489654541016,66.53123474121094,-0.7246854901313782,-35.12157440185547,67.27750396728516,-0.5931206345558167,-69.97793579101562,93.95110321044922
1711476122.6188126,-0.7400001287460327,-66.80298614501953,100.15765380859375,2.3264098167419434,-37.81658172607422,66.3840560913086,-0.6243731379508972,-35.251731872558594,67.21173095703125,-0.5860893726348877,-69.60169219970703,97.22703552246094
1711476122.628859,-0.7439064979553223,-65.60501861572266,102.39093017578125,2.422192096710205,-37.90751647949219,66.12374114990234,-0.5787481069564819,-35.36766815185547,67.13250732421875,-0.5145268440246582,-68.66637420654297,99.67141723632812
1711476122.638752,-0.7500001788139343,-63.82892608642578,104.2840576171875,2.4885964393615723,-37.9475212097168,65.80654907226562,-0.5799980759620667,-35.49579620361328,67.03750610351562,-0.4640580713748932,-67.35809326171875,101.84609985351562
1711476122.648837,-0.7500001788139343,-61.51377487182617,105.6517105102539,2.5151610374450684,-37.966270446777344,65.42530059814453,-0.5290605425834656,-35.627357482910156,66.95907592773438,-0.32108932733535767,-65.7059097290039,103.61048126220703
1711476122.6588237,-0.7592189311981201,-58.83627700805664,106.4324951171875,2.5739097595214844,-37.9675178527832,65.07874298095703,-0.5299980640411377,-35.67985534667969,66.86344146728516,-0.20640181005001068,-63.36684036254883,104.86688995361328
1711476122.6687405,-0.7635939121246338,-55.78658676147461,106.54576873779297,2.655785083770752,-38.00345993041992,64.76514434814453,-0.5299980640411377,-35.74595260620117,66.72063446044922,-0.10983932763338089,-60.74871826171875,105.54844665527344
1711476122.6787493,-0.7800000905990601,-52.383460998535156,105.79859161376953,2.7371907234191895,-38.017520904541016,64.45858001708984,-0.556091845035553,-35.79001235961914,66.51766967773438,-0.020464323461055756,-57.33606719970703,105.53375244140625
1711476122.6888478,-0.7900002598762512,-48.82143020629883,104.47733306884766,2.800471782684326,-38.09814453125,64.19921112060547,-0.5779668688774109,-35.87063980102539,66.34812927246094,0.05484817922115326,-53.84419250488281,104.78172302246094
1711476122.6987913,-0.7693750858306885,-44.86580276489258,102.10733032226562,2.8448486328125,-38.22283172607422,63.98936080932617,-0.6462480425834656,-35.93454360961914,66.25047302246094,0.13609817624092102,-50.14590835571289,103.0837631225586
1711476122.7088833,-0.7423439621925354,-41.05736541748047,98.7059326171875,2.857658863067627,-38.43252182006836,63.77077102661133,-0.7087481021881104,-36.048763275146484,66.1853256225586,0.19594192504882812,-46.364654541015625,100.7471923828125
1711476122.7189562,-0.6707814335823059,-37.310176849365234,93.70421600341797,2.884378433227539,-38.61064147949219,63.59467315673828,-0.7754668593406677,-36.16767120361328,66.14063262939453,0.22203569114208221,-42.41090774536133,97.0642318725586
1711476122.7287464,-0.5815626978874207,-33.92095947265625,88.34406280517578,2.9000043869018555,-38.892208099365234,63.45139694213867,-0.8060917258262634,-36.38344955444336,66.1423568725586,0.22766068577766418,-38.684810638427734,92.19125366210938
1711476122.7388291,-0.45406267046928406,-30.81580352783203,82.134521484375,2.935941219329834,-39.18314743041992,63.32499313354492,-0.8420294523239136,-36.66313934326172,66.1423568725586,0.19828566908836365,-35.13340759277344,86.20220184326172
1711476122.748748,-0.3400002419948578,-28.12923812866211,76.00045776367188,2.970004081726074,-39.572208404541016,63.24280548095703,-0.8870294690132141,-37.01532745361328,66.1423568725586,0.12187942862510681,-32.17903137207031,80.77735137939453
1711476122.758773,-0.3757813572883606,-26.10892677307129,70.82015228271484,3.0307841300964355,-39.828617095947266,63.26171112060547,-0.974060595035553,-37.26173400878906,66.1423568725586,0.2665669322013855,-30.441062927246094,77.65219116210938
1711476122.7688742,-0.7853126525878906,-24.90830421447754,68.08624267578125,2.8165674209594727,-39.756893157958984,63.35999298095703,-1.0114043951034546,-37.3409538269043,65.9693832397461,0.3720356523990631,-29.29606056213379,75.29562377929688
1711476122.7787862,-1.2768751382827759,-24.383926391601562,66.51702117919922,2.4982857704162598,-39.41502380371094,63.14639663696289,-1.318591833114624,-36.94422912597656,65.23907470703125,0.1559419333934784,-28.148563385009766,73.50313568115234
1711476122.7888348,-1.689843773841858,-24.352052688598633,65.63780975341797,2.0798468589782715,-39.009864807128906,62.80171203613281,-1.6696856021881104,-36.491573333740234,64.23797607421875,-0.2539018392562866,-27.199970245361328,71.56204223632812
1711476122.7988443,-1.8179688453674316,-24.723615646362305,65.1779556274414,1.6100049018859863,-38.63611602783203,62.31373977661133,-1.9551541805267334,-36.314544677734375,63.43656921386719,-0.641714334487915,-26.350749969482422,69.56687927246094
1711476122.80892,-1.4228127002716064,-25.041894912719727,64.91452026367188,1.0779714584350586,-38.39549255371094,61.85014343261719,-2.2265608310699463,-36.82891845703125,62.58282470703125,-0.8996832370758057,-25.686687469482422,68.14141082763672
1711476122.8187819,-0.8396875858306885,-25.29549217224121,64.91452026367188,0.644066333770752,-38.37236404418945,61.43967819213867,-2.4378106594085693,-37.682044982910156,61.80781936645508,-1.1967142820358276,-25.307157516479492,67.12500762939453
1711476122.8288357,-0.18500015139579773,-25.677677154541016,64.80484008789062,0.3756284713745117,-38.43049240112305,61.14154815673828,-2.506091833114624,-38.74985885620117,61.02125549316406,-1.432026982307434,-25.12340545654297,66.46969604492188
1711476122.8387845,0.2890622615814209,-26.05002212524414,64.80484008789062,0.25797367095947266,-38.64439392089844,60.96076965332031,-2.5151541233062744,-39.96017074584961,60.37969207763672,-1.5712456703186035,-25.188562393188477,66.1451644897461
1711476122.8488307,0.5584373474121094,-26.36908531188965,64.80484008789062,0.14281511306762695,-38.99080276489258,60.80795669555664,-2.5001542568206787,-41.03688430786133,59.904541015625,-1.5899956226348877,-25.401687622070312,66.0525131225586
1711476122.8588343,0.5631248354911804,-26.712833404541016,64.84249114990234,0.03906726837158203,-39.44767761230469,60.69749069213867,-2.459529161453247,-41.720638275146484,59.62891387939453,-1.5899956226348877,-25.840749740600586,66.13391876220703
1711476122.86875,0.358906090259552,-27.089086532592773,64.84530639648438,-0.037026405334472656,-39.91689682006836,60.58811569213867,-2.3737480640411377,-42.30532455444336,59.53329086303711,-1.5589017868041992,-26.35918617248535,66.34032440185547
1711476122.8787665,0.036249756813049316,-27.44080352783203,64.89483642578125,-0.051403045654296875,-40.39142608642578,60.47233581542969,-2.287966728210449,-42.95970153808594,59.41360092163086,-1.4546830654144287,-26.904970169067383,66.55656433105469
1711476122.888863,-0.2515627443790436,-27.815332412719727,64.90249633789062,-0.05984067916870117,-40.85845947265625,60.35390090942383,-2.2070295810699463,-43.473297119140625,59.21344757080078,-1.3059331178665161,-27.58090591430664,66.74578857421875
1711476122.898869,-0.4682813882827759,-27.815332412719727,64.90249633789062,-0.10530948638916016,-41.263614654541016,60.12358856201172,-2.095310688018799,-43.94047927856445,58.91859817504883,-1.2167143821716309,-28.180906295776367,66.861572265625
1711476122.9088318,-0.6068751215934753,-28.750648498535156,64.92249298095703,-0.12812137603759766,-41.62876892089844,59.75389099121094,-1.913435459136963,-44.41329574584961,58.47657012939453,-1.1503081321716309,-28.738250732421875,66.8600082397461
1711476122.9188316,-0.6582814455032349,-29.185489654541016,64.92249298095703,-0.18687009811401367,-41.96923828125,59.31405258178711,-1.731560468673706,-44.83204650878906,58.05031967163086,-1.0943706035614014,-29.28824806213379,66.78860473632812
1711476122.9288352,-0.6700001955032349,-29.62674331665039,64.92249298095703,-0.2890586853027344,-42.2995491027832,58.75826644897461,-1.6059356927871704,-45.30438995361328,57.46141052246094,-1.0162456035614014,-29.78871726989746,66.62110137939453
1711476122.9388256,-0.6620314717292786,-30.08173942565918,64.92249298095703,-0.37687063217163086,-42.58689498901367,58.15045166015625,-1.4298417568206787,-45.71376037597656,56.90782165527344,-0.9362456202507019,-30.368873596191406,66.39266967773438
1711476122.9488382,-0.6323438882827759,-30.65877342224121,64.92249298095703,-0.45952796936035156,-43.263771057128906,57.73092269897461,-1.2629666328430176,-46.25454330444336,56.409385681152344,-0.8099955916404724,-30.903564453125,66.19266510009766
1711476122.9588768,-0.655312716960907,-30.65877342224121,64.92249298095703,-0.5315589904785156,-44.342674255371094,58.52186584472656,-1.098591685295105,-47.20063781738281,56.263912200927734,-0.6603081226348877,-31.44809341430664,65.96047973632812
1711476122.9687514,-0.7487500905990601,-32.27798843383789,64.83451843261719,-0.6468701362609863,-46.23939514160156,59.97686004638672,-0.7371854782104492,-49.16267013549805,57.93016052246094,-0.5296831727027893,-32.040279388427734,65.8415756225586
1711476122.9788523,-0.8723437786102295,-33.0807991027832,64.90843200683594,-0.657651424407959,-49.65986251831055,62.97904968261719,-0.2070292830467224,-52.18235778808594,60.59031677246094,-0.30155813694000244,-32.72465515136719,65.78547668457031
1711476122.9888737,-1.153281331062317,-34.10783386230469,65.30561828613281,-0.0789022445678711,-53.824554443359375,66.96436309814453,0.2032831311225891,-55.9625129699707,64.75922393798828,-0.11171440035104752,-33.473716735839844,65.94142150878906
1711476122.9988294,-1.4654690027236938,-35.14564514160156,65.95484161376953,0.7101607322692871,-58.06861877441406,71.20779418945312,0.47922059893608093,-59.732666015625,69.01937866210938,0.02062935382127762,-34.26371765136719,66.14422607421875
1711476123.0089002,-1.7173439264297485,-36.38189697265625,66.74124145507812,1.361098289489746,-61.74376678466797,75.39373779296875,0.7103144526481628,-63.41501235961914,73.03079223632812,0.22672311961650848,-34.882625579833984,66.30828857421875
1711476123.0188596,-1.9559377431869507,-37.47346115112305,67.50343322753906,1.882035732269287,-64.88439178466797,79.46467590332031,0.6639082431793213,-66.65298461914062,77.09890747070312,0.3945356011390686,-35.38325119018555,66.365478515625
1711476123.0288165,-2.2593753337860107,-38.4397087097168,68.04749298095703,2.1392226219177246,-67.37876892089844,83.25702667236328,0.5734394192695618,-69.27220153808594,81.18047332763672,0.6875043511390686,-35.81121826171875,66.39000701904297
1711476123.0388346,-2.400624990463257,-39.28596115112305,68.3723373413086,2.298910617828369,-69.12313842773438,86.86312103271484,0.5900019407272339,-71.13922882080078,85.11531829833984,0.9790668487548828,-36.29075241088867,66.45000457763672
1711476123.048872,-2.4200000762939453,-39.996429443359375,68.42062377929688,2.369847297668457,-70.05736541748047,90.37561798095703,0.6273456811904907,-72.25204467773438,88.5089111328125,1.3928169012069702,-36.60028076171875,66.49032592773438
1711476123.0588465,-2.3610942363739014,-40.52533721923828,68.28280639648438,2.390003204345703,-70.1914291381836,93.66389465332031,0.6101581454277039,-72.71157836914062,91.94188690185547,1.8790669441223145,-36.82731246948242,66.4900131225586
1711476123.068859,-2.2285938262939453,-40.97549057006836,68.04640197753906,2.350316047668457,-69.72830200195312,96.583740234375,0.48531442880630493,-72.70329284667969,94.58344268798828,2.376723289489746,-37.09059143066406,66.44438934326172
1711476123.079128,-2.0473437309265137,-41.31564712524414,67.55780792236328,2.329535484313965,-68.78455352783203,99.18717193603516,0.33281445503234863,-71.8932876586914,97.59313201904297,2.868285655975342,-37.28981018066406,66.33454132080078
1711476123.088853,-1.7512500286102295,-41.56767654418945,67.03577423095703,2.272660732269287,-67.48626708984375,101.30967712402344,0.165158212184906,-70.64657592773438,100.02079010009766,3.357973337173462,-37.40965270996094,66.1382827758789
1711476123.098882,-1.4956250190734863,-41.56767654418945,67.03577423095703,2.2282838821411133,-65.57720947265625,103.10342407226562,0.10406449437141418,-68.92657470703125,101.85688018798828,3.902035713195801,-37.45356369018555,65.8670425415039
1711476123.1088603,-1.2131253480911255,-42.02861022949219,65.97795867919922,2.214846611022949,-63.19674301147461,104.40091705322266,-0.022341758012771606,-66.56375885009766,103.48625946044922,4.436410903930664,-37.466373443603516,65.54281616210938
1711476123.1188788,-1.000937819480896,-42.02861022949219,65.97795867919922,2.1776604652404785,-60.21892547607422,105.01264953613281,-0.2367168515920639,-63.885009765625,104.33141326904297,4.436410903930664,-37.50246810913086,65.150634765625
1711476123.1289341,-0.8092188835144043,-42.6131477355957,64.95468139648438,2.1200037002563477,-56.88939666748047,104.99999237060547,-0.4392167925834656,-61.00673294067383,104.61969757080078,5.382036209106445,-37.50246810913086,64.76688385009766
1711476123.138846,-0.7220314145088196,-42.9440803527832,64.49030303955078,2.044379711151123,-53.318458557128906,104.11734008789062,-0.6178106069564819,-57.64719772338867,104.15593719482422,5.747347831726074,-37.56153106689453,64.33563232421875
1711476123.1488435,-0.6504689455032349,-43.296112060546875,64.10140228271484,1.9559407234191895,-49.654239654541016,102.52405548095703,-0.7959356904029846,-53.89641571044922,102.83953857421875,6.0771918296813965,-37.60325241088867,63.99329376220703
1711476123.15886,-0.6204688549041748,-43.72736740112305,63.73030471801758,1.8846917152404785,-45.78595733642578,99.88670349121094,-0.8473417162895203,-50.149078369140625,100.57344818115234,6.359848499298096,-37.722782135009766,63.73860549926758
1711476123.1688619,-0.6223438382148743,-44.088924407958984,63.45514678955078,1.8504714965820312,-41.92829895019531,96.10702514648438,-0.8951545357704163,-46.09126281738281,97.02641296386719,6.617504596710205,-37.95137405395508,63.51344680786133
1711476123.1789918,-0.6921876668930054,-44.58595657348633,63.2137451171875,1.80016028881073,-38.14002227783203,91.07046508789062,-0.8176544308662415,-41.91563415527344,92.3175048828125,6.819692611694336,-38.17106246948242,63.38578796386719
1711476123.188758,-0.7982814311981201,-45.13627243041992,62.94249725341797,1.7525029182434082,-35.07954788208008,85.93045806884766,-0.8451542258262634,-38.292198181152344,87.33047485351562,6.98672342300415,-38.534812927246094,63.31454086303711
1711476123.1988535,-0.9854689836502075,-45.825958251953125,62.94249725341797,1.757659912109375,-34.13376998901367,82.318115234375,-0.9064042568206787,-34.93891906738281,81.39875793457031,6.9610981941223145,-39.05512619018555,63.26298141479492
1711476123.2088861,-1.3032814264297485,-46.588924407958984,62.32546615600586,1.9606280326843262,-33.82158279418945,78.9045181274414,-1.0917168855667114,-32.177825927734375,74.81172943115234,6.645941734313965,-39.7366828918457,63.14845275878906
1711476123.2188435,-1.7240625619888306,-47.33517837524414,61.6551513671875,1.8081283569335938,-33.351112365722656,75.52264404296875,-1.3382792472839355,-30.518760681152344,69.63297271728516,6.11547327041626,-40.294342041015625,62.74485397338867
1711476123.2289388,-2.3190624713897705,-47.87002182006836,60.71155548095703,1.3256287574768066,-32.66220474243164,72.3990478515625,-1.400466799736023,-30.146888732910156,67.77672576904297,5.438129425048828,-40.92871856689453,62.12813186645508
1711476123.2388062,-2.9412503242492676,-48.04533386230469,59.95499038696289,0.6921911239624023,-31.946584701538086,69.49889373779297,-2.2085916996002197,-31.22063446044922,68.01937866210938,4.805004596710205,-41.56481170654297,61.47109603881836
1711476123.2488675,-3.1500003337860107,-47.79033660888672,59.14796447753906,0.18047332763671875,-31.260332107543945,67.47373962402344,-2.7040605545043945,-31.775638580322266,67.82626342773438,4.135786056518555,-41.86027908325195,60.74547576904297
1711476123.25893,-3.187500238418579,-47.79033660888672,59.14796447753906,-0.2260899543762207,-30.905799865722656,66.36404418945312,-2.885310649871826,-31.834543228149414,67.09532165527344,3.765316963195801,-41.75168991088867,59.8704833984375
1711476123.268832,-2.8840625286102295,-45.60736846923828,58.97327423095703,-0.5943703651428223,-30.75439453125,65.75202178955078,-2.744060516357422,-31.47032356262207,65.95672607421875,3.1460981369018555,-42.06293869018555,59.04485321044922
1711476123.278851,-2.370000123977661,-44.05517578125,59.09077835083008,-0.735776424407959,-30.701271057128906,65.21873474121094,-2.57718563079834,-31.060014724731445,64.72126007080078,2.4373483657836914,-42.78543472290039,58.48923110961914
1711476123.288849,-1.81125009059906,-42.64455032348633,59.02405548095703,-0.5776524543762207,-30.67189598083496,64.82311248779297,-2.368748188018799,-30.57501220703125,63.98173141479492,1.6479731798171997,-43.58059310913086,58.006103515625
1711476123.2987645,-1.4407813549041748,-41.76908493041992,58.94921112060547,-0.40874719619750977,-30.722049713134766,64.45670318603516,-2.1564042568206787,-30.14860725402832,63.65094757080078,1.030316948890686,-44.19700241088867,57.61313247680664
1711476123.3088696,-1.267969012260437,-41.376426696777344,58.70015335083008,-0.24702787399291992,-30.852834701538086,64.27108764648438,-1.8579667806625366,-29.862356185913086,63.51078796386719,0.7084420323371887,-44.51700210571289,57.37063217163086
1711476123.3188477,-1.2623438835144043,-41.31892395019531,58.38187026977539,-0.010776519775390625,-31.088924407958984,64.1545181274414,-1.4856231212615967,-29.82188606262207,63.50235366821289,0.5340669751167297,-44.87559509277344,57.17125701904297
1711476123.3288534,-1.290000081062317,-41.49111557006836,58.03874206542969,0.16406536102294922,-31.408456802368164,64.06483459472656,-1.3082793951034546,-29.835947036743164,63.50235366821289,0.44781699776649475,-45.25090408325195,56.88985061645508
1711476123.3388543,-1.3120313882827759,-41.72189712524414,57.7684326171875,0.3668785095214844,-31.771894454956055,64.06483459472656,-1.228591799736023,-30.06782341003418,63.65531921386719,0.3695357143878937,-45.79387664794922,56.92375946044922
1711476123.3488207,-1.4384377002716064,-41.84080123901367,57.49202346801758,0.533597469329834,-32.112518310546875,64.1779556274414,-1.317029356956482,-30.68063735961914,64.20235443115234,0.4460982084274292,-46.32918930053711,57.14781951904297
1711476123.3588471,-1.4589065313339233,-42.06611633300781,57.23311996459961,0.6365656852722168,-32.413455963134766,64.44107818603516,-1.3687479496002197,-31.077354431152344,64.69187927246094,0.28922325372695923,-46.69121551513672,57.33000946044922
1711476123.3688908,-1.4990627765655518,-42.5619010925293,57.52327346801758,0.7185983657836914,-32.67595672607422,64.88357543945312,-1.4573419094085693,-31.263450622558594,65.19235229492188,0.21719199419021606,-46.717308044433594,57.2784423828125
1711476123.3788586,-1.6295313835144043,-43.05517578125,57.89468002319336,0.7610964775085449,-32.97892761230469,65.37342834472656,-1.5553104877471924,-31.410953521728516,65.51985168457031,0.17422325909137726,-46.57575225830078,57.02188491821289
1711476123.3889081,-1.8279690742492676,-43.29705047607422,58.06093215942383,0.7940673828125,-33.32470703125,65.67889404296875,-1.6465604305267334,-31.533451080322266,65.78657531738281,0.12891073524951935,-46.551841735839844,56.74235534667969
1711476123.3988497,-1.8689062595367432,-43.54252624511719,57.96139907836914,0.8818793296813965,-33.631893157958984,65.86717224121094,-1.6651543378829956,-31.764543533325195,65.92829132080078,0.15109826624393463,-46.60715866088867,56.533756256103516
1711476123.4088397,-1.7429689168930054,-43.744239807128906,57.84858703613281,0.944066047668457,-33.83204650878906,65.88998413085938,-1.6196856498718262,-31.97298240661621,65.95985412597656,0.225942000746727,-46.95137405395508,56.50484848022461
1711476123.4188638,-1.639062762260437,-44.93283462524414,59.54030227661133,0.9712528586387634,-34.01720428466797,65.64936065673828,-1.5689042806625366,-32.16423034667969,65.9351577758789,0.27578577399253845,-47.711219787597656,57.21078872680664
1711476123.4288824,-1.2689062356948853,-47.32736587524414,62.55343246459961,0.9737539291381836,-34.194236755371094,65.31388854980469,-1.569998025894165,-32.397979736328125,65.92234802246094,0.19375450909137726,-49.19059371948242,58.88203811645508
1711476123.4389293,-0.9898439049720764,-50.813926696777344,66.7756118774414,1.113440990447998,-34.460018157958984,65.0412368774414,-1.569998025894165,-32.77329635620117,65.99797821044922,0.07703575491905212,-51.73543930053711,62.0050048828125
1711476123.4488945,-0.7220314145088196,-54.43455505371094,70.95499420166016,1.3159418106079102,-34.87564468383789,65.01483154296875,-1.4624980688095093,-33.37969970703125,66.24547576904297,-0.1309330016374588,-54.921688079833984,66.29438781738281
1711476123.4588544,-0.5400002002716064,-58.05939483642578,75.34202575683594,1.53578519821167,-35.29673767089844,65.1329574584961,-1.3401544094085693,-33.94563674926758,66.50360107421875,-0.3001517355442047,-58.43199920654297,70.75251007080078
1711476123.4688225,-0.36046892404556274,-61.18751907348633,79.33515167236328,1.8042229413986206,-35.71485900878906,65.31732940673828,-1.225935459136963,-34.4039192199707,66.68501281738281,-0.36187052726745605,-61.64106750488281,74.89469146728516
1711476123.4788616,-0.4104688763618469,-63.92549133300781,83.37625122070312,2.0723485946655273,-36.162208557128906,65.59373474121094,-1.1246857643127441,-34.75126266479492,66.88250732421875,-0.373432993888855,-64.46528625488281,78.85625457763672
1711476123.4888585,-0.5743752717971802,-65.87893676757812,87.26577758789062,2.318284511566162,-36.55548858642578,65.85467529296875,-1.0237481594085693,-34.96829605102539,66.96859741210938,-0.2751517593860626,-66.90528869628906,82.81735229492188
1711476123.4988444,-0.8475002646446228,-67.13018035888672,90.90545654296875,2.526097297668457,-36.860958099365234,66.11076354980469,-0.8734354376792908,-35.16844940185547,67.05313110351562,-0.24483925104141235,-68.74403381347656,86.68672943115234
1711476123.5088615,-0.9687501192092896,-67.78814697265625,94.12545776367188,2.7237534523010254,-37.10970687866211,66.1802978515625,-0.824216902256012,-35.27110290527344,67.06751251220703,-0.19937048852443695,-69.77200317382812,90.10829162597656
1711476123.51879,-1.0256251096725464,-67.8984603881836,97.1478042602539,2.8618788719177246,-37.217830657958984,66.19076538085938,-0.8199980854988098,-35.34485626220703,67.06751251220703,-0.1531204879283905,-70.19107055664062,93.6589126586914
1711476123.5288618,-1.011562705039978,-67.4297103881836,99.6746826171875,2.9001593589782715,-37.30970764160156,66.10749053955078,-0.7951542735099792,-35.43141555786133,67.0221939086914,-0.1231204941868782,-69.96793365478516,96.54563903808594
1711476123.5387945,-0.9623438715934753,-66.20626831054688,102.03077697753906,2.910003662109375,-37.37501525878906,65.93343353271484,-0.8259356021881104,-35.48829650878906,66.98297882080078,-0.06343299895524979,-69.26512908935547,99.0964126586914
1711476123.5488884,-0.9217190146446228,-64.48736572265625,103.96827697753906,2.910003662109375,-37.39861297607422,65.60842895507812,-0.8551543951034546,-35.56704330444336,66.95938110351562,0.01641075313091278,-68.08059692382812,101.3214111328125
1711476123.559063,-0.9223439693450928,-62.17470932006836,105.46342468261719,2.910003662109375,-37.397518157958984,65.29108428955078,-0.9043729305267334,-35.611419677734375,66.91453552246094,0.14531700313091278,-66.37122344970703,103.21922302246094
1711476123.568945,-0.9223439693450928,-59.58689498901367,106.34436798095703,2.910003662109375,-37.397518157958984,65.03373718261719,-0.9657794237136841,-35.66017150878906,66.8375015258789,0.29437950253486633,-64.19044494628906,104.5389175415039
1711476123.578806,-0.9223439693450928,-56.673301696777344,106.61186218261719,2.910003662109375,-37.43611145019531,64.73530578613281,-1.0493731498718262,-35.708763122558594,66.73016357421875,0.40203574299812317,-61.31747055053711,105.38656616210938
1711476123.5888665,-0.9223439693450928,-53.51033401489258,106.22952270507812,2.910003662109375,-37.45751953125,64.49327087402344,-1.1615606546401978,-35.71001052856445,66.57125854492188,0.47250449657440186,-58.32434844970703,105.60797882080078
1711476123.5990152,-0.8943751454353333,-49.738773345947266,104.98373413085938,2.9334402084350586,-37.557830810546875,64.25357818603516,-1.2660918235778809,-35.78266906738281,66.4323501586914,0.5651607513427734,-55.14668655395508,105.11282348632812
1711476123.6089125,-0.8623439073562622,-45.96064758300781,102.55843353271484,2.9400038719177246,-37.69657897949219,64.06388854980469,-1.3332792520523071,-35.83750915527344,66.35047912597656,0.6515670418739319,-51.378562927246094,103.69345092773438
1711476123.6188939,-0.8428126573562622,-41.91299057006836,98.99452209472656,2.9721903800964355,-37.94111251831055,63.88529968261719,-1.3709354400634766,-35.952980041503906,66.29766082763672,0.7064107656478882,-47.484188079833984,101.2159423828125
1711476123.6288633,-0.7714062929153442,-38.219242095947266,94.76187133789062,2.9800033569335938,-38.12533187866211,63.71107864379883,-1.4474982023239136,-36.05907440185547,66.23047637939453,0.7400045394897461,-43.51449966430664,97.57485961914062
1711476123.6388698,-0.7214065194129944,-34.733619689941406,89.45327758789062,2.9800033569335938,-38.44205093383789,63.55748748779297,-1.5085917711257935,-36.255638122558594,66.21328735351562,0.7187545299530029,-39.575439453125,92.806884765625
1711476123.648892,-0.6635938882827759,-31.63549041748047,83.70030212402344,3.086097240447998,-38.75814437866211,63.39952087402344,-1.5653107166290283,-36.607200622558594,66.21235656738281,0.7067232728004456,-36.140438079833984,87.48516082763672
1711476123.6587982,-0.6012502312660217,-28.78470802307129,77.16577911376953,3.222348690032959,-39.17642593383789,63.25373840332031,-1.6359355449676514,-36.915016174316406,66.22953796386719,0.6231294870376587,-32.89137268066406,81.56954193115234
1711476123.6688483,-0.5201565027236938,-26.738929748535156,71.50686645507812,3.4200048446655273,-39.62861633300781,63.11936569213867,-1.6385918855667114,-37.237667083740234,66.22750854492188,0.5932857990264893,-30.15434455871582,75.51313781738281
1711476123.6788027,-0.4117189347743988,-25.4547119140625,68.40592956542969,3.5631299018859863,-39.9240837097168,63.09280014038086,-1.6928106546401978,-37.63735580444336,66.22750854492188,0.7101607918739319,-28.910905838012695,72.52313995361328
1711476123.688866,-0.8240628242492676,-24.730804443359375,66.7489013671875,3.4846901893615723,-39.92751693725586,63.13233184814453,-1.5985918045043945,-37.83110427856445,66.01876068115234,0.8732857704162598,-28.443092346191406,71.4793930053711
1711476123.6988776,-1.2010937929153442,-24.479398727416992,65.78623962402344,3.3040666580200195,-39.84751892089844,62.78155517578125,-1.8323419094085693,-37.64032745361328,65.40048217773438,0.7085983157157898,-27.731843948364258,70.06751251220703
1711476123.708847,-1.5415626764297485,-24.65455436706543,65.27483367919922,3.0842232704162598,-39.72017288208008,62.38405227661133,-1.9937479496002197,-37.435951232910156,64.502197265625,0.4250044822692871,-27.114187240600586,68.70563507080078
1711476123.7188275,-1.6682815551757812,-25.09611701965332,65.23530578613281,2.7312541007995605,-39.65939712524414,61.92873764038086,-2.24515438079834,-37.27360534667969,63.79798126220703,0.14547325670719147,-26.66215705871582,67.51141357421875
1711476123.7288902,-1.4495313167572021,-25.52611541748047,65.40046691894531,2.381253242492676,-39.650177001953125,61.37826919555664,-2.4362480640411377,-37.20469665527344,63.166259765625,0.011879500932991505,-26.39387321472168,66.54297637939453
1711476123.7388792,-1.4806252717971802,-25.904865264892578,65.34170532226562,2.1334409713745117,-39.76611328125,60.880615234375,-2.609841823577881,-37.34172821044922,62.73860549926758,-0.17233926057815552,-26.37481117248535,65.91516876220703
1711476123.7488492,-1.8201565742492676,-26.30423927307129,65.18312072753906,2.0275044441223145,-40.02330017089844,60.39670944213867,-2.6770293712615967,-37.61001205444336,62.28422546386719,-0.24093300104141235,-26.60012435913086,65.64641571044922
1711476123.7588716,-1.800468921661377,-26.713462829589844,65.05343627929688,2.0015668869018555,-40.41658401489258,60.00905227661133,-2.5840604305267334,-38.02641677856445,61.92298126220703,-0.17062050104141235,-26.99903106689453,65.58313751220703
1711476123.7688618,-1.609531283378601,-27.005332946777344,64.96890258789062,2.005629539489746,-40.89579772949219,59.57561492919922,-2.511404514312744,-38.42219924926758,61.44844436645508,-0.0840580016374588,-27.64387321472168,65.71438598632812
1711476123.778851,-1.3520314693450928,-27.319555282592773,64.95484161376953,2.091097831726074,-41.31236267089844,59.25311279296875,-2.3195295333862305,-38.970481872558594,61.13969421386719,0.07234826683998108,-28.31918716430664,65.86688232421875
1711476123.7888913,-1.192343831062317,-27.635961532592773,64.95484161376953,2.1000027656555176,-41.70845413208008,58.88655090332031,-2.1459357738494873,-39.501731872558594,60.83876037597656,0.22719202935695648,-28.967939376831055,65.92047882080078
1711476123.7988405,-1.192343831062317,-28.097209930419922,64.95484161376953,2.102503776550293,-42.02783203125,58.54217529296875,-1.9954668283462524,-40.052513122558594,60.51156997680664,0.3184420168399811,-29.52559471130371,65.89563751220703
1711476123.8088617,-1.2675002813339233,-28.87470817565918,65.14155578613281,2.1200037002563477,-42.407989501953125,58.23124313354492,-1.8074980974197388,-40.57954406738281,60.16531753540039,0.39578577876091003,-30.020748138427734,65.79141235351562
1711476123.8188174,-1.3295313119888306,-29.66423797607422,65.26280212402344,2.1200037002563477,-42.83798599243164,57.87139892578125,-1.6223418712615967,-41.05001449584961,59.76485061645508,0.5160982608795166,-30.519813537597656,65.61282348632812
1711476123.8289032,-1.3943753242492676,-30.47970962524414,65.3215560913086,2.1200037002563477,-43.249393463134766,57.57780075073242,-1.430310606956482,-41.538604736328125,59.28266906738281,0.6765671372413635,-30.99809455871582,65.46688079833984
1711476123.838813,-1.4481252431869507,-31.26799201965332,65.33248901367188,2.1200037002563477,-43.72829818725586,57.20702362060547,-1.2290606498718262,-42.0172004699707,58.74220275878906,0.8075045943260193,-31.493247985839844,65.33828735351562
1711476123.8488955,-1.5178126096725464,-32.023460388183594,65.26483917236328,2.142815589904785,-44.17970657348633,56.77030563354492,-1.008904218673706,-42.57829666137695,58.11000442504883,0.9700046181678772,-31.952157974243164,65.16751098632812
1711476123.8588026,-1.5640625953674316,-32.84736633300781,65.17140197753906,2.160003185272217,-44.87955093383789,56.54827117919922,-0.759216845035553,-43.17313766479492,57.53422546386719,1.1559420824050903,-32.47356033325195,65.00782012939453
1711476123.868889,-1.5981251001358032,-33.61674118041992,65.03687286376953,2.1710968017578125,-46.069393157958984,57.50654983520508,-0.5882793664932251,-44.09220504760742,57.26609802246094,1.2934420108795166,-33.009029388427734,64.88282012939453
1711476123.8788812,-1.6500002145767212,-34.427364349365234,64.85389709472656,2.029848098754883,-47.95517349243164,59.22811508178711,-0.33249810338020325,-45.95344924926758,58.79250717163086,1.4354732036590576,-33.620750427246094,64.66641235351562
1711476123.8889656,-1.7926565408706665,-35.308773040771484,64.79312133789062,1.796252727508545,-51.013614654541016,62.50014114379883,-0.07281064987182617,-49.18125915527344,60.752197265625,1.6340670585632324,-34.250125885009766,64.51437377929688
1711476123.8988578,-2.109375238418579,-36.38752365112305,65.05187225341797,1.5745353698730469,-54.69892501831055,66.81108093261719,0.204533189535141,-53.49891662597656,63.72297668457031,1.8182858228683472,-34.9515266418457,64.53939056396484
1711476123.9089262,-2.4100003242492676,-37.517051696777344,65.50421142578125,1.3507843017578125,-58.54611587524414,71.37873840332031,0.3309394419193268,-58.25126647949219,67.76797485351562,1.8923481702804565,-35.80356216430664,64.7643814086914
1711476123.9188454,-2.6742188930511475,-38.57533264160156,66.05062103271484,1.2432861328125,-61.90579605102539,75.71358489990234,0.46750184893608093,-62.68939208984375,71.62906646728516,2.1206295490264893,-36.61528015136719,65.08031463623047
1711476123.9289274,-2.8923439979553223,-39.509239196777344,66.59249877929688,1.3306283950805664,-64.69611358642578,79.56217193603516,0.540939450263977,-66.44923400878906,75.74703979492188,2.2825045585632324,-37.22184371948242,65.28421783447266
1711476123.9388812,-3.109687566757202,-40.366432189941406,67.0345230102539,1.5410971641540527,-67.0868911743164,83.58999633789062,0.4834393858909607,-69.107666015625,80.08704376220703,2.562817096710205,-37.63168716430664,65.47673034667969
1711476123.9488604,-3.18890643119812,-41.110958099365234,67.40921020507812,1.6090655326843262,-68.74173736572266,87.12014770507812,0.4643769860267639,-71.42157745361328,83.9518814086914,2.861098289489746,-37.91090393066406,65.5518798828125
1711476123.9588358,-3.190000057220459,-41.74252700805664,67.57546997070312,1.601879596710205,-69.60596466064453,90.61983489990234,0.46484559774398804,-72.72845458984375,87.40095520019531,3.2195355892181396,-38.12309265136719,65.58063507080078
1711476123.968882,-3.100156545639038,-42.199398040771484,67.59249877929688,1.419534683227539,-69.77689361572266,93.94296264648438,0.5501582026481628,-73.39611053466797,90.9815673828125,3.6973483562469482,-38.25199890136719,65.58000183105469
1711476123.980278,-2.946093797683716,-42.510807037353516,67.59249877929688,1.3045358657836914,-69.28595733642578,96.9220199584961,0.5575019121170044,-73.43094635009766,93.74578094482422,4.195004463195801,-38.330909729003906,65.48344421386719
1711476123.988893,-2.6710939407348633,-42.77549362182617,67.11483764648438,1.2448477745056152,-68.33142852783203,99.42044830322266,0.4884393513202667,-72.75735473632812,96.56813049316406,4.725786209106445,-38.380123138427734,65.38282775878906
1711476123.9988823,-2.446406364440918,-42.91923904418945,66.66265106201172,1.1931276321411133,-67.02174377441406,101.57264709472656,0.33281445503234863,-71.60454559326172,99.06344604492188,5.229536056518555,-38.3924674987793,65.21563720703125
1711476124.0088558,-2.0975003242492676,-43.07548904418945,66.21155548095703,1.1465668678283691,-65.27705383300781,103.31826782226562,0.09000197052955627,-69.96204376220703,101.16126251220703,5.697035789489746,-38.38996887207031,64.9987564086914
1711476124.0188973,-1.7987501621246338,-43.216896057128906,65.75765228271484,1.0401606559753418,-62.81001663208008,104.59310913085938,-0.1689043641090393,-67.98672485351562,102.62641906738281,6.1464104652404785,-38.374813079833984,64.80484771728516
1711476124.0289557,-1.5370315313339233,-43.41752243041992,65.29905700683594,0.9667229056358337,-59.95064926147461,105.19233703613281,-0.4892169237136841,-65.40391540527344,103.64907836914062,6.547660827636719,-38.356685638427734,64.4898452758789
1711476124.0388107,-1.2685940265655518,-43.676429748535156,64.91858673095703,0.9409404397010803,-56.545799255371094,105.09998321533203,-0.6932793855667114,-62.53829574584961,104.07501220703125,6.862192153930664,-38.328250885009766,64.21095275878906
1711476124.048944,-1.1306252479553223,-43.83237075805664,64.54405975341797,0.9148479104042053,-52.958770751953125,104.22030639648438,-0.8417168259620667,-59.09782409667969,103.7350082397461,7.128129959106445,-38.31481170654297,63.91954040527344
1711476124.0588164,-1.020781397819519,-44.0378303527832,64.20906066894531,0.9148479104042053,-49.22908020019531,102.56436157226562,-0.8651542663574219,-55.3437614440918,102.48672485351562,7.344535827636719,-38.378562927246094,63.65922546386719
1711476124.0689423,-0.9514063596725464,-44.25471115112305,63.85890197753906,0.9026599526405334,-45.48845672607422,100.1846694946289,-0.8528104424476624,-51.65595245361328,100.05610656738281,7.496879577636719,-38.46512222290039,63.44485092163086
1711476124.078895,-0.9323439002037048,-44.5686149597168,63.56202697753906,0.8734416961669922,-41.61033248901367,96.44092559814453,-0.7804667949676514,-47.4056396484375,97.13453674316406,7.545473098754883,-38.62012481689453,63.25188446044922
1711476124.0889437,-1.0185939073562622,-44.86189651489258,63.27452850341797,0.8248472213745117,-38.58330154418945,92.36888885498047,-0.7959356904029846,-43.437198638916016,92.99407196044922,7.56703519821167,-38.90043640136719,63.12485885620117
1711476124.1002827,-1.2026562690734863,-45.29549026489258,62.99233627319336,0.8401608467102051,-37.77361297607422,89.12248229980469,-0.8304667472839355,-39.7281379699707,88.217041015625,7.385160446166992,-39.33871841430664,63.07344436645508
1711476124.108926,-1.4734375476837158,-45.81095886230469,62.58077621459961,1.0203170776367188,-37.0690803527832,85.56514739990234,-1.0270295143127441,-36.3995475769043,82.0132827758789,6.990629196166992,-39.89496994018555,62.93626022338867
1711476124.1188126,-1.9056252241134644,-46.30424118041992,61.93312072753906,0.9709405899047852,-36.42267990112305,81.26295471191406,-1.2793731689453125,-33.74657440185547,74.94782257080078,6.3218793869018555,-40.38887405395508,62.56953811645508
1711476124.1289034,-2.4614062309265137,-46.77924346923828,61.05999755859375,0.8312535285949707,-35.53361511230469,77.17342376708984,-1.534373164176941,-31.59376335144043,69.68328857421875,5.51516056060791,-40.942626953125,62.07188415527344
1711476124.1389036,-3.12109375,-47.1539306640625,60.03577423095703,0.24578571319580078,-34.458457946777344,73.51873779296875,-1.7145293951034546,-30.38751220703125,66.67422485351562,4.46703577041626,-41.59981155395508,61.54250717163086
1711476124.1488802,-3.9093751907348633,-47.30564880371094,59.27764892578125,-0.6757783889770508,-33.39986038208008,70.16764068603516,-2.229372978210449,-31.36766815185547,66.87016296386719,3.6854732036590576,-42.335594177246094,60.96923065185547
1711476124.1588962,-4.267812728881836,-46.77658462524414,59.04405212402344,-1.348433494567871,-32.41783142089844,67.80733489990234,-2.999685764312744,-31.900482177734375,66.85970306396484,2.6490671634674072,-42.93777847290039,60.5323486328125
1711476124.168917,-4.251093864440918,-45.84736633300781,59.02671432495117,-1.7645263671875,-31.75345802307129,66.50436401367188,-3.497498035430908,-31.884857177734375,66.361572265625,2.169379472732544,-43.08012390136719,60.00767135620117
1711476124.1789174,-3.849843740463257,-44.38564682006836,59.150146484375,-2.1599960327148438,-31.479082107543945,65.79654693603516,-3.5260915756225586,-31.607200622558594,65.38297271728516,1.9382858276367188,-42.96480941772461,59.63266372680664
1711476124.1890419,-2.9209375381469727,-42.819400787353516,59.14593505859375,-2.3535895347595215,-31.271270751953125,65.24139404296875,-3.3823418617248535,-31.09016990661621,64.2945327758789,1.4734419584274292,-42.99262619018555,59.38125228881836
1711476124.1988952,-2.0006251335144043,-41.578617095947266,59.18248748779297,-2.239682674407959,-31.16002082824707,64.80921173095703,-3.026716709136963,-30.43079376220703,63.67485046386719,0.8282857537269592,-43.213722229003906,59.14094924926758
1711476124.2089255,-1.2254688739776611,-40.77705383300781,59.01076889038086,-1.965620517730713,-31.119550704956055,64.47576904296875,-2.612185478210449,-30.04298210144043,63.40094757080078,0.6396920680999756,-43.36324691772461,59.10485076904297
1711476124.2189074,-0.8546876907348633,-40.3889274597168,59.01076889038086,-1.790621280670166,-31.072364807128906,64.33045959472656,-2.04202938079834,-29.91079330444336,63.34516906738281,0.7056295275688171,-43.5452766418457,58.98531723022461
1711476124.2289162,-0.7810938358306885,-40.328147888183594,58.62327575683594,-1.6985893249511719,-31.072364807128906,64.20248413085938,-1.5718731880187988,-29.87297821044922,63.27235412597656,0.6198482513427734,-43.72590637207031,58.90391159057617
1711476124.2389023,-0.9142190217971802,-40.50924301147461,58.33327102661133,-1.5634346008300781,-31.14486312866211,64.19483184814453,-1.3796857595443726,-29.884077072143555,63.26235580444336,0.563910722732544,-43.97637176513672,58.90484619140625
1711476124.2488773,-0.9964063167572021,-40.75564956665039,57.99639892578125,-1.4698410034179688,-31.228145599365234,64.28795623779297,-1.229841709136963,-30.040950775146484,63.51173400878906,0.3781294822692871,-44.2299690246582,58.93173599243164
1711476124.2589054,-1.0892188549041748,-40.996273040771484,57.68515396118164,-1.4482784271240234,-31.35939598083496,64.52420043945312,-1.4445292949676514,-30.084543228149414,63.81516647338867,0.14297324419021606,-44.3935661315918,58.98235321044922
1711476124.2690604,-1.0254690647125244,-41.36611557006836,57.71639633178711,-1.4435911178588867,-31.508304595947266,64.86717224121094,-1.673748254776001,-30.120012283325195,64.236572265625,-0.15358924865722656,-44.601688385009766,58.98375701904297
1711476124.2792664,-0.9217190146446228,-41.36611557006836,57.71639633178711,-1.4271831512451172,-31.68798828125,65.31561279296875,-1.900623083114624,-30.186262130737305,64.6217269897461,-0.4182767868041992,-44.63246536254883,58.9503173828125
1711476124.2889035,-1.2040627002716064,-42.17626953125,58.5262451171875,-1.419997215270996,-31.94908332824707,65.66514587402344,-2.072810411453247,-30.31360626220703,65.03562927246094,-0.5834330320358276,-44.66606140136719,58.83251190185547
1711476124.298842,-1.36984384059906,-42.3240852355957,58.65249252319336,-1.419997215270996,-32.27674102783203,65.92264556884766,-2.296873092651367,-30.487979888916016,65.30844116210938,-0.6889017224311829,-44.824031829833984,58.7940673828125
1711476124.308907,-1.2876564264297485,-42.34518051147461,58.49390411376953,-1.3321828842163086,-32.47517395019531,66.05342864990234,-2.3762481212615967,-30.62641716003418,65.5093765258789,-0.7029643058776855,-45.172157287597656,58.82063293457031
1711476124.318833,-1.253593921661377,-42.57596206665039,58.24624252319336,-1.2535905838012695,-32.68095779418945,66.03201293945312,-2.383904457092285,-30.76439094543457,65.54438781738281,-0.7099955081939697,-45.47340393066406,58.82344436645508
1711476124.3289275,-1.1543750762939453,-43.62721252441406,59.84483337402344,-1.1574959754943848,-32.798301696777344,65.8399887084961,-2.3851542472839355,-30.924076080322266,65.53907012939453,-0.6831205487251282,-46.19715881347656,59.12095260620117
1711476124.338906,-0.8384376764297485,-45.92533874511719,62.21968078613281,-1.1087465286254883,-32.94267654418945,65.4592056274414,-2.398435354232788,-31.060482025146484,65.46172332763672,-0.8043705821037292,-47.85856246948242,60.82110595703125
1711476124.3490222,-0.5684377551078796,-49.23517990112305,65.8313980102539,-0.9329652786254883,-33.257049560546875,65.1451416015625,-2.4953107833862305,-31.387983322143555,65.47079467773438,-0.8749954700469971,-49.953094482421875,63.66032409667969
1711476124.3589094,-0.25125011801719666,-52.9475212097168,69.66732788085938,-0.7070279121398926,-33.74033737182617,65.08483123779297,-2.49515438079834,-31.932979583740234,65.74250793457031,-0.9826518297195435,-52.89918899536133,66.60297393798828
1711476124.368928,0.12609362602233887,-56.65517807006836,74.05514526367188,-0.36687135696411133,-34.39939498901367,65.25108337402344,-2.3717167377471924,-32.54391860961914,66.11969757080078,-1.0199955701828003,-56.32340621948242,70.23345184326172
1711476124.3789048,0.39874985814094543,-60.01752471923828,78.47296142578125,-0.03968477249145508,-35.02064514160156,65.47420501708984,-2.2660915851593018,-33.22016906738281,66.39938354492188,-1.0199955701828003,-59.96669006347656,74.39079284667969
1711476124.3889124,0.47828108072280884,-62.83564758300781,82.75920867919922,0.4223465919494629,-35.58720779418945,65.87202453613281,-2.13577938079834,-33.78579330444336,66.66422271728516,-1.0601518154144287,-63.28261947631836,78.5232925415039
1711476124.398857,0.241718590259552,-64.87893676757812,86.5060806274414,0.8220338821411133,-36.23720932006836,66.29139709472656,-1.9443730115890503,-34.24235534667969,66.98438262939453,-1.0599955320358276,-65.83012390136719,82.5367202758789
1711476124.408855,-0.07843762636184692,-66.38345336914062,90.06202697753906,1.1870360374450684,-36.74564743041992,66.59577178955078,-1.6759356260299683,-34.62391662597656,67.14157104492188,-1.0423393249511719,-67.77137756347656,86.27265930175781
1711476124.418954,-0.3407813608646393,-67.19627380371094,93.43405151367188,1.5632843971252441,-37.23830032348633,66.78202056884766,-1.522810459136963,-34.923919677734375,67.28797912597656,-1.0342142581939697,-69.02293395996094,89.99703979492188
1711476124.4288816,-0.3890626132488251,-67.4726791381836,96.40953063964844,1.9106292724609375,-37.59267807006836,66.87857818603516,-1.3389041423797607,-35.20360565185547,67.33782196044922,-1.0039018392562866,-69.56777954101562,93.22578430175781
1711476124.4389265,-0.37078142166137695,-66.96878051757812,99.17015075683594,2.110471725463867,-37.88408279418945,66.85232543945312,-1.2293732166290283,-35.38407897949219,67.36751556396484,-0.9909330010414124,-69.53840637207031,96.18828582763672
1711476124.4489493,-0.350625216960907,-65.8379898071289,101.66780853271484,2.3014092445373535,-38.03752136230469,66.64810943603516,-1.1187481880187988,-35.634857177734375,67.36751556396484,-0.9621829986572266,-68.84574890136719,98.85126495361328
1711476124.4588532,-0.35234391689300537,-64.22752380371094,103.638427734375,2.4567222595214844,-38.15220642089844,66.34717559814453,-1.0167169570922852,-35.76469802856445,67.33063507080078,-0.9114018678665161,-67.65152740478516,101.21188354492188
1711476124.4688482,-0.35234391689300537,-62.23455047607422,105.18155670166016,2.579221725463867,-38.208457946777344,66.0168685913086,-0.9274981021881104,-35.94907760620117,67.24141693115234,-0.826557993888855,-65.9655990600586,103.0926742553711
1711476124.4789224,-0.3651563823223114,-59.81627655029297,106.21092987060547,2.708597183227539,-38.255332946777344,65.64482879638672,-0.864216685295105,-36.09860610961914,67.09626007080078,-0.6537455320358276,-63.75309371948242,104.63188171386719
1711476124.488937,-0.39375022053718567,-57.01970672607422,106.60233306884766,2.8092217445373535,-38.28752136230469,65.23185729980469,-0.8198419213294983,-36.161888122558594,66.9079818725586,-0.5331205725669861,-61.22106170654297,105.5486068725586
1711476124.4988465,-0.4100002348423004,-53.695960998535156,106.33171081542969,2.8753161430358887,-38.32845687866211,64.86952209472656,-0.8031231164932251,-36.20032501220703,66.70781707763672,-0.4415580928325653,-58.26747131347656,105.83172607421875
1711476124.5089595,-0.4384376108646393,-49.94674301147461,105.10452270507812,2.9121923446655273,-38.36767578125,64.44967651367188,-0.790623128414154,-36.22407531738281,66.42203521728516,-0.3437455892562866,-54.98746871948242,105.38750457763672
1711476124.5188532,-0.44000014662742615,-46.20314407348633,103.12061309814453,2.949066162109375,-38.43455505371094,64.1177978515625,-0.7899981737136841,-36.29267120361328,66.25375366210938,-0.26312056183815,-51.28262710571289,104.16048431396484
1711476124.528924,-0.4221877455711365,-42.44486999511719,99.99781036376953,2.9600048065185547,-38.52595520019531,63.79514694213867,-0.7899981737136841,-36.4195442199707,66.07750701904297,-0.2504643201828003,-47.43637466430664,101.95610046386719
1711476124.5389094,-0.3812502324581146,-38.74814987182617,95.98764038085938,2.9850029945373535,-38.64111328125,63.51029968261719,-0.7899981737136841,-36.57548522949219,65.98171997070312,-0.20937056839466095,-43.48324966430664,98.40188598632812
1711476124.548945,-0.3692188858985901,-35.26877212524414,91.17389678955078,2.9900026321411133,-38.85564422607422,63.23764419555664,-0.8179667592048645,-36.759857177734375,65.92141723632812,-0.21968306601047516,-39.754032135009766,94.29421997070312
1711476124.5588787,-0.32390639185905457,-31.98361587524414,85.0774917602539,3.0501604080200195,-39.12033462524414,63.06936264038086,-0.8354666829109192,-37.01313781738281,65.912353515625,-0.20296432077884674,-36.26403045654297,89.15064239501953
1711476124.5689235,-0.28234392404556274,-28.99970817565918,78.24686431884766,3.132035732269287,-39.42267608642578,62.90279769897461,-0.9042167663574219,-37.23423385620117,65.89797973632812,-0.2699955701828003,-33.18965530395508,84.20328521728516
1711476124.5789213,-0.41250020265579224,-26.765804290771484,72.7785873413086,3.2123470306396484,-39.46345520019531,62.98639678955078,-0.915154218673706,-37.49095153808594,65.88235473632812,-0.10249557346105576,-31.33106231689453,80.69892120361328
1711476124.5889516,-0.8484375476837158,-25.134395599365234,69.0735855102539,2.9728174209594727,-39.29033279418945,63.07046127319336,-1.0143730640411377,-37.4429817199707,65.5128173828125,-0.0035893197637051344,-30.13121795654297,78.16891479492188
1711476124.598917,-1.416406273841858,-24.398460388183594,67.12077331542969,2.5548481941223145,-38.88407897949219,62.89748764038086,-1.3467168807983398,-37.10579299926758,64.5768814086914,-0.21687057614326477,-28.68262481689453,75.70781707763672
1711476124.608945,-1.8951563835144043,-24.288616180419922,65.96733093261719,2.0150041580200195,-38.34346008300781,62.591552734375,-1.6918730735778809,-36.568138122558594,63.61813735961914,-0.6131205558776855,-27.29199981689453,73.31391143798828
1711476124.618872,-2.018125057220459,-24.53783416748047,65.34546661376953,1.4609408378601074,-37.9362678527832,62.19123840332031,-1.9770293235778809,-36.81657409667969,62.74844741821289,-1.0212454795837402,-26.31856346130371,71.14344787597656
1711476124.6289184,-1.6360938549041748,-24.784399032592773,65.03968048095703,0.8453154563903809,-37.75048828125,61.84405517578125,-2.149841785430908,-37.740482330322266,61.84344482421875,-1.3849955797195435,-25.407468795776367,69.36485290527344
1711476124.6393323,-1.0082813501358032,-25.06627082824707,64.85452270507812,0.30469179153442383,-37.69236755371094,61.61858367919922,-2.225154161453247,-38.970794677734375,60.83797836303711,-1.7315582036972046,-24.761686325073242,68.06360626220703
1711476124.6488502,-0.2882814407348633,-25.367835998535156,64.81311798095703,-0.006089210510253906,-37.82673645019531,61.43779754638672,-2.165310859680176,-40.57266616821289,59.77391815185547,-2.0637454986572266,-24.39434242248535,67.18297576904297
1711476124.658919,0.24906232953071594,-25.75798988342285,64.81483459472656,-0.17437219619750977,-38.0334587097168,61.30702209472656,-1.9793730974197388,-42.19204330444336,58.79328918457031,-2.2857770919799805,-24.26043701171875,66.6139144897461
1711476124.668937,0.6203123331069946,-26.153459548950195,64.81483459472656,-0.4303097724914551,-38.35595703125,61.21295928955078,-1.7357792854309082,-43.76876449584961,57.88157272338867,-2.4149956703186035,-24.383094787597656,66.36282348632812
1711476124.6789284,0.6476561427116394,-26.49877166748047,64.84061431884766,-0.6914019584655762,-38.75986862182617,61.09248733520508,-1.6687480211257935,-45.097198486328125,57.57000732421875,-2.6017143726348877,-24.721532821655273,66.365478515625
1711476124.688941,0.48359358310699463,-26.88158416748047,64.9242172241211,-0.8893703818321228,-39.2639274597168,60.96280288696289,-1.7260918617248535,-45.75407409667969,57.63531494140625,-2.6806209087371826,-25.195281982421875,66.54031372070312
1711476124.6988633,0.2759373188018799,-27.583770751953125,65.18109130859375,-0.9596847891807556,-39.786739349365234,60.90045928955078,-1.7498419284820557,-46.427669525146484,57.73923110961914,-2.6482770442962646,-25.719810485839844,66.88703918457031
1711476124.708857,0.07218733429908752,-28.195648193359375,65.39827728271484,-0.9651517868041992,-40.296897888183594,60.84733200073242,-1.7042168378829956,-46.99142074584961,57.72719192504883,-2.608120918273926,-26.308250427246094,67.21453857421875
1711476124.7189207,0.039843618869781494,-28.746429443359375,65.54045867919922,-0.9651517868041992,-40.72970962524414,60.75889587402344,-1.6840606927871704,-47.388607025146484,57.537353515625,-2.572808265686035,-26.988248825073242,67.50157165527344
1711476124.7289286,-0.03250017762184143,-29.269866943359375,65.57968139648438,-0.9399963021278381,-41.072364807128906,60.49623489379883,-1.6209355592727661,-47.71532440185547,57.15547561645508,-2.489839553833008,-27.64278221130371,67.6803207397461
1711476124.7389233,-0.0735938549041748,-29.80439567565918,65.49093627929688,-0.9199953079223633,-41.338924407958984,60.02186965942383,-1.5042167901992798,-48.04954528808594,56.69219970703125,-2.3734331130981445,-28.161842346191406,67.74032592773438
1711476124.7489305,-0.10265648365020752,-30.33517837524414,65.36077117919922,-0.9199953079223633,-41.579551696777344,59.32093048095703,-1.3889044523239136,-48.350948333740234,56.20500564575195,-2.2712457180023193,-28.660749435424805,67.68173217773438
1711476124.7588944,-0.14781266450881958,-30.89470672607422,65.36077117919922,-0.9303092956542969,-41.77236557006836,58.56983184814453,-1.3062480688095093,-48.633766174316406,55.66969680786133,-2.1942145824432373,-29.20121955871582,67.51907348632812
1711476124.7688937,-0.19937515258789062,-31.390647888183594,65.10921478271484,-0.9351516366004944,-42.152835845947266,57.98874282836914,-1.2478107213974,-48.8253288269043,55.054073333740234,-2.1443707942962646,-29.71731185913086,67.29469299316406
1711476124.778923,-0.20812511444091797,-31.700958251953125,65.0177993774414,-0.9606218338012695,-43.025333404541016,58.09998321533203,-1.179373025894165,-49.41907501220703,54.76485061645508,-2.09812068939209,-30.26465606689453,67.05594635009766
1711476124.7889428,-0.24718761444091797,-31.835805892944336,64.93577575683594,-0.975153386592865,-44.80955123901367,59.38279724121094,-1.0748419761657715,-50.818607330322266,56.29844665527344,-2.029995918273926,-30.81230926513672,66.86235046386719
1711476124.7989295,-0.3996877372264862,-32.017208099365234,64.91483306884766,-0.8695268630981445,-48.439083099365234,62.25999069213867,-0.7064043283462524,-52.887359619140625,59.17579650878906,-1.8823394775390625,-31.37449836730957,66.76063537597656
1711476124.808858,-0.6853127479553223,-32.73143005371094,65.27342987060547,-0.23593425750732422,-52.90205001831055,66.23420715332031,-0.33640429377555847,-55.41267013549805,63.17673110961914,-1.68280827999115,-31.92012596130371,66.73484802246094
1711476124.818878,-1.0425001382827759,-33.65251922607422,65.27342987060547,0.7554721832275391,-57.23892593383789,70.50466918945312,0.006408244371414185,-58.48641586303711,67.40219116210938,-1.6023396253585815,-32.56559371948242,66.8689193725586
1711476124.8289332,-1.2395312786102295,-34.65908432006836,66.67155456542969,1.6190671920776367,-61.08111572265625,74.63420867919922,0.29218941926956177,-61.82063674926758,71.9190673828125,-1.546245813369751,-33.118247985839844,66.94938659667969
1711476124.8389297,-1.4420315027236938,-35.64424133300781,67.43702697753906,2.208285331726074,-64.44580078125,78.68357849121094,0.27422070503234863,-64.8040771484375,76.6846923828125,-1.371714472770691,-33.67465591430664,67.01564025878906
1711476124.848964,-1.684843897819519,-36.56267547607422,68.03999328613281,2.480785846710205,-67.1031494140625,82.49467468261719,0.16265824437141418,-67.74439239501953,80.72406768798828,-1.1574957370758057,-34.17090606689453,67.09000396728516
1711476124.8589277,-1.8140625953674316,-37.33189392089844,68.42343139648438,2.635471820831299,-68.96267700195312,86.24889373779297,0.16484573483467102,-69.80126190185547,84.41594696044922,-0.9674957990646362,-34.60309600830078,67.20626068115234
1711476124.8689,-1.820000171661377,-37.88158416748047,68.50780487060547,2.7493786811828613,-69.97642517089844,89.91233825683594,0.21031439304351807,-71.1482925415039,88.24501037597656,-0.6099958419799805,-35.03059387207031,67.32454681396484
1711476124.878868,-1.7754689455032349,-38.365020751953125,68.45968627929688,2.8618788719177246,-70.24986267089844,93.21170806884766,0.2621893584728241,-71.97344970703125,91.2550048828125,-0.23405830562114716,-35.34184265136719,67.35688018798828
1711476124.8889382,-1.6878128051757812,-38.77627182006836,68.24140167236328,2.8600049018859863,-69.95924377441406,96.107177734375,0.26000186800956726,-71.9736099243164,94.35657501220703,0.20187921822071075,-35.661529541015625,67.36001586914062
1711476124.898932,-1.5129687786102295,-39.03033447265625,67.93702697753906,2.837502956390381,-69.20001983642578,98.72264862060547,0.1442207396030426,-71.43907165527344,97.19718933105469,0.6600043177604675,-35.835750579833984,67.27828979492188
1711476124.9089017,-1.2104690074920654,-39.34580612182617,67.4642105102539,2.7642226219177246,-67.94049072265625,100.95514678955078,0.024064481258392334,-70.37892150878906,99.86969757080078,1.1854729652404785,-36.04949951171875,67.12860107421875
1711476124.9189346,-0.9792187809944153,-39.54705047607422,66.98280334472656,2.7048468589782715,-66.04424285888672,102.8712387084961,-0.13577938079833984,-68.8396987915039,101.85985565185547,1.6506294012069702,-36.12480926513672,66.86906433105469
1711476124.9289436,-0.7290627360343933,-39.78548812866211,66.45905303955078,2.6848483085632324,-63.64002227783203,104.24889373779297,-0.3296855092048645,-66.88314056396484,103.48797607421875,2.1421918869018555,-36.18106460571289,66.55906677246094
1711476124.939129,-0.5529689788818359,-39.98017883300781,65.96578216552734,2.6604723930358887,-60.81471252441406,104.98858642578125,-0.49015432596206665,-64.58251190185547,104.60953521728516,2.5796918869018555,-36.25168991088867,66.18079376220703
1711476124.9489887,-0.35234391689300537,-40.20642852783203,65.47327423095703,2.590627670288086,-57.72142791748047,105.09701538085938,-0.6099981069564819,-61.63782501220703,105.12720489501953,2.9668796062469482,-36.3002815246582,65.84453582763672
1711476124.9589367,-0.23671895265579224,-40.43846130371094,65.0324935913086,2.4914097785949707,-54.279083251953125,104.37748718261719,-0.7398417592048645,-58.51423645019531,104.81828308105469,3.3332855701446533,-36.40856170654297,65.45391082763672
1711476124.968861,-0.18640637397766113,-40.76517868041992,64.595458984375,2.402973175048828,-50.60689926147461,103.03983306884766,-0.7954668998718262,-54.91360855102539,103.55687713623047,3.692817211151123,-36.5151252746582,65.12610626220703
1711476124.9789326,-0.14640644192695618,-41.12971115112305,64.18452453613281,2.323441505432129,-46.62971115112305,100.56201934814453,-0.8451542258262634,-50.86829376220703,101.77532196044922,4.0835981369018555,-36.618404388427734,64.85954284667969
1711476124.9889588,-0.1423439383506775,-41.62783432006836,63.81702423095703,2.260315418243408,-42.66486740112305,96.80248260498047,-0.8560919761657715,-46.96860885620117,98.85734558105469,4.440004348754883,-36.789188385009766,64.57141876220703
1711476124.998974,-0.162031352519989,-42.203460693359375,63.5223388671875,2.122659683227539,-38.89314651489258,91.97154998779297,-0.8604669570922852,-43.08329772949219,95.17266082763672,4.746098518371582,-37.04731369018555,64.40298461914062
1711476125.0089564,-0.2623438835144043,-42.79142761230469,63.30686950683594,1.9498467445373535,-35.47158432006836,86.48139953613281,-0.8299979567527771,-39.26438903808594,89.99250793457031,4.975160598754883,-37.344966888427734,64.28812408447266
1711476125.0189364,-0.3695313632488251,-43.39126968383789,63.14217758178711,1.8150043487548828,-32.29689407348633,80.34170532226562,-0.8090606331825256,-35.98970031738281,83.4353256225586,5.159692287445068,-37.75153350830078,64.23001098632812
1711476125.0288763,-0.5648438930511475,-44.05955505371094,62.95733642578125,1.7350029945373535,-30.421586990356445,75.466552734375,-0.7484355568885803,-32.6009521484375,76.91423034667969,5.30063009262085,-38.191219329833984,64.20063018798828
1711476125.0388825,-0.9545314311981201,-44.83674240112305,62.74655532836914,1.894066333770752,-30.24517822265625,72.45545959472656,-0.8540606498718262,-30.26595115661621,71.5210952758789,5.281254768371582,-38.773719787597656,64.18187713623047
1711476125.0489514,-1.3160938024520874,-45.60908508300781,62.26749801635742,1.829378604888916,-29.97080421447754,70.58092498779297,-0.8974981307983398,-29.036733627319336,68.32125854492188,5.059848308563232,-39.45184326171875,64.0679702758789
1711476125.0589938,-1.8040627241134644,-46.23689651489258,61.78577423095703,1.6221904754638672,-29.65908432006836,68.56108093261719,-1.3178106546401978,-29.80891990661621,68.23079681396484,4.780629634857178,-40.05778503417969,63.65188217163086
1711476125.068964,-2.001093864440918,-46.47580337524414,61.07436752319336,1.3353157043457031,-29.29142951965332,67.14733123779297,-1.5381232500076294,-30.34954071044922,68.1189193725586,4.3846917152404785,-40.330589294433594,62.98797607421875
1711476125.07895,-2.1017186641693115,-46.25877380371094,60.20045852661133,1.002817153930664,-29.09189796447754,66.3560791015625,-1.6554667949676514,-30.60219955444336,67.61610412597656,4.2267231941223145,-40.34449768066406,61.95016860961914
1711476125.0890386,-2.0681254863739014,-45.882991790771484,59.38437271118164,0.6742215156555176,-29.068302154541016,65.8684310913086,-1.474841833114624,-30.620012283325195,66.65516662597656,4.090629577636719,-40.22903060913086,60.70391845703125
1711476125.098942,-1.8456251621246338,-45.19111633300781,59.05655288696289,0.5245351791381836,-29.14830207824707,65.4688949584961,-1.3184356689453125,-30.39548110961914,65.67422485351562,3.767817258834839,-40.8729362487793,59.38141632080078
1711476125.1089709,-1.6646876335144043,-44.389869689941406,58.75014877319336,0.592191219329834,-29.31642723083496,65.21795654296875,-1.184529423713684,-30.18360710144043,64.83297729492188,3.171566963195801,-42.13871765136719,58.11688232421875
1711476125.1188776,-1.5626565217971802,-43.81502151489258,58.54014587402344,0.6815671920776367,-29.51533317565918,65.08670806884766,-1.0082793235778809,-30.03594970703125,64.24125671386719,2.5590670108795166,-43.617000579833984,57.29048156738281
1711476125.1289494,-1.5523439645767212,-43.44814682006836,58.29202651977539,0.8479714393615723,-29.785648345947266,65.03482818603516,-0.8256229758262634,-30.03235626220703,63.88094711303711,2.0996921062469482,-44.72137451171875,56.780479431152344
1711476125.1389475,-1.6481250524520874,-43.45970916748047,58.04655456542969,1.0012531280517578,-30.056739807128906,65.03482818603516,-0.7818731665611267,-30.081106185913086,63.75188446044922,1.8760981559753418,-45.4995002746582,56.36453628540039
1711476125.1488814,-1.6412502527236938,-43.70877456665039,57.94405746459961,1.113286018371582,-30.450021743774414,65.04718017578125,-0.7799980044364929,-30.306575775146484,63.74297332763672,1.7896921634674072,-45.992313385009766,56.1004753112793
1711476125.1588666,-1.5614066123962402,-44.020957946777344,57.81452941894531,1.249847412109375,-30.86986541748047,65.13357543945312,-0.7481229305267334,-30.763763427734375,64.05594635009766,1.7665671110153198,-46.29747009277344,55.80188751220703
1711476125.1689632,-1.5623438358306885,-44.31767654418945,57.72327423095703,1.4292216300964355,-31.353145599365234,65.25529479980469,-0.7190605998039246,-31.261104583740234,64.44235229492188,1.7078169584274292,-46.57496643066406,55.5406379699707
1711476125.1789808,-1.52218759059906,-44.64923858642578,57.62202453613281,1.6003155708312988,-31.84642791748047,65.3956069946289,-0.7199981808662415,-31.86673355102539,64.83110046386719,1.5946919918060303,-46.77012634277344,55.26313781738281
1711476125.1889534,-1.3829690217971802,-44.84111785888672,57.48046112060547,1.8314099311828613,-32.40095901489258,65.59639739990234,-0.6784355640411377,-32.36813735961914,65.2359390258789,1.4751607179641724,-47.02090835571289,54.99516296386719
1711476125.198958,-1.2520313262939453,-45.03111267089844,57.2332763671875,2.02406644821167,-32.87939453125,65.79186248779297,-0.6365606188774109,-32.8292350769043,65.60563659667969,1.5685982704162598,-47.57012176513672,55.05563735961914
1711476125.2089314,-1.2082815170288086,-45.11627197265625,57.12108612060547,2.134377956390381,-33.23955154418945,66.00311279296875,-0.5096855759620667,-33.265167236328125,65.8678207397461,1.651410698890686,-47.85715866088867,55.0970344543457
1711476125.2189534,-1.1137499809265137,-45.22892761230469,56.95718002319336,2.2365665435791016,-33.39345932006836,66.03998565673828,-0.47952932119369507,-33.42048263549805,65.95797729492188,1.6551607847213745,-48.063873291015625,54.98219299316406
1711476125.2289538,-1.0020315647125244,-45.6393928527832,56.90843200683594,2.310159206390381,-33.55783462524414,65.92874145507812,-0.44796672463417053,-33.58079528808594,65.95750427246094,1.6551607847213745,-48.10762405395508,54.77641296386719
1711476125.2394404,-0.8600002527236938,-45.6393928527832,56.90843200683594,2.3518776893615723,-33.7008056640625,65.700927734375,-0.44999805092811584,-33.75469970703125,65.95750427246094,1.6225045919418335,-48.45309066772461,54.59376525878906
1711476125.248956,-0.6871876120567322,-48.31877136230469,60.81296157836914,2.3475027084350586,-33.871116638183594,65.3957748413086,-0.5267168879508972,-33.93454360961914,65.95750427246094,1.5062545537948608,-49.66903305053711,56.35813903808594
1711476125.258951,-0.5020314455032349,-50.78392791748047,64.52046966552734,2.324848175048828,-34.12236404418945,65.18905639648438,-0.6664043664932251,-34.20719909667969,66.03157043457031,1.186723232269287,-51.939029693603516,59.76688766479492
1711476125.2688792,-0.5881251096725464,-53.77096176147461,68.82780456542969,2.460002899169922,-34.41439437866211,65.22154998779297,-0.705935537815094,-34.58750915527344,66.25923156738281,0.9164107441902161,-54.62434387207031,63.71907424926758
1711476125.278885,-0.8000001311302185,-57.21002197265625,73.27796173095703,2.5568795204162598,-34.85627365112305,65.37529754638672,-0.7226544618606567,-34.99516677856445,66.47782135009766,0.6698482036590576,-57.83074951171875,68.25984954833984
1711476125.2889588,-0.8400002121925354,-60.47174072265625,77.7449951171875,2.7171921730041504,-35.281585693359375,65.70374298095703,-0.7382792234420776,-35.22391891479492,66.66344451904297,0.528754472732544,-61.09199905395508,72.65719604492188
1711476125.2989552,-0.9595313668251038,-63.26548767089844,77.7449951171875,2.908909320831299,-35.677520751953125,66.0520248413086,-0.7832792401313782,-35.308448791503906,66.85188293457031,0.5715669989585876,-64.19075012207031,76.98001098632812
1711476125.3089573,-1.078125238418579,-65.49267578125,85.62765502929688,3.041565418243408,-36.02392578125,66.35045623779297,-0.8470293879508972,-35.4642333984375,66.96172332763672,0.6564107537269592,-66.57465362548828,80.72734832763672
1711476125.3189702,-1.2079689502716064,-67.06471252441406,89.16389465332031,3.150160312652588,-36.26877212524414,66.53030395507812,-0.9159356355667114,-35.521419525146484,67.00328826904297,0.6954732537269592,-68.79386901855469,85.09860229492188
1711476125.328975,-1.3281253576278687,-68.02361297607422,92.47764587402344,3.2967233657836914,-36.4256477355957,66.56170654296875,-1.0162482261657715,-35.54001235961914,67.04751586914062,0.7256295680999756,-70.13137817382812,88.54391479492188
1711476125.3389816,-1.3550001382827759,-68.2168960571289,95.63045501708984,3.370940685272217,-36.509395599365234,66.5285873413086,-1.2415605783462524,-35.50172805786133,67.04751586914062,0.746254563331604,-70.864501953125,91.9803237915039
1711476125.3489196,-1.380000114440918,-67.77533721923828,98.44796752929688,3.380002975463867,-36.54939651489258,66.41780090332031,-1.4054667949676514,-35.49235534667969,67.0357894897461,0.8551608324050903,-70.99075317382812,95.00016784667969
1711476125.3588884,-1.377500295639038,-66.78314971923828,98.44796752929688,3.3706283569335938,-36.54939651489258,66.41780090332031,-1.6201543807983398,-35.41407775878906,67.01891326904297,0.9289107918739319,-70.48246765136719,97.8045425415039
1711476125.368976,-1.32687509059906,-65.35283660888672,103.09656524658203,3.3548474311828613,-36.58142852783203,65.9376449584961,-1.8481230735778809,-35.39813995361328,66.96204376220703,1.050785779953003,-69.39153289794922,100.19329071044922
1711476125.3789842,-1.3123440742492676,-63.59471130371094,104.67749786376953,3.3478164672851562,-36.59751892089844,65.61561584472656,-2.0424981117248535,-35.28719711303711,66.90766143798828,1.1806294918060303,-67.80512237548828,102.28939056396484
1711476125.3889663,-1.3123440742492676,-61.28236770629883,105.84046173095703,3.3348464965820312,-36.6550178527832,65.32951354980469,-2.314373016357422,-35.252357482910156,66.85501098632812,1.285317063331604,-65.89278411865234,103.84016418457031
1711476125.3989644,-1.3123440742492676,-58.38564682006836,106.39874267578125,3.3348464965820312,-36.75189971923828,65.095458984375,-2.4948418140411377,-35.22657775878906,66.77969360351562,1.365942120552063,-63.47965621948242,104.86156463623047
1711476125.409142,-1.3217189311981201,-55.031429290771484,106.1703109741211,3.360004425048828,-36.92080307006836,64.85202026367188,-2.7221856117248535,-35.22235870361328,66.70235443115234,1.4421920776367188,-60.63309097290039,105.33641815185547
1711476125.4189322,-1.3300001621246338,-51.36220932006836,105.25812530517578,3.3882856369018555,-37.08642578125,64.60452270507812,-2.8607795238494873,-35.21860885620117,66.59844207763672,1.5414109230041504,-57.29059600830078,105.1237564086914
1711476125.4289658,-1.2815626859664917,-47.636741638183594,103.35233306884766,3.436098098754883,-37.32736587524414,64.42420959472656,-2.99515438079834,-35.25438690185547,66.50094604492188,1.5723482370376587,-53.54199981689453,104.0486068725586
1711476125.4389846,-1.2312501668930054,-43.30392837524414,99.05967712402344,3.455941677093506,-37.961429595947266,63.89124298095703,-3.1306231021881104,-35.32782745361328,66.46109771728516,1.5951608419418335,-49.62090301513672,101.8426742553711
1711476125.4489834,-1.1229687929153442,-38.80017852783203,85.60499572753906,3.5698482990264893,-38.39627456665039,63.66717529296875,-3.211716890335083,-36.01219940185547,65.93219757080078,1.578129529953003,-45.03825378417969,96.64891815185547
1711476125.4589832,-1.0903126001358032,-36.97189712524414,77.14592742919922,3.640627861022949,-38.03564453125,64.73420715332031,-3.2760918140411377,-35.757667541503906,66.92656707763672,1.8064109086990356,-41.17277908325195,83.40845489501953
1711476125.4688857,-0.6857813596725464,-36.42658615112305,74.09687042236328,3.7201597690582275,-38.628929138183594,64.42623901367188,-3.2185919284820557,-35.76844787597656,67.3487548828125,1.432192087173462,-39.599029541015625,75.63469696044922
1711476125.478895,-0.7890626788139343,-36.12861633300781,74.09687042236328,4.092817306518555,-38.628929138183594,64.42623901367188,-3.068904161453247,-36.40095138549805,67.9089126586914,1.3043795824050903,-38.99465560913086,71.39797973632812
1711476125.4889212,-0.6253126263618469,-35.849082946777344,70.96578216552734,4.466722011566162,-39.90846252441406,64.54733276367188,-2.804373264312744,-37.10610580444336,68.19391632080078,1.3301607370376587,-39.23012161254883,69.61406707763672
1711476125.498983,-0.4979689419269562,-35.65924072265625,69.88311767578125,4.837660789489746,-40.314239501953125,64.64138793945312,-2.430466651916504,-37.464073181152344,68.11438751220703,1.7800045013427734,-39.64731216430664,69.55923461914062
1711476125.5089104,-0.18578141927719116,-35.562679290771484,69.28811645507812,5.145473480224609,-40.40939712524414,64.51951599121094,-2.0873420238494873,-37.61985778808594,67.8335952758789,2.0903170108795166,-39.922000885009766,69.349853515625
1711476125.5189834,0.11828109622001648,-35.60267639160156,69.0071792602539,5.316879749298096,-40.285491943359375,64.24467468261719,-1.9106229543685913,-37.478294372558594,67.31578826904297,2.1151609420776367,-39.942466735839844,68.8806381225586
1711476125.5291376,0.2095310389995575,-35.6990852355957,69.0071792602539,5.262033939361572,-40.090023040771484,63.94717788696289,-1.6887480020523071,-37.37751388549805,66.736572265625,2.0392234325408936,-39.78105926513672,68.21126556396484
1711476125.53897,0.17171859741210938,-35.9586181640625,68.70671081542969,5.125472545623779,-40.090023040771484,63.94717788696289,-1.607654333114624,-37.35235595703125,66.31375122070312,2.0857858657836914,-39.50480651855469,67.42125701904297
1711476125.5490093,0.13046860694885254,-36.16705322265625,68.09327697753906,4.795784950256348,-39.46971130371094,63.66482925415039,-1.6674981117248535,-37.37407302856445,65.94001007080078,2.008441925048828,-39.34371566772461,66.75797271728516
1711476125.5589864,0.046562254428863525,-36.37095642089844,67.70124816894531,4.192347526550293,-39.207679748535156,63.69186782836914,-1.5674980878829956,-37.57173156738281,65.68907165527344,1.9231295585632324,-39.28418731689453,66.26406860351562
1711476125.569067,-0.031718909740448,-36.49971008300781,67.27483367919922,3.5254716873168945,-39.21439743041992,63.68998718261719,-1.4053106307983398,-37.83626174926758,65.43907165527344,1.9200044870376587,-39.26481246948242,65.96829223632812
1711476125.5789726,-0.1643751561641693,-36.65986633300781,66.92687225341797,3.1289100646972656,-39.32423782348633,63.68998718261719,-1.2774980068206787,-38.092044830322266,65.20500183105469,2.0021920204162598,-39.336063385009766,65.81938934326172
1711476125.5889008,-0.29781267046928406,-36.89252471923828,66.6262435913086,2.9014110565185547,-39.44361877441406,63.68998718261719,-1.1795294284820557,-38.330169677734375,64.93079376220703,2.0584421157836914,-39.356998443603516,65.67078399658203
1711476125.5989487,-0.36156266927719116,-37.13267517089844,66.3821792602539,2.709066867828369,-39.51658630371094,63.68998718261719,-0.9589043855667114,-38.60688781738281,64.77281951904297,2.0910983085632324,-39.4024658203125,65.52953338623047
1711476125.608915,-0.4690626561641693,-37.39142990112305,66.18468475341797,2.460472583770752,-39.547523498535156,63.68998718261719,-0.7617169618606567,-38.892982482910156,64.52845001220703,1.9809420108795166,-39.4024658203125,65.4509506225586
1711476125.6189952,-0.6210939884185791,-37.60548782348633,66.02499389648438,2.2679734230041504,-39.39455032348633,63.68998718261719,-0.7023417949676514,-39.025325775146484,64.32078552246094,1.6837544441223145,-39.35387420654297,65.40657043457031
1711476125.6289213,-0.7818752527236938,-37.837520599365234,65.7606201171875,1.9715666770935059,-39.08549118041992,63.78764343261719,-0.5776544213294983,-39.18407440185547,64.03063201904297,1.3512545824050903,-39.28121566772461,65.40485382080078
1711476125.6389625,-0.8496877551078796,-37.946739196777344,65.53718566894531,1.6193795204162598,-38.77174377441406,63.79998779296875,-0.3489042818546295,-39.37485885620117,63.783447265625,1.0100045204162598,-39.18528366088867,65.40485382080078
1711476125.6489751,-0.9134376049041748,-38.056114196777344,65.31358337402344,1.2335968017578125,-38.496742248535156,63.85935974121094,-0.19640430808067322,-39.48704528808594,63.48860168457031,0.7667233347892761,-39.15058898925781,65.40485382080078
1711476125.6590302,-0.9684378504753113,-38.113460540771484,65.31358337402344,0.9000038504600525,-38.496742248535156,63.85935974121094,0.008126944303512573,-39.603294372558594,63.28172302246094,0.6779732704162598,-39.12449645996094,65.40485382080078
1711476125.6689422,-0.9898439049720764,-38.14736557006836,65.24593353271484,0.5687546730041504,-37.90705490112305,64.0201416015625,0.2278144657611847,-39.77626037597656,63.04829406738281,0.6800044775009155,-39.114810943603516,65.39437866210938
1711476125.67898,-0.9953125715255737,-38.203460693359375,65.24484252929688,0.24297237396240234,-37.70705032348633,64.08795928955078,0.38765817880630493,-39.917198181152344,62.98094940185547,0.6800044775009155,-39.114810943603516,65.39485168457031
1711476125.6889782,-1.000000238418579,-38.21033477783203,65.24186706542969,-0.06327629089355469,-37.55799102783203,64.13124084472656,0.4396894574165344,-39.84751510620117,62.98235321044922,0.6800044775009155,-39.13590621948242,65.39485168457031
1711476125.6989474,-0.9735939502716064,-38.24814987182617,65.23483276367188,-0.2760910987854004,-37.465335845947266,64.14373779296875,0.3012518584728241,-39.654701232910156,63.07188415527344,0.6800044775009155,-39.1424674987793,65.39485168457031
1711476125.7089343,-0.9504687786102295,-38.30611801147461,65.23483276367188,-0.47718286514282227,-37.44017791748047,64.18998718261719,0.17265811562538147,-39.388919830322266,63.07750701904297,0.700629472732544,-39.17465591430664,65.39485168457031
1711476125.7190378,-0.9337502717971802,-38.30799102783203,65.23483276367188,-0.5167150497436523,-37.44017791748047,64.18998718261719,0.11359572410583496,-39.300323486328125,63.12937927246094,0.735160768032074,-39.18246841430664,65.39485168457031
1711476125.728935,-0.9123438596725464,-38.32518005371094,65.23483276367188,-0.5151534080505371,-37.422367095947266,64.24592590332031,0.1301582157611847,-39.27235412597656,63.15766143798828,0.735160768032074,-39.19121551513672,65.39485168457031
1711476125.7389297,-0.9123438596725464,-38.32518005371094,65.23483276367188,-0.4878091812133789,-37.44861602783203,64.27279663085938,0.13000190258026123,-39.27235412597656,63.16062927246094,0.735160768032074,-39.16231155395508,65.39485168457031
1711476125.74892,-0.9348440170288086,-38.32518005371094,65.25249481201172,-0.47515153884887695,-37.44752502441406,64.31139373779297,0.13000190258026123,-39.27235412597656,63.23750686645508,0.685160756111145,-39.15481185913086,65.39485168457031
1711476125.7589464,-0.9500003457069397,-38.32518005371094,65.25249481201172,-0.4378080368041992,-37.44752502441406,64.31139373779297,0.14000192284584045,-39.25767135620117,63.30422592163086,0.6651608347892761,-39.11309051513672,65.39485168457031
1711476125.7689984,-0.9567188620567322,-38.32518005371094,65.25249481201172,-0.43093442916870117,-37.46752166748047,64.3654556274414,0.14000192284584045,-39.232513427734375,63.40219497680664,0.6651608347892761,-39.08543395996094,65.39485168457031
1711476125.778889,-0.9600001573562622,-38.355804443359375,65.25249481201172,-0.4199957847595215,-37.46752166748047,64.40545654296875,0.1148456335067749,-39.1768913269043,63.46844482421875,0.6928170323371887,-39.06309127807617,65.39485168457031
1711476125.7890174,-0.9600001573562622,-38.35517883300781,65.27249145507812,-0.4199957847595215,-37.46752166748047,64.51248168945312,0.11047065258026123,-39.135169982910156,63.51235580444336,0.7054732441902161,-39.04574966430664,65.41234588623047
1711476125.7989786,-0.9600001573562622,-38.35517883300781,65.27249145507812,-0.40796518325805664,-37.48752212524414,64.54186248779297,0.08484572172164917,-39.072513580322266,63.53266906738281,0.7223482728004456,-39.03480911254883,65.4100112915039
1711476125.8089335,-0.9600001573562622,-38.35517883300781,65.29249572753906,-0.40999650955200195,-37.497520446777344,64.56201934814453,0.08484572172164917,-39.02016830444336,63.58345031738281,0.7106295228004456,-39.01262283325195,65.4100112915039
1711476125.8189096,-0.9600001573562622,-38.35517883300781,65.29249572753906,-0.3790593147277832,-37.51814270019531,64.56201934814453,0.08484572172164917,-38.97751235961914,63.592041015625,0.700004518032074,-39.0096549987793,65.41344451904297
1711476125.829236,-0.9854689836502075,-38.35517883300781,65.29249572753906,-0.3765583038330078,-37.529083251953125,64.60436248779297,0.08484572172164917,-38.95563888549805,63.638916015625,0.6792232394218445,-38.99481201171875,65.42001342773438
1711476125.8388996,-0.9900000691413879,-38.37627029418945,65.29890441894531,-0.3249955177307129,-37.527523040771484,64.60999298095703,0.08484572172164917,-38.95235824584961,63.66532516479492,0.6800044775009155,-38.97450256347656,65.42001342773438
1711476125.8489547,-1.0187500715255737,-38.375179290771484,65.302490234375,-0.2949953079223633,-37.55314636230469,64.63248443603516,0.08484572172164917,-38.948760986328125,63.72266387939453,0.6800044775009155,-38.96480941772461,65.42578887939453
1711476125.8590057,-1.0300002098083496,-38.375179290771484,65.30514526367188,-0.24905920028686523,-37.563926696777344,64.64717864990234,0.06593942642211914,-38.94235610961914,63.79391860961914,0.6800044775009155,-38.946529388427734,65.4373550415039
1711476125.868988,-1.0337501764297485,-38.375179290771484,65.31249237060547,-0.17999649047851562,-37.563926696777344,64.64717864990234,0.06484568119049072,-38.92469787597656,63.89250946044922,0.6800044775009155,-38.94480895996094,65.44001007080078
1711476125.8789887,-1.0568753480911255,-38.375179290771484,65.31249237060547,-0.1335906982421875,-37.599082946777344,64.67999267578125,0.028283149003982544,-38.92235565185547,63.96751022338867,0.6800044775009155,-38.94480895996094,65.44001007080078
1711476125.8890054,-1.080625057220459,-38.375179290771484,65.32249450683594,-0.08796453475952148,-37.629398345947266,64.70014953613281,0.024845600128173828,-38.917198181152344,63.99641418457031,0.6800044775009155,-38.94480895996094,65.44001007080078
1711476125.8990037,-1.1060938835144043,-38.38017654418945,65.32593536376953,-0.039215087890625,-37.66221237182617,64.70014953613281,0.020470619201660156,-38.912357330322266,64.03329467773438,0.6800044775009155,-38.92481231689453,65.46141815185547
1711476125.9089575,-1.1470314264297485,-38.395179748535156,65.33248901367188,0.008127689361572266,-37.69377136230469,64.75029754638672,-0.005154311656951904,-38.90657424926758,64.06813049316406,0.6800044775009155,-38.91184616088867,65.45999908447266
1711476125.9189992,-1.1781251430511475,-38.39799499511719,65.33248901367188,0.030317306518554688,-37.750648498535156,64.7560806274414,-0.01968562602996826,-38.90235900878906,64.10891723632812,0.6800044775009155,-38.904808044433594,65.45999908447266
1711476125.929267,-1.204218864440918,-38.39799499511719,65.33248901367188,0.04000425338745117,-37.750648498535156,64.7560806274414,-0.06327927112579346,-38.884544372558594,64.15750885009766,0.6800044775009155,-38.904808044433594,65.46875762939453
1711476125.9389882,-1.23312509059906,-38.41658401489258,65.35249328613281,0.06047248840332031,-37.85673904418945,64.86170959472656,-0.10609179735183716,-38.882354736328125,64.23204040527344,0.6800044775009155,-38.904808044433594,65.47000885009766
1711476125.9490006,-1.2581253051757812,-38.419708251953125,65.37217712402344,0.060002803802490234,-37.908145904541016,64.91358184814453,-0.1631230115890503,-38.882354736328125,64.32219696044922,0.6800044775009155,-38.90106201171875,65.47000885009766
1711476125.9589086,-1.2667187452316284,-38.435176849365234,65.37248992919922,0.06937980651855469,-37.934085845947266,64.91358184814453,-0.23406058549880981,-38.882354736328125,64.39188385009766,0.6800044775009155,-38.89480972290039,65.48001098632812
1711476125.9691117,-1.2873437404632568,-38.449241638183594,65.37921142578125,0.0812530517578125,-37.93751907348633,65.0217056274414,-0.28702929615974426,-38.872982025146484,64.42562866210938,0.6800044775009155,-38.89059066772461,65.48001098632812
1711476125.9789093,-1.290000081062317,-38.45518112182617,65.39874267578125,0.08453607559204102,-37.93751907348633,65.04983520507812,-0.3368730843067169,-38.86235427856445,64.4420394897461,0.6800044775009155,-38.88481140136719,65.48001098632812
1711476125.9889388,-1.290000081062317,-38.485801696777344,65.40249633789062,0.11516094207763672,-37.93751907348633,65.08186340332031,-0.3642168641090393,-38.86235427856445,64.45750427246094,0.6800044775009155,-38.88481140136719,65.4900131225586
1711476125.9990654,-1.290000081062317,-38.489864349365234,65.41030883789062,0.14141082763671875,-37.946739196777344,65.07998657226562,-0.3735917806625366,-38.852359771728516,64.47563171386719,0.6800044775009155,-38.88481140136719,65.4900131225586
1711476126.0090253,-1.290000081062317,-38.525177001953125,65.4318618774414,0.18203496932983398,-37.96752166748047,65.10045623779297,-0.3751543164253235,-38.852359771728516,64.48751068115234,0.6825045347213745,-38.86481475830078,65.50187683105469
1711476126.0189667,-1.290000081062317,-38.567054748535156,65.4318618774414,0.22984743118286133,-37.96752166748047,65.10045623779297,-0.3751543164253235,-38.84782409667969,64.50625610351562,0.6951607465744019,-38.86481475830078,65.5028305053711
1711476126.0290103,-1.290000081062317,-38.582366943359375,65.46170806884766,0.28016090393066406,-37.99018096923828,65.12107849121094,-0.3854668140411377,-38.83860778808594,64.52063751220703,0.6951607465744019,-38.86481475830078,65.51000213623047
1711476126.0390143,-1.2953126430511475,-38.64533615112305,65.48139953613281,0.33812761306762695,-38.00752258300781,65.1295166015625,-0.3851543366909027,-38.81266784667969,64.55110168457031,0.7010982632637024,-38.86481475830078,65.51000213623047
1711476126.0489204,-1.3000003099441528,-38.71345901489258,65.48249053955078,0.3781294822692871,-38.00752258300781,65.12998962402344,-0.41609182953834534,-38.80860900878906,64.5714111328125,0.7051607966423035,-38.86481475830078,65.52001190185547
1711476126.0589976,-1.3029688596725464,-38.72986602783203,65.51124572753906,0.41031599044799805,-38.019710540771484,65.15155029296875,-0.4323418438434601,-38.7923583984375,64.60047912597656,0.7079732418060303,-38.86481475830078,65.52001190185547
1711476126.0690026,-1.3100000619888306,-38.77736282348633,65.517333984375,0.43578386306762695,-38.02283477783203,65.15998840332031,-0.4690605401992798,-38.7923583984375,64.64750671386719,0.7151607275009155,-38.86481475830078,65.52953338623047
1711476126.0789633,-1.3100000619888306,-38.77518081665039,65.517333984375,0.4400038719177246,-38.02283477783203,65.15998840332031,-0.4957793653011322,-38.7923583984375,64.69656372070312,0.7151607275009155,-38.855281829833984,65.52999877929688
1711476126.0890222,-1.3200002908706665,-38.785179138183594,65.5501480102539,0.4400038719177246,-38.05799102783203,65.17998504638672,-0.5151543021202087,-38.7923583984375,64.7721939086914,0.7151607275009155,-38.85481262207031,65.52999877929688
1711476126.099016,-1.3200002908706665,-38.785179138183594,65.57249450683594,0.4400038719177246,-38.05752182006836,65.1876449584961,-0.5454668402671814,-38.7923583984375,64.85531616210938,0.7151607275009155,-38.849185943603516,65.54219818115234
1711476126.1089332,-1.3200002908706665,-38.785179138183594,65.591552734375,0.4400038719177246,-38.095333099365234,65.1965560913086,-0.5542168021202087,-38.7923583984375,64.90516662597656,0.720160722732544,-38.84480667114258,65.54000854492188
1711476126.1190076,-1.3200002908706665,-38.785179138183594,65.60155487060547,0.4400038719177246,-38.09751892089844,65.20999145507812,-0.589529275894165,-38.7923583984375,64.9146957397461,0.735160768032074,-38.84480667114258,65.55062866210938
1711476126.1289306,-1.3200002908706665,-38.785179138183594,65.60249328613281,0.46187877655029297,-38.12861633300781,65.21467590332031,-0.6270293593406677,-38.7923583984375,64.94578552246094,0.7392232418060303,-38.84480667114258,65.56000518798828
1711476126.1389613,-1.3285937309265137,-38.793617248535156,65.62248992919922,0.4600048065185547,-38.14876937866211,65.21467590332031,-0.674685537815094,-38.7923583984375,64.947509765625,0.7559420466423035,-38.84480667114258,65.56000518798828
1711476126.1490061,-1.340000033378601,-38.79518127441406,65.62248992919922,0.4921913146972656,-38.15752029418945,65.24452209472656,-0.7165604829788208,-38.7923583984375,64.96844482421875,0.7551607489585876,-38.84480667114258,65.56375122070312
1711476126.1590257,-1.3478127717971802,-38.79518127441406,65.62655639648438,0.4900026321411133,-38.21892547607422,65.27139282226562,-0.7414042949676514,-38.7923583984375,64.97891235351562,0.7660982608795166,-38.84480667114258,65.57001495361328
1711476126.1689372,-1.3500001430511475,-38.79518127441406,65.64249420166016,0.5218791961669922,-38.24440002441406,65.27592468261719,-0.7707792520523071,-38.7923583984375,64.99423217773438,0.7751607894897461,-38.84480667114258,65.57594299316406
1711476126.178998,-1.3500001430511475,-38.79518127441406,65.64249420166016,0.5318784713745117,-38.27751922607422,65.31233215332031,-0.7751542329788208,-38.81001281738281,64.99751281738281,0.8026607632637024,-38.84480667114258,65.59000396728516
1711476126.188926,-1.3500001430511475,-38.79518127441406,65.64249420166016,0.5456280708312988,-38.32798767089844,65.30998229980469,-0.7957792282104492,-38.81001281738281,65.00485229492188,0.8151608109474182,-38.84480667114258,65.59297943115234
1711476126.1990495,-1.3500001430511475,-38.79518127441406,65.65093231201172,0.5700039863586426,-38.33174133300781,65.30998229980469,-0.7951542735099792,-38.81001281738281,65.02750396728516,0.8354732394218445,-38.84480667114258,65.60000610351562
1711476126.209015,-1.3500001430511475,-38.79518127441406,65.65249633789062,0.5700039863586426,-38.36814880371094,65.3599853515625,-0.7951542735099792,-38.81001281738281,65.02750396728516,0.8451607823371887,-38.84480667114258,65.60000610351562
1711476126.2190204,-1.3500001430511475,-38.79518127441406,65.65249633789062,0.5700039863586426,-38.37799072265625,65.39936828613281,-0.7951542735099792,-38.81001281738281,65.05923461914062,0.8451607823371887,-38.84480667114258,65.6104736328125
1711476126.2289999,-1.3500001430511475,-38.79518127441406,65.66046142578125,0.5800032615661621,-38.37751770019531,65.43061065673828,-0.7951542735099792,-38.7940788269043,65.06110382080078,0.8731295466423035,-38.84480667114258,65.61750793457031
1711476126.2389555,-1.3500001430511475,-38.79518127441406,65.6624984741211,0.5800032615661621,-38.38377380371094,65.44296264648438,-0.7951542735099792,-38.7923583984375,65.07750701904297,0.8751607537269592,-38.84480667114258,65.6200180053711
1711476126.2489228,-1.3500001430511475,-38.79518127441406,65.6624984741211,0.5800032615661621,-38.38752365112305,65.48202514648438,-0.8112481236457825,-38.7923583984375,65.0992202758789,0.9032857418060303,-38.84480667114258,65.63345336914062
1711476126.258967,-1.3500001430511475,-38.79518127441406,65.6624984741211,0.5900049209594727,-38.38752365112305,65.48202514648438,-0.8151543140411377,-38.7923583984375,65.10751342773438,0.9248482584953308,-38.84480667114258,65.64000701904297
1711476126.269005,-1.3500001430511475,-38.79518127441406,65.67015075683594,0.5900049209594727,-38.39752197265625,65.5099868774414,-0.8326542377471924,-38.7923583984375,65.14844512939453,0.9540669918060303,-38.84480667114258,65.66000366210938
1711476126.279024,-1.3500001430511475,-38.79518127441406,65.67249298095703,0.6204724311828613,-38.39752197265625,65.5099868774414,-0.8451542258262634,-38.81220245361328,65.17875671386719,0.9850045442581177,-38.84480667114258,65.66000366210938
1711476126.2890086,-1.3500001430511475,-38.79518127441406,65.67249298095703,0.6200027465820312,-38.39752197265625,65.53030395507812,-0.8496856689453125,-38.81001281738281,65.21891021728516,1.0253169536590576,-38.84480667114258,65.68047332763672
1711476126.2990324,-1.3500001430511475,-38.79518127441406,65.68014526367188,0.6610965728759766,-38.39752197265625,65.52999114990234,-0.8651542663574219,-38.81001281738281,65.27594757080078,1.075942039489746,-38.84480667114258,65.6842269897461
1711476126.309091,-1.3500001430511475,-38.79518127441406,65.6824951171875,0.6670355796813965,-38.40892791748047,65.5362319946289,-0.8720293641090393,-38.81001281738281,65.32907104492188,1.1156295537948608,-38.84480667114258,65.69001007080078
1711476126.31923,-1.3500001430511475,-38.79518127441406,65.6824951171875,0.722191333770752,-38.40752029418945,65.5362319946289,-0.8951545357704163,-38.81266784667969,65.35906982421875,1.1556296348571777,-38.84480667114258,65.70438385009766
1711476126.3290136,-1.3535940647125244,-38.79518127441406,65.6824951171875,0.7825040817260742,-38.40752029418945,65.54998779296875,-0.8951545357704163,-38.82001495361328,65.39547729492188,1.1776607036590576,-38.84480667114258,65.72173309326172
1711476126.339019,-1.3600001335144043,-38.79518127441406,65.69248962402344,0.865786075592041,-38.43939971923828,65.55499267578125,-0.9220292568206787,-38.82001495361328,65.39750671386719,1.1975045204162598,-38.84480667114258,65.72500610351562
1711476126.3489535,-1.3784375190734863,-38.79518127441406,65.69248962402344,0.9298467636108398,-38.43939971923828,65.55499267578125,-0.9412479400634766,-38.82001495361328,65.41829681396484,1.1951607465744019,-38.860591888427734,65.7400131225586
1711476126.3590174,-1.394531488418579,-38.79518127441406,65.69248962402344,0.9885978698730469,-38.43751907348633,65.56998443603516,-0.9665606021881104,-38.82001495361328,65.4275131225586,1.2051607370376587,-38.86246871948242,65.7400131225586
1711476126.368996,-1.418750286102295,-38.79518127441406,65.69248962402344,1.021721363067627,-38.43751907348633,65.5763931274414,-0.9782794117927551,-38.82001495361328,65.4275131225586,1.2051607370376587,-38.86246871948242,65.75032806396484
1711476126.379091,-1.4300000667572021,-38.79518127441406,65.69248962402344,1.0300040245056152,-38.43751907348633,65.5763931274414,-1.0057791471481323,-38.830013275146484,65.443603515625,1.2051607370376587,-38.84480667114258,65.76063537597656
1711476126.3890183,-1.438281536102295,-38.79518127441406,65.69248962402344,1.0400032997131348,-38.44752502441406,65.57998657226562,-1.014997959136963,-38.830013275146484,65.447509765625,1.2051607370376587,-38.84480667114258,65.760009765625
1711476126.399038,-1.4400001764297485,-38.79518127441406,65.70046997070312,1.0400032997131348,-38.44752502441406,65.58873748779297,-1.0362482070922852,-38.830013275146484,65.447509765625,1.2051607370376587,-38.84480667114258,65.77000427246094
1711476126.4089496,-1.4400001764297485,-38.79518127441406,65.70248413085938,1.0400032997131348,-38.44752502441406,65.58999633789062,-1.043591856956482,-38.830013275146484,65.46781921386719,1.2051607370376587,-38.84480667114258,65.77000427246094
1711476126.4190795,-1.4400001764297485,-38.79518127441406,65.70248413085938,1.0400032997131348,-38.44752502441406,65.58999633789062,-1.0662481784820557,-38.830013275146484,65.4675064086914,1.2051607370376587,-38.84480667114258,65.7800064086914
1711476126.4290514,-1.4400001764297485,-38.79518127441406,65.70748901367188,1.0400032997131348,-38.44752502441406,65.60061645507812,-1.0685917139053345,-38.830013275146484,65.4675064086914,1.2051607370376587,-38.84480667114258,65.7800064086914
1711476126.438948,-1.4400001764297485,-38.79518127441406,65.71249389648438,1.0400032997131348,-38.44752502441406,65.59999084472656,-1.1121857166290283,-38.813297271728516,65.4893798828125,1.2051607370376587,-38.84122085571289,65.7800064086914
1711476126.4490178,-1.4400001764297485,-38.79518127441406,65.71249389648438,1.0400032997131348,-38.44752502441406,65.60404968261719,-1.1151543855667114,-38.81235885620117,65.48751068115234,1.2051607370376587,-38.83481216430664,65.7800064086914
1711476126.459042,-1.4400001764297485,-38.79518127441406,65.72077178955078,1.0500049591064453,-38.44752502441406,65.60999298095703,-1.1401543617248535,-38.81235885620117,65.48751068115234,1.2051607370376587,-38.83481216430664,65.7800064086914
1711476126.4690125,-1.4400001764297485,-38.79518127441406,65.72249603271484,1.0529732704162598,-38.44752502441406,65.61514282226562,-1.1551544666290283,-38.81235885620117,65.50860595703125,1.2051607370376587,-38.83481216430664,65.7800064086914
1711476126.47902,-1.4400001764297485,-38.79518127441406,65.72249603271484,1.0600042343139648,-38.44752502441406,65.61998748779297,-1.1701542139053345,-38.81235885620117,65.50750732421875,1.2051607370376587,-38.83481216430664,65.78500366210938
1711476126.4890428,-1.4400001764297485,-38.79518127441406,65.72249603271484,1.0600042343139648,-38.457523345947266,65.61998748779297,-1.192341685295105,-38.81235885620117,65.50750732421875,1.2051607370376587,-38.83481216430664,65.79000854492188
1711476126.4994943,-1.4400001764297485,-38.79518127441406,65.72249603271484,1.0600042343139648,-38.457523345947266,65.61998748779297,-1.1951541900634766,-38.81235885620117,65.52828979492188,1.2051607370376587,-38.83481216430664,65.79000854492188
1711476126.5090227,-1.4400001764297485,-38.79518127441406,65.72249603271484,1.0600042343139648,-38.457523345947266,65.6299819946289,-1.2151541709899902,-38.81235885620117,65.52751159667969,1.2051607370376587,-38.83481216430664,65.79000854492188
1711476126.5190163,-1.4400001764297485,-38.79518127441406,65.72249603271484,1.0600042343139648,-38.457523345947266,65.6299819946289,-1.2151541709899902,-38.81235885620117,65.53157806396484,1.2051607370376587,-38.83481216430664,65.79000854492188
1711476126.5289936,-1.4400001764297485,-38.777523040771484,65.72249603271484,1.0600042343139648,-38.457523345947266,65.63451385498047,-1.2151541709899902,-38.81235885620117,65.54751586914062,1.2051607370376587,-38.83481216430664,65.79000854492188
1711476126.5390322,-1.426718831062317,-38.777523040771484,65.72249603271484,1.0600042343139648,-38.457523345947266,65.63998413085938,-1.2151541709899902,-38.81235885620117,65.54751586914062,1.2051607370376587,-38.8126220703125,65.8006362915039
1711476126.5490224,-1.4223438501358032,-38.777523040771484,65.72249603271484,1.0600042343139648,-38.457523345947266,65.63998413085938,-1.2151541709899902,-38.81235885620117,65.55001068115234,1.2051607370376587,-38.80168151855469,65.80001068115234
1711476126.5589433,-1.4028126001358032,-38.777523040771484,65.72249603271484,1.0600042343139648,-38.457523345947266,65.63998413085938,-1.2151541709899902,-38.802825927734375,65.57844543457031,1.2051607370376587,-38.78480911254883,65.80001068115234
1711476126.5690787,-1.3923439979553223,-38.77470779418945,65.72249603271484,1.0448479652404785,-38.457523345947266,65.64998626708984,-1.2151541709899902,-38.79610824584961,65.57750701904297,1.2051607370376587,-38.76106262207031,65.80001068115234
1711476126.5790405,-1.372343897819519,-38.76752471923828,65.72249603271484,1.0448479652404785,-38.457523345947266,65.64998626708984,-1.2151541709899902,-38.77235412597656,65.57750701904297,1.2051607370376587,-38.75481033325195,65.80001068115234
1711476126.589035,-1.3623440265655518,-38.76752471923828,65.72249603271484,1.0371923446655273,-38.457523345947266,65.64998626708984,-1.1999980211257935,-38.77235412597656,65.59344482421875,1.2051607370376587,-38.75481033325195,65.80001068115234
1711476126.5990272,-1.3623440265655518,-38.76752471923828,65.73155212402344,1.034848690032959,-38.457523345947266,65.65999603271484,-1.1999980211257935,-38.77235412597656,65.60751342773438,1.2051607370376587,-38.74481201171875,65.80001068115234
1711476126.60905,-1.3401564359664917,-38.76752471923828,65.73249816894531,1.034848690032959,-38.457523345947266,65.65999603271484,-1.1999980211257935,-38.75267028808594,65.60751342773438,1.2051607370376587,-38.724342346191406,65.80001068115234
1711476126.620455,-1.3423439264297485,-38.76752471923828,65.73249816894531,1.034848690032959,-38.457523345947266,65.66639709472656,-1.1999980211257935,-38.74235534667969,65.6139144897461,1.2051607370376587,-38.71480941772461,65.80001068115234
1711476126.6290338,-1.3271877765655518,-38.75752258300781,65.73249816894531,1.034848690032959,-38.457523345947266,65.66999053955078,-1.1999980211257935,-38.73563766479492,65.63750457763672,1.2051607370376587,-38.69449996948242,65.80001068115234
1711476126.6390617,-1.3223439455032349,-38.75752258300781,65.73249816894531,1.034848690032959,-38.457523345947266,65.66999053955078,-1.1999980211257935,-38.72251510620117,65.63750457763672,1.2051607370376587,-38.69480895996094,65.80001068115234
1711476126.648949,-1.3065627813339233,-38.747520446777344,65.73249816894531,1.0321903228759766,-38.457523345947266,65.67389678955078,-1.1999980211257935,-38.71360778808594,65.64391326904297,1.2051607370376587,-38.65434265136719,65.80001068115234
1711476126.6590393,-1.3023438453674316,-38.747520446777344,65.73249816894531,1.0248470306396484,-38.457523345947266,65.67389678955078,-1.1799981594085693,-38.7081413269043,65.65750885009766,1.2051607370376587,-38.63715744018555,65.80001068115234
1711476126.6690345,-1.2923439741134644,-38.747520446777344,65.73249816894531,1.014847755432129,-38.457523345947266,65.67998504638672,-1.1799981594085693,-38.67985534667969,65.677978515625,1.1895357370376587,-38.60340881347656,65.80001068115234
1711476126.6789916,-1.2723439931869507,-38.739707946777344,65.73249816894531,0.9845352172851562,-38.457523345947266,65.67998504638672,-1.1481231451034546,-38.65361022949219,65.6775131225586,1.1900044679641724,-38.56449890136719,65.80703735351562
1711476126.6890614,-1.2582814693450928,-38.737525939941406,65.74124145507812,0.9848476052284241,-38.457523345947266,65.67998504638672,-1.1499980688095093,-38.63704299926758,65.68672943115234,1.1689107418060303,-38.54481506347656,65.81001281738281
1711476126.6990843,-1.230156421661377,-38.719085693359375,65.74249267578125,0.9425044655799866,-38.44236755371094,65.68295288085938,-1.1189043521881104,-38.61251449584961,65.70985412597656,1.1600044965744019,-38.49434280395508,65.81001281738281
1711476126.7090409,-1.226406455039978,-38.71752166748047,65.74249267578125,0.9448480606079102,-38.44236755371094,65.68998718261719,-1.1162480115890503,-38.589073181152344,65.70750427246094,1.1414107084274292,-38.49106216430664,65.81001281738281
1711476126.7191148,-1.2023440599441528,-38.71752166748047,65.74827575683594,0.9235977530479431,-38.44236755371094,65.68998718261719,-1.079060435295105,-38.58235549926758,65.72407531738281,1.1300045251846313,-38.454811096191406,65.81001281738281
1711476126.7290285,-1.1887502670288086,-38.715023040771484,65.75248718261719,0.9148479104042053,-38.44236755371094,65.68998718261719,-1.0457793474197388,-38.55235290527344,65.72750854492188,1.1300045251846313,-38.454811096191406,65.81407165527344
1711476126.739041,-1.1723437309265137,-38.707523345947266,65.75248718261719,0.9148479104042053,-38.44236755371094,65.700927734375,-1.0248419046401978,-38.55235290527344,65.73672485351562,1.1300045251846313,-38.454811096191406,65.82000732421875
1711476126.7490392,-1.1723437309265137,-38.707523345947266,65.75248718261719,0.9148479104042053,-38.44236755371094,65.70718383789062,-1.0067168474197388,-38.54798126220703,65.75969696044922,1.1573482751846313,-38.454811096191406,65.82000732421875
1711476126.7590399,-1.1723437309265137,-38.707523345947266,65.75248718261719,0.95187908411026,-38.44236755371094,65.70999145507812,-0.9999982118606567,-38.542354583740234,65.75750732421875,1.155160665512085,-38.454811096191406,65.82000732421875
1711476126.7690437,-1.2079689502716064,-38.707523345947266,65.75248718261719,0.9500026702880859,-38.44236755371094,65.71389770507812,-1.0251543521881104,-38.542354583740234,65.75750732421875,1.155160665512085,-38.454811096191406,65.82000732421875
1711476126.7790966,-1.216093897819519,-38.707523345947266,65.75248718261719,0.9500026702880859,-38.44236755371094,65.7199935913086,-1.0351544618606567,-38.542354583740234,65.77297973632812,1.155160665512085,-38.454811096191406,65.82000732421875
1711476126.789035,-1.2300002574920654,-38.707523345947266,65.75248718261719,0.9500026702880859,-38.44236755371094,65.72654724121094,-1.0782792568206787,-38.542354583740234,65.78750610351562,1.1429733037948608,-38.454811096191406,65.82000732421875
1711476126.7989712,-1.2300002574920654,-38.707523345947266,65.75248718261719,0.9337543845176697,-38.44236755371094,65.72998809814453,-1.085154414176941,-38.542354583740234,65.78750610351562,1.1300045251846313,-38.454811096191406,65.82000732421875
1711476126.8091462,-1.2300002574920654,-38.707523345947266,65.75248718261719,0.9348464608192444,-38.44236755371094,65.72998809814453,-1.085154414176941,-38.542354583740234,65.77235412597656,1.1251606941223145,-38.43465042114258,65.82000732421875
1711476126.8190718,-1.1929688453674316,-38.707523345947266,65.75248718261719,0.9142231345176697,-38.44236755371094,65.73639678955078,-1.085154414176941,-38.542354583740234,65.79875946044922,1.0989108085632324,-38.434810638427734,65.82781982421875
1711476126.8290322,-1.1892189979553223,-38.707523345947266,65.75248718261719,0.9148479104042053,-38.44236755371094,65.74998474121094,-1.085154414176941,-38.542354583740234,65.80751037597656,1.1000045537948608,-38.434810638427734,65.83000946044922
1711476126.8390377,-1.1823439598083496,-38.707523345947266,65.75248718261719,0.9148479104042053,-38.44236755371094,65.75248718261719,-1.085154414176941,-38.542354583740234,65.78079223632812,1.1112545728683472,-38.434810638427734,65.83000946044922
1711476126.8491218,-1.1823439598083496,-38.707523345947266,65.75248718261719,0.9148479104042053,-38.45799255371094,65.7599868774414,-1.085154414176941,-38.542354583740234,65.79312896728516,1.1198482513427734,-38.44465637207031,65.83000946044922
1711476126.8590405,-1.2178126573562622,-38.707523345947266,65.75248718261719,0.9521913528442383,-38.457523345947266,65.7599868774414,-1.1067166328430176,-38.542354583740234,65.82781982421875,1.1451607942581177,-38.45246887207031,65.83000946044922
1711476126.868992,-1.2200000286102295,-38.707523345947266,65.76248931884766,0.9500026702880859,-38.457523345947266,65.76858520507812,-1.1265605688095093,-38.542354583740234,65.79235076904297,1.155160665512085,-38.47184371948242,65.83000946044922
1711476126.8790438,-1.2389063835144043,-38.707523345947266,65.76248931884766,0.9717226028442383,-38.457523345947266,65.77999114990234,-1.167497992515564,-38.57188415527344,65.79235076904297,1.155160665512085,-38.47246551513672,65.83000946044922
1711476126.8890564,-1.2400001287460327,-38.707523345947266,65.76248931884766,0.9700035452842712,-38.457523345947266,65.80123901367188,-1.180623173713684,-38.57001495361328,65.82750701904297,1.1646920442581177,-38.47246551513672,65.83000946044922
1711476126.8990586,-1.2206250429153442,-38.707523345947266,65.76248931884766,0.9796905517578125,-38.46392822265625,65.80998992919922,-1.2068730592727661,-38.57001495361328,65.80548095703125,1.1651606559753418,-38.47246551513672,65.83000946044922
1711476126.909045,-1.2123438119888306,-38.707523345947266,65.76248931884766,0.9839105606079102,-38.46752166748047,65.80998992919922,-1.205154299736023,-38.57001495361328,65.79235076904297,1.1801608800888062,-38.47246551513672,65.83000946044922
1711476126.919178,-1.2087502479553223,-38.707523345947266,65.76248931884766,0.9900045394897461,-38.47002029418945,65.83686828613281,-1.205154299736023,-38.57001495361328,65.8375015258789,1.1851608753204346,-38.47246551513672,65.83000946044922
1711476126.9291048,-1.2023440599441528,-38.70298767089844,65.76248931884766,0.9900045394897461,-38.47752380371094,65.84999084472656,-1.205154299736023,-38.57001495361328,65.81204223632812,1.1882858276367188,-38.481998443603516,65.83000946044922
1711476126.939061,-1.2164064645767212,-38.69752502441406,65.76248931884766,1.0014104843139648,-38.486270904541016,65.8654556274414,-1.205154299736023,-38.57001495361328,65.79235076904297,1.1951607465744019,-38.48246765136719,65.83000946044922
1711476126.9490488,-1.2300002574920654,-38.69752502441406,65.76748657226562,1.0000038146972656,-38.48752212524414,65.87998962402344,-1.205154299736023,-38.57001495361328,65.83891296386719,1.1951607465744019,-38.48855972290039,65.83000946044922
1711476126.959054,-1.2300002574920654,-38.69752502441406,65.77249145507812,1.0000038146972656,-38.48752212524414,65.88420867919922,-1.2262481451034546,-38.57001495361328,65.81547546386719,1.1951607465744019,-38.492469787597656,65.83000946044922
1711476126.9690666,-1.2389063835144043,-38.69752502441406,65.77249145507812,1.0000038146972656,-38.48752212524414,65.91108703613281,-1.2251543998718262,-38.57001495361328,65.8023452758789,1.1951607465744019,-38.492469787597656,65.83000946044922
1711476126.9790435,-1.2229689359664917,-38.69752502441406,65.77249145507812,1.0000038146972656,-38.497520446777344,65.90998840332031,-1.2299981117248535,-38.59001159667969,65.83844757080078,1.1951607465744019,-38.492469787597656,65.83000946044922
1711476126.9890485,-1.2223440408706665,-38.69752502441406,65.77249145507812,1.0000038146972656,-38.497520446777344,65.90998840332031,-1.2351542711257935,-38.59001159667969,65.81594848632812,1.1951607465744019,-38.492469787597656,65.83000946044922
1711476126.9990635,-1.2223440408706665,-38.692054748535156,65.77249145507812,1.0000038146972656,-38.497520446777344,65.91999053955078,-1.2351542711257935,-38.59001159667969,65.8023452758789,1.1951607465744019,-38.492469787597656,65.83000946044922
1711476127.009,-1.1903128623962402,-38.68330383300781,65.77249145507812,1.0000038146972656,-38.497520446777344,65.92999267578125,-1.2351542711257935,-38.59001159667969,65.83938598632812,1.1951607465744019,-38.492469787597656,65.83000946044922
1711476127.0190752,-1.192343831062317,-38.67752456665039,65.77249145507812,1.0000038146972656,-38.497520446777344,65.92999267578125,-1.2199980020523071,-38.57688903808594,65.82766723632812,1.1951607465744019,-38.492469787597656,65.83000946044922
1711476127.0290568,-1.192343831062317,-38.67752456665039,65.77249145507812,1.0000038146972656,-38.50205612182617,65.92999267578125,-1.2199980020523071,-38.55235290527344,65.81234741210938,1.1951607465744019,-38.492469787597656,65.83000946044922
1711476127.0390978,-1.192343831062317,-38.67752456665039,65.77249145507812,1.0000038146972656,-38.51939392089844,65.92999267578125,-1.198904275894165,-38.55235290527344,65.83907318115234,1.1951607465744019,-38.492469787597656,65.83000946044922
1711476127.0490499,-1.2100002765655518,-38.668617248535156,65.77249145507812,1.0000038146972656,-38.51752471923828,65.92999267578125,-1.2256232500076294,-38.55235290527344,65.8375015258789,1.178285837173462,-38.492469787597656,65.83000946044922
1711476127.0590677,-1.2100002765655518,-38.66752243041992,65.77249145507812,1.0000038146972656,-38.51752471923828,65.92999267578125,-1.2143731117248535,-38.55235290527344,65.81234741210938,1.180004596710205,-38.492469787597656,65.83000946044922
1711476127.0690496,-1.2100002765655518,-38.66752243041992,65.77249145507812,1.0000038146972656,-38.51752471923828,65.92999267578125,-1.1999980211257935,-38.55235290527344,65.83500671386719,1.180004596710205,-38.492469787597656,65.83000946044922
1711476127.0790727,-1.192343831062317,-38.66752243041992,65.77249145507812,1.0000038146972656,-38.51752471923828,65.92999267578125,-1.1999980211257935,-38.55235290527344,65.8375015258789,1.180004596710205,-38.492469787597656,65.83000946044922
1711476127.0890555,-1.1801564693450928,-38.66752243041992,65.77249145507812,1.0000038146972656,-38.52220916748047,65.92999267578125,-1.1999980211257935,-38.55235290527344,65.81172943115234,1.180004596710205,-38.492469787597656,65.83000946044922
1711476127.0990207,-1.1823439598083496,-38.66752243041992,65.77249145507812,1.0182857513427734,-38.53752136230469,65.92999267578125,-1.1881232261657715,-38.55235290527344,65.82266235351562,1.180004596710205,-38.49840545654297,65.83000946044922
1711476127.1090536,-1.1976563930511475,-38.66752243041992,65.78140258789062,1.0200047492980957,-38.53752136230469,65.92999267578125,-1.1899981498718262,-38.55235290527344,65.8375015258789,1.180004596710205,-38.507781982421875,65.83000946044922
1711476127.1190648,-1.2053126096725464,-38.66752243041992,65.78250122070312,1.04750394821167,-38.53752136230469,65.92999267578125,-1.1899981498718262,-38.55235290527344,65.82579040527344,1.180004596710205,-38.51246643066406,65.83000946044922
1711476127.1290805,-1.2100002765655518,-38.66752243041992,65.78250122070312,1.0500049591064453,-38.53752136230469,65.92999267578125,-1.168748140335083,-38.54313659667969,65.81234741210938,1.180004596710205,-38.51246643066406,65.83000946044922
1711476127.139054,-1.2231251001358032,-38.66752243041992,65.78250122070312,1.0500049591064453,-38.548458099365234,65.92999267578125,-1.1599981784820557,-38.542354583740234,65.84860229492188,1.175004482269287,-38.51246643066406,65.83000946044922
1711476127.1490645,-1.2300002574920654,-38.66752243041992,65.78250122070312,1.0500049591064453,-38.55283737182617,65.92999267578125,-1.1599981784820557,-38.542354583740234,65.82454681396484,1.150004506111145,-38.51246643066406,65.83000946044922
1711476127.1591086,-1.2300002574920654,-38.66752243041992,65.78250122070312,1.0240674018859863,-38.56752014160156,65.92999267578125,-1.1599981784820557,-38.542354583740234,65.82235717773438,1.1090670824050903,-38.4940299987793,65.83000946044922
1711476127.1690645,-1.2300002574920654,-38.66752243041992,65.78250122070312,1.0248470306396484,-38.56752014160156,65.92999267578125,-1.1599981784820557,-38.542354583740234,65.8376693725586,1.0900044441223145,-38.48887634277344,65.83000946044922
1711476127.1790721,-1.2300002574920654,-38.685176849365234,65.78250122070312,1.0048484802246094,-38.56752014160156,65.92999267578125,-1.1599981784820557,-38.542354583740234,65.8375015258789,1.0700045824050903,-38.47481155395508,65.83000946044922
1711476127.1890965,-1.2300002574920654,-38.685176849365234,65.78250122070312,1.0048484802246094,-38.56752014160156,65.92999267578125,-1.1599981784820557,-38.542354583740234,65.822509765625,1.0609420537948608,-38.46965026855469,65.83000946044922
1711476127.1990707,-1.2300002574920654,-38.685176849365234,65.78250122070312,1.0048484802246094,-38.56752014160156,65.92999267578125,-1.1599981784820557,-38.542354583740234,65.82235717773438,1.0400044918060303,-38.46480941772461,65.83000946044922
1711476127.2090633,-1.2300002574920654,-38.685176849365234,65.78250122070312,1.0048484802246094,-38.56752014160156,65.92999267578125,-1.1796855926513672,-38.542354583740234,65.8375015258789,1.0400044918060303,-38.469966888427734,65.83000946044922
1711476127.2196872,-1.2300002574920654,-38.685176849365234,65.78250122070312,1.0310983657836914,-38.56752014160156,65.92999267578125,-1.1851543188095093,-38.542354583740234,65.8375015258789,1.0860981941223145,-38.501060485839844,65.83000946044922
1711476127.2289753,-1.2300002574920654,-38.66752243041992,65.79249572753906,1.035473346710205,-38.583927154541016,65.92999267578125,-1.1940604448318481,-38.560794830322266,65.82157135009766,1.1265671253204346,-38.504966735839844,65.83000946044922
1711476127.2390876,-1.2300002574920654,-38.66752243041992,65.79249572753906,1.0653162002563477,-38.59751892089844,65.92999267578125,-1.2151541709899902,-38.56001281738281,65.830322265625,1.1659419536590576,-38.531375885009766,65.83000946044922
1711476127.2491205,-1.2393752336502075,-38.66752243041992,65.79249572753906,1.0921907424926758,-38.61814880371094,65.92999267578125,-1.2401541471481323,-38.569541931152344,65.84953308105469,1.1751608848571777,-38.532466888427734,65.83000946044922
1711476127.259144,-1.2426563501358032,-38.66752243041992,65.79249572753906,1.0900044441223145,-38.61751937866211,65.92999267578125,-1.2451545000076294,-38.57001495361328,65.82391357421875,1.1751608848571777,-38.54246520996094,65.83000946044922
1711476127.269068,-1.2500003576278687,-38.66752243041992,65.79249572753906,1.0900044441223145,-38.64752197265625,65.91482543945312,-1.2451545000076294,-38.57001495361328,65.82235717773438,1.1751608848571777,-38.54246520996094,65.83000946044922
1711476127.2790077,-1.2500003576278687,-38.66752243041992,65.79249572753906,1.100003719329834,-38.67892837524414,65.91482543945312,-1.2451545000076294,-38.57001495361328,65.84922790527344,1.1751608848571777,-38.54246520996094,65.83000946044922
1711476127.289092,-1.2500003576278687,-38.66752243041992,65.79249572753906,1.100003719329834,-38.687522888183594,65.91482543945312,-1.2295293807983398,-38.57001495361328,65.84750366210938,1.1600044965744019,-38.54246520996094,65.83000946044922
1711476127.299079,-1.2500003576278687,-38.66752243041992,65.79718017578125,1.120004653930664,-38.73799133300781,65.91482543945312,-1.2299981117248535,-38.57001495361328,65.82235717773438,1.1600044965744019,-38.54246520996094,65.83000946044922
1711476127.309048,-1.2500003576278687,-38.66752243041992,65.802490234375,1.120004653930664,-38.75299072265625,65.9123306274414,-1.2299981117248535,-38.57001495361328,65.84750366210938,1.1600044965744019,-38.54246520996094,65.83000946044922
1711476127.3190787,-1.2500003576278687,-38.66752243041992,65.802490234375,1.1303162574768066,-38.78752136230469,65.90483093261719,-1.2299981117248535,-38.57001495361328,65.84750366210938,1.1600044965744019,-38.54246520996094,65.83000946044922
1711476127.3290713,-1.2500003576278687,-38.66752243041992,65.802490234375,1.1300039291381836,-38.822052001953125,65.90170288085938,-1.2451545000076294,-38.57001495361328,65.82157135009766,1.1600044965744019,-38.54246520996094,65.83000946044922
1711476127.3393538,-1.2500003576278687,-38.66752243041992,65.802490234375,1.1473464965820312,-38.82752227783203,65.89482879638672,-1.2451545000076294,-38.57001495361328,65.83547973632812,1.1600044965744019,-38.54246520996094,65.83000946044922
1711476127.3490038,-1.2500003576278687,-38.66752243041992,65.802490234375,1.1750030517578125,-38.84846115112305,65.89482879638672,-1.2451545000076294,-38.57001495361328,65.84750366210938,1.1600044965744019,-38.56246566772461,65.83000946044922
1711476127.3590841,-1.2500003576278687,-38.66752243041992,65.802490234375,1.2153172492980957,-38.8475227355957,65.89482879638672,-1.2199980020523071,-38.57001495361328,65.82078552246094,1.1600044965744019,-38.56621551513672,65.83000946044922
1711476127.3690596,-1.2500003576278687,-38.66752243041992,65.802490234375,1.263284683227539,-38.85673904418945,65.89482879638672,-1.2173417806625366,-38.57001495361328,65.82235717773438,1.1600044965744019,-38.58043670654297,65.83438110351562
1711476127.3790827,-1.2500003576278687,-38.68627166748047,65.802490234375,1.3193798065185547,-38.85752487182617,65.88827514648438,-1.1999980211257935,-38.57001495361328,65.84750366210938,1.1600044965744019,-38.58246994018555,65.84000396728516
1711476127.389139,-1.2500003576278687,-38.685176849365234,65.802490234375,1.3654732704162598,-38.86751937866211,65.88483428955078,-1.1999980211257935,-38.57001495361328,65.84750366210938,1.1751608848571777,-38.58246994018555,65.84000396728516
1711476127.3989947,-1.2500003576278687,-38.685176849365234,65.802490234375,1.4023470878601074,-38.86751937866211,65.88483428955078,-1.1999980211257935,-38.57001495361328,65.83235168457031,1.1751608848571777,-38.58246994018555,65.84000396728516
1711476127.4090765,-1.2500003576278687,-38.685176849365234,65.802490234375,1.4303159713745117,-38.86751937866211,65.88483428955078,-1.210310459136963,-38.57001495361328,65.83235168457031,1.1751608848571777,-38.590126037597656,65.84000396728516
1711476127.4190903,-1.2500003576278687,-38.685176849365234,65.802490234375,1.4331293106079102,-38.86751937866211,65.88483428955078,-1.2151541709899902,-38.57001495361328,65.84860229492188,1.1751608848571777,-38.59246826171875,65.84000396728516
1711476127.429073,-1.2500003576278687,-38.685176849365234,65.802490234375,1.452348232269287,-38.86751937866211,65.88483428955078,-1.2151541709899902,-38.57001495361328,65.83063507080078,1.1751608848571777,-38.59246826171875,65.84000396728516
1711476127.4390893,-1.2500003576278687,-38.685176849365234,65.802490234375,1.4500045776367188,-38.86751937866211,65.87873840332031,-1.2151541709899902,-38.57001495361328,65.82235717773438,1.1820358037948608,-38.59246826171875,65.84000396728516
1711476127.4490886,-1.2500003576278687,-38.685176849365234,65.802490234375,1.4500045776367188,-38.86751937866211,65.87483978271484,-1.1995294094085693,-38.57001495361328,65.84860229492188,1.1951607465744019,-38.620906829833984,65.84000396728516
1711476127.4590735,-1.2500003576278687,-38.685176849365234,65.802490234375,1.4601612091064453,-38.86751937866211,65.87483978271484,-1.1999980211257935,-38.57001495361328,65.84750366210938,1.203442096710205,-38.63590621948242,65.84000396728516
1711476127.469074,-1.2500003576278687,-38.685176849365234,65.802490234375,1.4600038528442383,-38.86751937866211,65.87483978271484,-1.1999980211257935,-38.554386138916016,65.82015991210938,1.215160846710205,-38.681060791015625,65.84000396728516
1711476127.479087,-1.2500003576278687,-38.685176849365234,65.802490234375,1.4809417724609375,-38.86751937866211,65.87483978271484,-1.1999980211257935,-38.55235290527344,65.8570327758789,1.215160846710205,-38.71762466430664,65.84000396728516
1711476127.489143,-1.2500003576278687,-38.685176849365234,65.81171417236328,1.4800047874450684,-38.86751937866211,65.87483978271484,-1.1999980211257935,-38.55235290527344,65.85751342773438,1.215160846710205,-38.746219635009766,65.84000396728516
1711476127.499084,-1.2500003576278687,-38.685176849365234,65.81249237060547,1.4800047874450684,-38.86751937866211,65.87483978271484,-1.1999980211257935,-38.57079315185547,65.82015991210938,1.215160846710205,-38.782310485839844,65.84000396728516
1711476127.5090933,-1.2500003576278687,-38.685176849365234,65.81249237060547,1.4800047874450684,-38.86751937866211,65.87483978271484,-1.1999980211257935,-38.57001495361328,65.84078979492188,1.215160846710205,-38.80387496948242,65.84000396728516
1711476127.5190704,-1.2500003576278687,-38.685176849365234,65.81249237060547,1.4542222023010254,-38.86751937866211,65.87483978271484,-1.1999980211257935,-38.57001495361328,65.84750366210938,1.215160846710205,-38.81246566772461,65.84000396728516
1711476127.5290732,-1.2500003576278687,-38.685176849365234,65.81249237060547,1.4548468589782715,-38.86751937866211,65.87483978271484,-1.1999980211257935,-38.57001495361328,65.83172607421875,1.215160846710205,-38.821529388427734,65.84000396728516
1711476127.5390904,-1.2500003576278687,-38.685176849365234,65.81249237060547,1.43812894821167,-38.86751937866211,65.87483978271484,-1.1999980211257935,-38.57001495361328,65.83235168457031,1.215160846710205,-38.82246398925781,65.84000396728516
1711476127.5490904,-1.2500003576278687,-38.685176849365234,65.81249237060547,1.4348483085632324,-38.86751937866211,65.87483978271484,-1.1999980211257935,-38.57469940185547,65.84907531738281,1.215160846710205,-38.830745697021484,65.84000396728516
1711476127.5590754,-1.2500003576278687,-38.685176849365234,65.81249237060547,1.4348483085632324,-38.86751937866211,65.87483978271484,-1.2151541709899902,-38.580013275146484,65.84750366210938,1.2000044584274292,-38.83246994018555,65.84000396728516
1711476127.5691025,-1.2500003576278687,-38.685176849365234,65.81249237060547,1.4348483085632324,-38.86751937866211,65.87483978271484,-1.2151541709899902,-38.580013275146484,65.83235168457031,1.2000044584274292,-38.83246994018555,65.84000396728516
1711476127.579005,-1.2500003576278687,-38.685176849365234,65.81249237060547,1.4348483085632324,-38.86751937866211,65.87483978271484,-1.2151541709899902,-38.580013275146484,65.83235168457031,1.2000044584274292,-38.83246994018555,65.84000396728516
1711476127.589076,-1.2500003576278687,-38.685176849365234,65.81249237060547,1.4287543296813965,-38.85173797607422,65.87483978271484,-1.2151541709899902,-38.580013275146484,65.84750366210938,1.2000044584274292,-38.83246994018555,65.84000396728516
1711476127.5991018,-1.2500003576278687,-38.685176849365234,65.81249237060547,1.41312837600708,-38.85236740112305,65.87483978271484,-1.2151541709899902,-38.580013275146484,65.83297729492188,1.2000044584274292,-38.83246994018555,65.84000396728516
1711476127.6093159,-1.2500003576278687,-38.685176849365234,65.81249237060547,1.4107847213745117,-38.85236740112305,65.87483978271484,-1.2151541709899902,-38.588294982910156,65.83235168457031,1.2000044584274292,-38.83246994018555,65.84000396728516
1711476127.6190937,-1.2500003576278687,-38.685176849365234,65.81249237060547,1.3839101791381836,-38.85236740112305,65.86264038085938,-1.2151541709899902,-38.59001159667969,65.84688568115234,1.1900044679641724,-38.81590270996094,65.84000396728516
1711476127.629097,-1.2500003576278687,-38.685176849365234,65.81249237060547,1.3812541961669922,-38.83236312866211,65.86013793945312,-1.2151541709899902,-38.600013732910156,65.84750366210938,1.183598279953003,-38.81215286254883,65.84000396728516
1711476127.6390898,-1.2500003576278687,-38.685176849365234,65.81249237060547,1.353440284729004,-38.83236312866211,65.85482788085938,-1.2151541709899902,-38.600013732910156,65.83094787597656,1.1700044870376587,-38.78262710571289,65.84000396728516
1711476127.6490796,-1.2500003576278687,-38.685176849365234,65.81249237060547,1.3548469543457031,-38.83236312866211,65.85482788085938,-1.2151541709899902,-38.60954284667969,65.83235168457031,1.1700044870376587,-38.78480911254883,65.84000396728516
1711476127.6590903,-1.2500003576278687,-38.685176849365234,65.81249237060547,1.3373470306396484,-38.83236312866211,65.84623718261719,-1.2151541709899902,-38.61001205444336,65.84750366210938,1.1498483419418335,-38.78480911254883,65.84000396728516
1711476127.6690867,-1.2500003576278687,-38.685176849365234,65.81249237060547,1.3248467445373535,-38.822364807128906,65.8448257446289,-1.2151541709899902,-38.62095260620117,65.84750366210938,1.150004506111145,-38.78480911254883,65.84000396728516
1711476127.6791103,-1.2500003576278687,-38.685176849365234,65.81249237060547,1.3095355033874512,-38.822364807128906,65.8448257446289,-1.2151541709899902,-38.62001419067383,65.83235168457031,1.150004506111145,-38.78480911254883,65.84000396728516
1711476127.689115,-1.2500003576278687,-38.685176849365234,65.81249237060547,1.29594087600708,-38.822364807128906,65.83405303955078,-1.2151541709899902,-38.62001419067383,65.84688568115234,1.150004506111145,-38.78480911254883,65.84000396728516
1711476127.6992877,-1.2500003576278687,-38.685176849365234,65.81249237060547,1.294846534729004,-38.822364807128906,65.83483123779297,-1.2151541709899902,-38.6300163269043,65.84750366210938,1.1651606559753418,-38.80043411254883,65.84000396728516
1711476127.7090814,-1.2500003576278687,-38.66752243041992,65.8224868774414,1.294846534729004,-38.822364807128906,65.83483123779297,-1.2151541709899902,-38.638450622558594,65.83235168457031,1.1651606559753418,-38.802467346191406,65.84000396728516
1711476127.7191036,-1.2500003576278687,-38.66752243041992,65.8224868774414,1.2871909141540527,-38.822364807128906,65.83483123779297,-1.2151541709899902,-38.65000915527344,65.83235168457031,1.1651606559753418,-38.802467346191406,65.84000396728516
1711476127.7290204,-1.2500003576278687,-38.66752243041992,65.8224868774414,1.2848472595214844,-38.81236267089844,65.83483123779297,-1.2151541709899902,-38.68032455444336,65.84735107421875,1.1651606559753418,-38.802467346191406,65.84000396728516
1711476127.7390919,-1.2500003576278687,-38.66752243041992,65.8224868774414,1.2776589393615723,-38.8068962097168,65.83483123779297,-1.2151541709899902,-38.68001174926758,65.84750366210938,1.1651606559753418,-38.802467346191406,65.84000396728516
1711476127.7491112,-1.2500003576278687,-38.66752243041992,65.8224868774414,1.2598466873168945,-38.802364349365234,65.83483123779297,-1.2151541709899902,-38.68891906738281,65.83235168457031,1.1651606559753418,-38.802467346191406,65.84000396728516
1711476127.7591302,-1.2500003576278687,-38.66752243041992,65.8224868774414,1.230161190032959,-38.79267883300781,65.83483123779297,-1.2151541709899902,-38.697200775146484,65.83235168457031,1.1651606559753418,-38.802467346191406,65.84000396728516
1711476127.7690396,-1.2500003576278687,-38.66752243041992,65.8224868774414,1.204848289489746,-38.7923698425293,65.82373809814453,-1.2151541709899902,-38.73188781738281,65.84750366210938,1.1651606559753418,-38.782936096191406,65.84000396728516
1711476127.7791097,-1.2500003576278687,-38.66752243041992,65.8224868774414,1.1889100074768066,-38.78501892089844,65.82483673095703,-1.2151541709899902,-38.73001480102539,65.83126068115234,1.1651606559753418,-38.778560638427734,65.84000396728516
1711476127.789014,-1.2500003576278687,-38.66752243041992,65.8224868774414,1.1607861518859863,-38.78236389160156,65.82483673095703,-1.2151541709899902,-38.73001480102539,65.83235168457031,1.1651606559753418,-38.76481246948242,65.84000396728516
1711476127.799108,-1.2500003576278687,-38.66752243041992,65.8224868774414,1.1514091491699219,-38.78236389160156,65.82483673095703,-1.2151541709899902,-38.740013122558594,65.84781646728516,1.1651606559753418,-38.76481246948242,65.84000396728516
1711476127.809126,-1.2306252717971802,-38.66752243041992,65.8224868774414,1.1348485946655273,-38.78236389160156,65.82483673095703,-1.2099981307983398,-38.740013122558594,65.84750366210938,1.1651606559753418,-38.78152847290039,65.84000396728516
1711476127.8197799,-1.2323439121246338,-38.66752243041992,65.8224868774414,1.1143779754638672,-38.77220916748047,65.82483673095703,-1.1899981498718262,-38.740013122558594,65.83235168457031,1.1651606559753418,-38.782466888427734,65.84000396728516
1711476127.8291407,-1.2323439121246338,-38.661582946777344,65.8224868774414,1.1148476600646973,-38.769710540771484,65.82483673095703,-1.1899981498718262,-38.740013122558594,65.83235168457031,1.1651606559753418,-38.782466888427734,65.84000396728516
1711476127.8390932,-1.2323439121246338,-38.65033721923828,65.8224868774414,1.1029720306396484,-38.76236343383789,65.82483673095703,-1.1899981498718262,-38.740013122558594,65.84750366210938,1.1651606559753418,-38.7640266418457,65.84000396728516
1711476127.849126,-1.2323439121246338,-38.63752365112305,65.8224868774414,1.1048483848571777,-38.76236343383789,65.82483673095703,-1.1899981498718262,-38.740013122558594,65.8386001586914,1.1651606559753418,-38.74996566772461,65.84000396728516
1711476127.859048,-1.2323439121246338,-38.632991790771484,65.8224868774414,1.1048483848571777,-38.75236511230469,65.82170104980469,-1.1899981498718262,-38.740013122558594,65.83235168457031,1.1651606559753418,-38.73481369018555,65.84000396728516
1711476127.869046,-1.2206250429153442,-38.62752151489258,65.8224868774414,1.1048483848571777,-38.75236511230469,65.81483459472656,-1.1899981498718262,-38.740013122558594,65.84766387939453,1.1651606559753418,-38.73481369018555,65.84000396728516
1711476127.879089,-1.2223440408706665,-38.62752151489258,65.8224868774414,1.1048483848571777,-38.74939727783203,65.81483459472656,-1.1899981498718262,-38.740013122558594,65.84750366210938,1.1651606559753418,-38.73481369018555,65.84000396728516
1711476127.889096,-1.2223440408706665,-38.62752151489258,65.8224868774414,1.1048483848571777,-38.742366790771484,65.81483459472656,-1.1848416328430176,-38.724388122558594,65.830322265625,1.1651606559753418,-38.73481369018555,65.84000396728516
1711476127.8991108,-1.2223440408706665,-38.62752151489258,65.8224868774414,1.1048483848571777,-38.720489501953125,65.81483459472656,-1.1771855354309082,-38.72235870361328,65.83235168457031,1.1651606559753418,-38.73481369018555,65.84000396728516
1711476127.9090905,-1.2223440408706665,-38.62752151489258,65.8224868774414,1.1209416389465332,-38.72236633300781,65.81483459472656,-1.158435583114624,-38.715641021728516,65.85922241210938,1.1681294441223145,-38.7227783203125,65.84000396728516
1711476127.9191198,-1.2223440408706665,-38.62752151489258,65.82530212402344,1.120004653930664,-38.72236633300781,65.81483459472656,-1.1599981784820557,-38.702354431152344,65.83141326904297,1.1751608848571777,-38.72480773925781,65.84000396728516
1711476127.9290454,-1.2223440408706665,-38.62752151489258,65.83248901367188,1.1245346069335938,-38.72236633300781,65.81483459472656,-1.1745291948318481,-38.702354431152344,65.83235168457031,1.1751608848571777,-38.72480773925781,65.84000396728516
1711476127.9390965,-1.2223440408706665,-38.62752151489258,65.83248901367188,1.1300039291381836,-38.72236633300781,65.81483459472656,-1.175154447555542,-38.702354431152344,65.85875701904297,1.1751608848571777,-38.72480773925781,65.84000396728516
1711476127.9490957,-1.2223440408706665,-38.621585845947266,65.83248901367188,1.1145353317260742,-38.72236633300781,65.81483459472656,-1.2062480449676514,-38.702354431152344,65.83531951904297,1.1751608848571777,-38.72480773925781,65.84000396728516
1711476127.9591112,-1.2223440408706665,-38.617523193359375,65.83248901367188,1.1148476600646973,-38.70220947265625,65.81483459472656,-1.188279390335083,-38.702354431152344,65.82235717773438,1.1751608848571777,-38.7049674987793,65.84000396728516
1711476127.9690948,-1.2223440408706665,-38.60768127441406,65.83248901367188,1.1114096641540527,-38.69236755371094,65.81483459472656,-1.1801543235778809,-38.720951080322266,65.85781860351562,1.1751608848571777,-38.696842193603516,65.84000396728516
1711476127.9790964,-1.2123438119888306,-38.594398498535156,65.83248901367188,1.0848474502563477,-38.66001892089844,65.81483459472656,-1.195935606956482,-38.72001647949219,65.8337631225586,1.1600044965744019,-38.66262435913086,65.84000396728516
1711476127.9890442,-1.2123438119888306,-38.56924057006836,65.83248901367188,1.0653162002563477,-38.64002227783203,65.81483459472656,-1.1707794666290283,-38.697200775146484,65.82235717773438,1.1389107704162598,-38.61324691772461,65.84000396728516
1711476127.9991403,-1.1915627717971802,-38.56924057006836,65.83248901367188,1.0515666007995605,-38.6276741027832,65.81483459472656,-1.169998049736023,-38.692359924316406,65.8581314086914,1.1089107990264893,-38.60074996948242,65.84000396728516
1711476128.009101,-1.1870315074920654,-38.53455352783203,65.83248901367188,1.0126590728759766,-38.58142852783203,65.81483459472656,-1.1867167949676514,-38.663448333740234,65.83625793457031,1.1068795919418335,-38.544498443603516,65.84000396728516
1711476128.0191185,-1.1521875858306885,-38.488929748535156,65.83248901367188,1.014847755432129,-38.57767868041992,65.81483459472656,-1.1487480401992798,-38.662357330322266,65.82235717773438,1.1000045537948608,-38.50434494018555,65.84000396728516
1711476128.0291018,-1.1423438787460327,-38.484554290771484,65.83248901367188,0.994846761226654,-38.56236267089844,65.81483459472656,-1.1499980688095093,-38.662357330322266,65.857666015625,1.090160846710205,-38.50481033325195,65.84000396728516
1711476128.0391364,-1.121250033378601,-38.457523345947266,65.83248901367188,0.994846761226654,-38.54236602783203,65.81483459472656,-1.175154447555542,-38.662357330322266,65.83251190185547,1.0900044441223145,-38.49512481689453,65.84000396728516
1711476128.0491323,-1.1223437786102295,-38.43939971923828,65.83248901367188,1.0100030899047852,-38.54236602783203,65.81483459472656,-1.175154447555542,-38.65282440185547,65.82235717773438,1.0900044441223145,-38.49481201171875,65.84000396728516
1711476128.0590997,-1.1223437786102295,-38.427520751953125,65.83248901367188,1.0260987281799316,-38.53049087524414,65.81483459472656,-1.2010916471481323,-38.6656379699707,65.85751342773438,1.1117233037948608,-38.51246643066406,65.84000396728516
1711476128.0690963,-1.124843955039978,-38.42111587524414,65.83248901367188,1.0400032997131348,-38.53236389160156,65.83092498779297,-1.2151541709899902,-38.670013427734375,65.83219146728516,1.1393795013427734,-38.51949691772461,65.84000396728516
1711476128.079131,-1.1400002241134644,-38.41752624511719,65.83248901367188,1.0442233085632324,-38.53236389160156,65.82998657226562,-1.2151541709899902,-38.674076080322266,65.82235717773438,1.1451607942581177,-38.532466888427734,65.84000396728516
1711476128.0891087,-1.1400002241134644,-38.41752624511719,65.83248901367188,1.0700035095214844,-38.53236389160156,65.82998657226562,-1.2151541709899902,-38.69001388549805,65.85875701904297,1.151566982269287,-38.532466888427734,65.84000396728516
1711476128.099146,-1.1487501859664917,-38.41752624511719,65.83248901367188,1.0700035095214844,-38.53236389160156,65.81483459472656,-1.2151541709899902,-38.69001388549805,65.83141326904297,1.155160665512085,-38.532466888427734,65.84000396728516
1711476128.1091232,-1.1371877193450928,-38.41752624511719,65.83248901367188,1.0700035095214844,-38.53236389160156,65.81483459472656,-1.1948418617248535,-38.69001388549805,65.82235717773438,1.155160665512085,-38.532466888427734,65.84000396728516
1711476128.1190686,-1.1223437786102295,-38.41752624511719,65.83248901367188,1.0700035095214844,-38.53236389160156,65.82889556884766,-1.1899981498718262,-38.69001388549805,65.85860443115234,1.155160665512085,-38.532466888427734,65.84000396728516
1711476128.1291022,-1.1079689264297485,-38.41752624511719,65.83248901367188,1.054065227508545,-38.53236389160156,65.82998657226562,-1.1899981498718262,-38.64344787597656,65.83126068115234,1.155160665512085,-38.532466888427734,65.84000396728516
1711476128.1391294,-1.0809377431869507,-38.41752624511719,65.83248901367188,1.054847240447998,-38.53236389160156,65.82998657226562,-1.1617169380187988,-38.642356872558594,65.83235168457031,1.155160665512085,-38.532466888427734,65.84000396728516
1711476128.149136,-1.0750001668930054,-38.41752624511719,65.83248901367188,1.054847240447998,-38.53236389160156,65.82998657226562,-1.1599981784820557,-38.642356872558594,65.85360717773438,1.155160665512085,-38.532466888427734,65.84000396728516
1711476128.1591182,-1.0646876096725464,-38.41752624511719,65.83248901367188,1.054847240447998,-38.53236389160156,65.82998657226562,-1.175154447555542,-38.642356872558594,65.84188842773438,1.155160665512085,-38.532466888427734,65.84000396728516
1711476128.1691306,-1.0623440742492676,-38.41752624511719,65.83248901367188,1.054847240447998,-38.53236389160156,65.82998657226562,-1.175154447555542,-38.642356872558594,65.83235168457031,1.155160665512085,-38.532466888427734,65.84000396728516
1711476128.1791744,-1.0487502813339233,-38.41752624511719,65.83248901367188,1.054847240447998,-38.53236389160156,65.82998657226562,-1.1599981784820557,-38.642356872558594,65.84266662597656,1.1400046348571777,-38.532466888427734,65.84000396728516
1711476128.1891387,-1.0323437452316284,-38.41752624511719,65.83248901367188,1.054847240447998,-38.53236389160156,65.82998657226562,-1.175154447555542,-38.642356872558594,65.84750366210938,1.1400046348571777,-38.532466888427734,65.84000396728516
1711476128.1991138,-1.0323437452316284,-38.41752624511719,65.83248901367188,1.054847240447998,-38.53236389160156,65.82998657226562,-1.1578106880187988,-38.63267135620117,65.83625793457031,1.1400046348571777,-38.532466888427734,65.84000396728516
1711476128.2091198,-1.0323437452316284,-38.435176849365234,65.83248901367188,1.054847240447998,-38.53236389160156,65.82998657226562,-1.1599981784820557,-38.63235855102539,65.83235168457031,1.1400046348571777,-38.532466888427734,65.84000396728516
1711476128.2191203,-1.0323437452316284,-38.435176849365234,65.83248901367188,1.054847240447998,-38.53236389160156,65.82998657226562,-1.175466775894165,-38.63235855102539,65.8493881225586,1.1400046348571777,-38.532466888427734,65.84000396728516
1711476128.2290602,-1.0323437452316284,-38.435176849365234,65.83248901367188,1.074066162109375,-38.53236389160156,65.82998657226562,-1.175154447555542,-38.63235855102539,65.84750366210938,1.1400046348571777,-38.532466888427734,65.84000396728516
1711476128.239023,-1.0323437452316284,-38.435176849365234,65.83248901367188,1.080002784729004,-38.53236389160156,65.82998657226562,-1.175154447555542,-38.63235855102539,65.83219146728516,1.1400046348571777,-38.532466888427734,65.84000396728516
1711476128.249119,-1.0323437452316284,-38.435176849365234,65.83248901367188,1.0842227935791016,-38.53236389160156,65.82998657226562,-1.175154447555542,-38.62236022949219,65.83235168457031,1.1400046348571777,-38.532466888427734,65.84000396728516
1711476128.2591395,-1.0323437452316284,-38.437992095947266,65.83248901367188,1.0900044441223145,-38.53236389160156,65.82998657226562,-1.1493730545043945,-38.6165771484375,65.85751342773438,1.1400046348571777,-38.532466888427734,65.84000396728516
1711476128.269118,-1.0323437452316284,-38.4451789855957,65.83248901367188,1.1118793487548828,-38.54767990112305,65.82998657226562,-1.1499980688095093,-38.60235595703125,65.83126068115234,1.1400046348571777,-38.532466888427734,65.84000396728516
1711476128.2791164,-1.0323437452316284,-38.46424102783203,65.83248901367188,1.1100029945373535,-38.54751968383789,65.82998657226562,-1.1399980783462524,-38.60235595703125,65.83235168457031,1.1400046348571777,-38.532466888427734,65.84000396728516
1711476128.289142,-1.0500001907348633,-38.465179443359375,65.83248901367188,1.1300039291381836,-38.54751968383789,65.83358764648438,-1.1399980783462524,-38.60235595703125,65.8581314086914,1.1400046348571777,-38.532466888427734,65.84000396728516
1711476128.2991223,-1.0500001907348633,-38.465179443359375,65.83248901367188,1.1618781089782715,-38.54751968383789,65.8399887084961,-1.1399980783462524,-38.59829330444336,65.83578491210938,1.1560982465744019,-38.53902816772461,65.84000396728516
1711476128.309117,-1.0685938596725464,-38.465179443359375,65.83248901367188,1.1740660667419434,-38.54751968383789,65.8399887084961,-1.1399980783462524,-38.59235763549805,65.83235168457031,1.155160665512085,-38.54246520996094,65.84000396728516
1711476128.3191347,-1.0771876573562622,-38.48643112182617,65.83248901367188,1.2207841873168945,-38.54751968383789,65.8399887084961,-1.1399980783462524,-38.59235763549805,65.857666015625,1.1767232418060303,-38.54246520996094,65.84000396728516
1711476128.3291242,-1.0800001621246338,-38.48517990112305,65.83248901367188,1.2550044059753418,-38.54751968383789,65.8399887084961,-1.1399980783462524,-38.59235763549805,65.84860229492188,1.1751608848571777,-38.54246520996094,65.84000396728516
1711476128.3391197,-1.107812762260437,-38.50518035888672,65.83248901367188,1.2860965728759766,-38.54751968383789,65.8399887084961,-1.1399980783462524,-38.59235763549805,65.83235168457031,1.1751608848571777,-38.54246520996094,65.84000396728516
1711476128.3491561,-1.1100002527236938,-38.53596115112305,65.84171295166016,1.3223481178283691,-38.55752182006836,65.8399887084961,-1.129997968673706,-38.59235763549805,65.84876251220703,1.1751608848571777,-38.54246520996094,65.84000396728516
1711476128.3591244,-1.1100002527236938,-38.535179138183594,65.84249877929688,1.3300037384033203,-38.56174087524414,65.8399887084961,-1.129997968673706,-38.59235763549805,65.85751342773438,1.1751608848571777,-38.54246520996094,65.84000396728516
1711476128.3691344,-1.119375228881836,-38.575645446777344,65.84249877929688,1.3360977172851562,-38.56752014160156,65.8399887084961,-1.129997968673706,-38.59235763549805,65.83235168457031,1.1751608848571777,-38.54246520996094,65.84000396728516
1711476128.3791206,-1.1200002431869507,-38.59189987182617,65.84249877929688,1.3400030136108398,-38.56752014160156,65.8399887084961,-1.1076542139053345,-38.59235763549805,65.83235168457031,1.1751608848571777,-38.54246520996094,65.84000396728516
1711476128.3891418,-1.1200002431869507,-38.625179290771484,65.84249877929688,1.3237547874450684,-38.56752014160156,65.8399887084961,-1.1099982261657715,-38.59235763549805,65.85751342773438,1.1585983037948608,-38.54246520996094,65.84000396728516
1711476128.399192,-1.1200002431869507,-38.65018081665039,65.84249877929688,1.3248467445373535,-38.56752014160156,65.8399887084961,-1.1099982261657715,-38.59235763549805,65.83203887939453,1.1600044965744019,-38.54246520996094,65.84000396728516
1711476128.4091566,-1.1200002431869507,-38.65517807006836,65.84249877929688,1.3032841682434082,-38.56752014160156,65.8399887084961,-1.104997992515564,-38.59235763549805,65.83235168457031,1.1550045013427734,-38.54246520996094,65.84000396728516
1711476128.4193027,-1.1200002431869507,-38.65517807006836,65.84249877929688,1.2910985946655273,-38.56752014160156,65.8399887084961,-1.0999979972839355,-38.59235763549805,65.85891723632812,1.150004506111145,-38.524810791015625,65.84000396728516
1711476128.4290771,-1.1200002431869507,-38.69517517089844,65.84249877929688,1.2848472595214844,-38.56752014160156,65.8399887084961,-1.1151543855667114,-38.59235763549805,65.83235168457031,1.150004506111145,-38.524810791015625,65.84000396728516
1711476128.4391253,-1.1200002431869507,-38.70674133300781,65.84249877929688,1.2792229652404785,-38.56752014160156,65.8399887084961,-1.1151543855667114,-38.59235763549805,65.83235168457031,1.150004506111145,-38.524810791015625,65.84000396728516
1711476128.4491217,-1.1200002431869507,-38.70518112182617,65.84249877929688,1.2748479843139648,-38.56752014160156,65.8399887084961,-1.1151543855667114,-38.59235763549805,65.8581314086914,1.150004506111145,-38.54246520996094,65.84000396728516
1711476128.4591408,-1.1289063692092896,-38.71595764160156,65.84249877929688,1.2535977363586426,-38.56752014160156,65.8399887084961,-1.1215605735778809,-38.59235763549805,65.84297943115234,1.150004506111145,-38.54246520996094,65.84000396728516
1711476128.4691415,-1.1299999952316284,-38.715179443359375,65.84249877929688,1.2478160858154297,-38.56752014160156,65.8399887084961,-1.1251541376113892,-38.59235763549805,65.83235168457031,1.150004506111145,-38.52824401855469,65.84000396728516
1711476128.479151,-1.1299999952316284,-38.715179443359375,65.84249877929688,1.223909854888916,-38.56752014160156,65.8399887084961,-1.1251541376113892,-38.62157440185547,65.84876251220703,1.150004506111145,-38.524810791015625,65.84000396728516
1711476128.489152,-1.1299999952316284,-38.715179443359375,65.84249877929688,1.2028169631958008,-38.56752014160156,65.8399887084961,-1.1557793617248535,-38.62001419067383,65.84750366210938,1.150004506111145,-38.524810791015625,65.84000396728516
1711476128.4992054,-1.1299999952316284,-38.715179443359375,65.84249877929688,1.204848289489746,-38.56752014160156,65.8399887084961,-1.1551544666290283,-38.62001419067383,65.84750366210938,1.150004506111145,-38.55183792114258,65.84000396728516
1711476128.5090656,-1.1299999952316284,-38.715179443359375,65.84249877929688,1.204848289489746,-38.56752014160156,65.8399887084961,-1.1551544666290283,-38.62001419067383,65.84750366210938,1.1659419536590576,-38.552467346191406,65.84000396728516
1711476128.5191329,-1.1299999952316284,-38.715179443359375,65.84249877929688,1.204848289489746,-38.56752014160156,65.8399887084961,-1.1551544666290283,-38.62001419067383,65.84750366210938,1.167973279953003,-38.57246780395508,65.84000396728516
1711476128.5291317,-1.1299999952316284,-38.715179443359375,65.84249877929688,1.230003833770752,-38.56752014160156,65.8399887084961,-1.1276543140411377,-38.62001419067383,65.84750366210938,1.1751608848571777,-38.57246780395508,65.84000396728516
1711476128.5391357,-1.1299999952316284,-38.715179443359375,65.84249877929688,1.236722469329834,-38.56752014160156,65.8399887084961,-1.129997968673706,-38.62001419067383,65.84750366210938,1.1751608848571777,-38.581844329833984,65.84000396728516
1711476128.549129,-1.1299999952316284,-38.715179443359375,65.84249877929688,1.2400031089782715,-38.56752014160156,65.8399887084961,-1.129997968673706,-38.62001419067383,65.84750366210938,1.1751608848571777,-38.58246994018555,65.84000396728516
1711476128.5591261,-1.1299999952316284,-38.715179443359375,65.84249877929688,1.250004768371582,-38.56752014160156,65.8399887084961,-1.1199980974197388,-38.62001419067383,65.84750366210938,1.1751608848571777,-38.58246994018555,65.84000396728516
1711476128.5691411,-1.1299999952316284,-38.715179443359375,65.84249877929688,1.250004768371582,-38.56752014160156,65.8399887084961,-1.1199980974197388,-38.62001419067383,65.84750366210938,1.1751608848571777,-38.58246994018555,65.84000396728516
1711476128.5791335,-1.1299999952316284,-38.715179443359375,65.84249877929688,1.250004768371582,-38.56752014160156,65.8399887084961,-1.1199980974197388,-38.62001419067383,65.84750366210938,1.1751608848571777,-38.58246994018555,65.84000396728516
1711476128.5891287,-1.1299999952316284,-38.715179443359375,65.84249877929688,1.2415671348571777,-38.56752014160156,65.8399887084961,-1.1199980974197388,-38.62001419067383,65.84750366210938,1.1751608848571777,-38.58246994018555,65.84000396728516
1711476128.5993588,-1.1299999952316284,-38.715179443359375,65.84249877929688,1.2248468399047852,-38.56752014160156,65.84264373779297,-1.1199980974197388,-38.62001419067383,65.84750366210938,1.1751608848571777,-38.58246994018555,65.84000396728516
1711476128.6090572,-1.1299999952316284,-38.715179443359375,65.84249877929688,1.2248468399047852,-38.57127380371094,65.84999084472656,-1.1199980974197388,-38.62001419067383,65.84750366210938,1.1751608848571777,-38.58246994018555,65.84000396728516
1711476128.6191468,-1.1299999952316284,-38.715179443359375,65.84249877929688,1.2248468399047852,-38.5775260925293,65.84999084472656,-1.1199980974197388,-38.62001419067383,65.84750366210938,1.1751608848571777,-38.58246994018555,65.84000396728516
1711476128.6291308,-1.1299999952316284,-38.715179443359375,65.84249877929688,1.2514090538024902,-38.5775260925293,65.84999084472656,-1.1199980974197388,-38.62001419067383,65.84750366210938,1.1751608848571777,-38.59246826171875,65.84000396728516
1711476128.6391406,-1.1299999952316284,-38.715179443359375,65.84249877929688,1.250004768371582,-38.5775260925293,65.84999084472656,-1.1199980974197388,-38.62001419067383,65.84750366210938,1.1751608848571777,-38.61153030395508,65.84000396728516
1711476128.649169,-1.1299999952316284,-38.715179443359375,65.84249877929688,1.2717223167419434,-38.58205032348633,65.84999084472656,-1.1076542139053345,-38.62001419067383,65.84750366210938,1.1751608848571777,-38.61246871948242,65.84000396728516
1711476128.659175,-1.1299999952316284,-38.715179443359375,65.84249877929688,1.270003318786621,-38.587520599365234,65.84999084472656,-1.1099982261657715,-38.62001419067383,65.84750366210938,1.1751608848571777,-38.617469787597656,65.84000396728516
1711476128.669132,-1.1299999952316284,-38.715179443359375,65.84249877929688,1.270003318786621,-38.59611511230469,65.84999084472656,-1.1099982261657715,-38.62001419067383,65.84750366210938,1.1751608848571777,-38.622467041015625,65.84000396728516
1711476128.6791499,-1.1299999952316284,-38.715179443359375,65.84249877929688,1.270003318786621,-38.59751892089844,65.84999084472656,-1.1099982261657715,-38.62001419067383,65.84750366210938,1.1751608848571777,-38.629032135009766,65.84000396728516
1711476128.689162,-1.1299999952316284,-38.69783401489258,65.84249877929688,1.270003318786621,-38.59751892089844,65.84999084472656,-1.1099982261657715,-38.62001419067383,65.84750366210938,1.1751608848571777,-38.63246536254883,65.84000396728516
1711476128.6990926,-1.1125000715255737,-38.69752502441406,65.84249877929688,1.243441104888916,-38.582366943359375,65.83483123779297,-1.1099982261657715,-38.62001419067383,65.84750366210938,1.1751608848571777,-38.63246536254883,65.84000396728516
1711476128.7091238,-1.1123440265655518,-38.69752502441406,65.84249877929688,1.211254596710205,-38.582366943359375,65.83483123779297,-1.1251541376113892,-38.62001419067383,65.84750366210938,1.1751608848571777,-38.61246871948242,65.84000396728516
1711476128.7193916,-1.1079689264297485,-38.69752502441406,65.84249877929688,1.2009406089782715,-38.582366943359375,65.83483123779297,-1.0976544618606567,-38.62001419067383,65.84750366210938,1.1751608848571777,-38.60481262207031,65.84000396728516
1711476128.7290738,-1.0823440551757812,-38.69752502441406,65.84249877929688,1.158285140991211,-38.582366943359375,65.83483123779297,-1.0999979972839355,-38.62001419067383,65.84750366210938,1.1751608848571777,-38.583717346191406,65.84000396728516
1711476128.7391312,-1.0823440551757812,-38.68939971923828,65.84249877929688,1.152036190032959,-38.582366943359375,65.83483123779297,-1.0956231355667114,-38.60829162597656,65.84750366210938,1.1751608848571777,-38.58481216430664,65.84000396728516
1711476128.7491493,-1.0518749952316284,-38.687522888183594,65.84249877929688,1.1231279373168945,-38.582366943359375,65.83483123779297,-1.0699981451034546,-38.60235595703125,65.84750366210938,1.1751608848571777,-38.58481216430664,65.84000396728516
1711476128.7591524,-1.0523438453674316,-38.687522888183594,65.84249877929688,1.1248469352722168,-38.582366943359375,65.83483123779297,-1.0699981451034546,-38.60235595703125,65.84750366210938,1.1751608848571777,-38.58481216430664,65.84000396728516
1711476128.7691555,-1.0523438453674316,-38.687522888183594,65.84249877929688,1.1076593399047852,-38.582366943359375,65.83483123779297,-1.0699981451034546,-38.60235595703125,65.84750366210938,1.1751608848571777,-38.58481216430664,65.84000396728516
1711476128.7791436,-1.0523438453674316,-38.687522888183594,65.84249877929688,1.1048483848571777,-38.582366943359375,65.83483123779297,-1.0660920143127441,-38.60235595703125,65.84750366210938,1.1751608848571777,-38.60246658325195,65.84000396728516
1711476128.7891438,-1.0523438453674316,-38.687522888183594,65.84249877929688,1.1048483848571777,-38.582366943359375,65.83483123779297,-1.0599980354309082,-38.60235595703125,65.84750366210938,1.1751608848571777,-38.60246658325195,65.84000396728516
1711476128.799146,-1.0523438453674316,-38.687522888183594,65.84249877929688,1.1048483848571777,-38.582366943359375,65.83483123779297,-1.0599980354309082,-38.59235763549805,65.84750366210938,1.1751608848571777,-38.60246658325195,65.84000396728516
1711476128.8091664,-1.0523438453674316,-38.687522888183594,65.84249877929688,1.1048483848571777,-38.582366943359375,65.85202026367188,-1.0599980354309082,-38.59235763549805,65.84750366210938,1.1751608848571777,-38.58481216430664,65.84000396728516
1711476128.8191543,-1.0523438453674316,-38.687522888183594,65.84249877929688,1.1048483848571777,-38.582366943359375,65.84999084472656,-1.0599980354309082,-38.59235763549805,65.84750366210938,1.1751608848571777,-38.58481216430664,65.84000396728516
1711476128.8291812,-1.0696876049041748,-38.68471145629883,65.84249877929688,1.1048483848571777,-38.582366943359375,65.833740234375,-1.075154185295105,-38.59235763549805,65.84750366210938,1.1601606607437134,-38.58481216430664,65.84000396728516
1711476128.839083,-1.070000171661377,-38.67752456665039,65.84249877929688,1.1048483848571777,-38.582366943359375,65.833740234375,-1.075154185295105,-38.59235763549805,65.84750366210938,1.1600044965744019,-38.58481216430664,65.84000396728516
1711476128.8491545,-1.070000171661377,-38.67752456665039,65.84249877929688,1.1048483848571777,-38.582366943359375,65.86170959472656,-1.075154185295105,-38.59235763549805,65.84750366210938,1.1600044965744019,-38.58481216430664,65.84000396728516
1711476128.8591604,-1.070000171661377,-38.67752456665039,65.84249877929688,1.1048483848571777,-38.582366943359375,65.85999298095703,-1.075154185295105,-38.59235763549805,65.84750366210938,1.1600044965744019,-38.58481216430664,65.84000396728516
1711476128.8691401,-1.070000171661377,-38.67752456665039,65.84249877929688,1.1048483848571777,-38.582366943359375,65.8449935913086,-1.075154185295105,-38.59235763549805,65.84750366210938,1.1600044965744019,-38.58481216430664,65.84000396728516
1711476128.879169,-1.070000171661377,-38.67752456665039,65.84249877929688,1.1048483848571777,-38.582366943359375,65.8448257446289,-1.075154185295105,-38.59235763549805,65.84750366210938,1.151566982269287,-38.58481216430664,65.84000396728516
1711476128.8890612,-1.0776563882827759,-38.67752456665039,65.84249877929688,1.1048483848571777,-38.59751892089844,65.8448257446289,-1.075154185295105,-38.59235763549805,65.84750366210938,1.150004506111145,-38.58481216430664,65.84000396728516
1711476128.8991234,-1.0800001621246338,-38.67752456665039,65.84249877929688,1.1048483848571777,-38.59751892089844,65.8448257446289,-1.075154185295105,-38.59235763549805,65.84750366210938,1.150004506111145,-38.58481216430664,65.84000396728516
1711476128.9091601,-1.0826563835144043,-38.67752456665039,65.84249877929688,1.1048483848571777,-38.59751892089844,65.8448257446289,-1.0821855068206787,-38.59235763549805,65.84750366210938,1.150004506111145,-38.58481216430664,65.84000396728516
1711476128.9191573,-1.0900002717971802,-38.67752456665039,65.84249877929688,1.1048483848571777,-38.59751892089844,65.8448257446289,-1.106404423713684,-38.59235763549805,65.84750366210938,1.150004506111145,-38.58481216430664,65.84000396728516
1711476128.9291456,-1.0900002717971802,-38.67752456665039,65.84249877929688,1.1048483848571777,-38.59751892089844,65.8448257446289,-1.1051545143127441,-38.59235763549805,65.84750366210938,1.150004506111145,-38.58481216430664,65.84000396728516
1711476128.9391494,-1.097656488418579,-38.67752456665039,65.84249877929688,1.1048483848571777,-38.59751892089844,65.8448257446289,-1.126873254776001,-38.59235763549805,65.84750366210938,1.150004506111145,-38.58481216430664,65.84000396728516
1711476128.949168,-1.1000001430511475,-38.67752456665039,65.84249877929688,1.1048483848571777,-38.59751892089844,65.8448257446289,-1.1251541376113892,-38.59235763549805,65.84750366210938,1.150004506111145,-38.58481216430664,65.84000396728516
1711476128.9591386,-1.1070313453674316,-38.67752456665039,65.84249877929688,1.1048483848571777,-38.59751892089844,65.8448257446289,-1.1251541376113892,-38.59235763549805,65.84750366210938,1.150004506111145,-38.58481216430664,65.84688568115234
1711476128.9691522,-1.1100002527236938,-38.67752456665039,65.84249877929688,1.1048483848571777,-38.59751892089844,65.8448257446289,-1.1251541376113892,-38.59235763549805,65.84750366210938,1.150004506111145,-38.58481216430664,65.85000610351562
1711476128.9791543,-1.1100002527236938,-38.66752243041992,65.84249877929688,1.1226606369018555,-38.59751892089844,65.8448257446289,-1.1251541376113892,-38.59235763549805,65.84750366210938,1.150004506111145,-38.58481216430664,65.85000610351562
1711476128.9890735,-1.1100002527236938,-38.66752243041992,65.84249877929688,1.1300039291381836,-38.59751892089844,65.8448257446289,-1.1251541376113892,-38.59235763549805,65.84750366210938,1.150004506111145,-38.58481216430664,65.85000610351562
1711476128.9991145,-1.1100002527236938,-38.66752243041992,65.84249877929688,1.1300039291381836,-38.59751892089844,65.8448257446289,-1.1251541376113892,-38.59235763549805,65.84750366210938,1.150004506111145,-38.58481216430664,65.85000610351562
1711476129.0091708,-1.1100002527236938,-38.66752243041992,65.84249877929688,1.1604714393615723,-38.59751892089844,65.8448257446289,-1.1251541376113892,-38.59235763549805,65.84750366210938,1.150004506111145,-38.58481216430664,65.85000610351562
1711476129.0191624,-1.1100002527236938,-38.66752243041992,65.84249877929688,1.1700034141540527,-38.59751892089844,65.8448257446289,-1.1251541376113892,-38.59235763549805,65.84750366210938,1.150004506111145,-38.58481216430664,65.85000610351562
1711476129.0291696,-1.1100002527236938,-38.66752243041992,65.84249877929688,1.1700034141540527,-38.59751892089844,65.8448257446289,-1.1199980974197388,-38.59235763549805,65.84750366210938,1.150004506111145,-38.58481216430664,65.85000610351562
1711476129.0391717,-1.1100002527236938,-38.66752243041992,65.84249877929688,1.190941333770752,-38.60283279418945,65.8448257446289,-1.1099982261657715,-38.59235763549805,65.84750366210938,1.150004506111145,-38.60246658325195,65.85000610351562
1711476129.049171,-1.1100002527236938,-38.66752243041992,65.84249877929688,1.1900043487548828,-38.607521057128906,65.8448257446289,-1.0999979972839355,-38.59235763549805,65.84750366210938,1.150004506111145,-38.60246658325195,65.85000610351562
1711476129.0591505,-1.1100002527236938,-38.66752243041992,65.84249877929688,1.1900043487548828,-38.607521057128906,65.8448257446289,-1.0999979972839355,-38.59235763549805,65.84750366210938,1.150004506111145,-38.60246658325195,65.85000610351562
1711476129.0691261,-1.1100002527236938,-38.66752243041992,65.84249877929688,1.1900043487548828,-38.61252212524414,65.8448257446289,-1.0899981260299683,-38.59235763549805,65.84750366210938,1.150004506111145,-38.60246658325195,65.85000610351562
1711476129.0791085,-1.1100002527236938,-38.66752243041992,65.84249877929688,1.1900043487548828,-38.62236404418945,65.8448257446289,-1.0899981260299683,-38.59235763549805,65.84750366210938,1.150004506111145,-38.60246658325195,65.85000610351562
1711476129.0890872,-1.1100002527236938,-38.66752243041992,65.84249877929688,1.1900043487548828,-38.62752151489258,65.8448257446289,-1.0840606689453125,-38.59235763549805,65.84750366210938,1.150004506111145,-38.60246658325195,65.85000610351562
1711476129.0991738,-1.1100002527236938,-38.66752243041992,65.84249877929688,1.1900043487548828,-38.63752365112305,65.8448257446289,-1.0799980163574219,-38.59235763549805,65.84750366210938,1.150004506111145,-38.60246658325195,65.85000610351562
1711476129.1091733,-1.1100002527236938,-38.66752243041992,65.84249877929688,1.1900043487548828,-38.63752365112305,65.8448257446289,-1.0799980163574219,-38.59235763549805,65.84750366210938,1.150004506111145,-38.605438232421875,65.85000610351562
1711476129.1191797,-1.1100002527236938,-38.66752243041992,65.84249877929688,1.1900043487548828,-38.63752365112305,65.8448257446289,-1.0799980163574219,-38.59235763549805,65.84750366210938,1.150004506111145,-38.61246871948242,65.85000610351562
1711476129.1291811,-1.1100002527236938,-38.66752243041992,65.84249877929688,1.1900043487548828,-38.63752365112305,65.8448257446289,-1.0799980163574219,-38.59235763549805,65.84750366210938,1.150004506111145,-38.61637496948242,65.85000610351562
1711476129.1391969,-1.1100002527236938,-38.66752243041992,65.84249877929688,1.1900043487548828,-38.63752365112305,65.8448257446289,-1.0799980163574219,-38.59235763549805,65.84750366210938,1.150004506111145,-38.622467041015625,65.85000610351562
1711476129.1491697,-1.1100002527236938,-38.66752243041992,65.84249877929688,1.1900043487548828,-38.63752365112305,65.8448257446289,-1.0971856117248535,-38.59235763549805,65.84750366210938,1.150004506111145,-38.622467041015625,65.85000610351562
1711476129.1591778,-1.1100002527236938,-38.66752243041992,65.84249877929688,1.1900043487548828,-38.63752365112305,65.8448257446289,-1.0951542854309082,-38.59235763549805,65.84750366210938,1.150004506111145,-38.60636901855469,65.85000610351562
1711476129.1691828,-1.1100002527236938,-38.66752243041992,65.84249877929688,1.1900043487548828,-38.63752365112305,65.8448257446289,-1.0799980163574219,-38.59235763549805,65.84750366210938,1.150004506111145,-38.60481262207031,65.85000610351562
1711476129.179182,-1.1100002527236938,-38.66752243041992,65.84249877929688,1.1900043487548828,-38.63752365112305,65.8448257446289,-1.0799980163574219,-38.59235763549805,65.84750366210938,1.150004506111145,-38.60481262207031,65.85000610351562
1711476129.1890976,-1.1100002527236938,-38.66752243041992,65.84249877929688,1.1900043487548828,-38.64752197265625,65.8448257446289,-1.0799980163574219,-38.59235763549805,65.84750366210938,1.150004506111145,-38.60481262207031,65.85000610351562
1711476129.1991029,-1.1100002527236938,-38.66752243041992,65.84249877929688,1.1900043487548828,-38.64752197265625,65.8448257446289,-1.0799980163574219,-38.59235763549805,65.84750366210938,1.150004506111145,-38.60481262207031,65.85000610351562
1711476129.2091587,-1.1151564121246338,-38.66752243041992,65.84249877929688,1.1900043487548828,-38.64752197265625,65.8448257446289,-1.0889045000076294,-38.59235763549805,65.84750366210938,1.150004506111145,-38.60481262207031,65.85000610351562
1711476129.2191784,-1.1299999952316284,-38.66752243041992,65.84249877929688,1.1900043487548828,-38.650020599365234,65.8448257446289,-1.1151543855667114,-38.59235763549805,65.84750366210938,1.150004506111145,-38.6212158203125,65.85000610351562
1711476129.2291195,-1.1299999952316284,-38.66752243041992,65.84249877929688,1.1900043487548828,-38.65752029418945,65.8448257446289,-1.1151543855667114,-38.59235763549805,65.84750366210938,1.150004506111145,-38.622467041015625,65.85000610351562
1711476129.239164,-1.1400002241134644,-38.66752243041992,65.84249877929688,1.1900043487548828,-38.65752029418945,65.8448257446289,-1.156873106956482,-38.62032699584961,65.84750366210938,1.150004506111145,-38.622467041015625,65.85000610351562
1711476129.249251,-1.1400002241134644,-38.66752243041992,65.84249877929688,1.1792230606079102,-38.65752029418945,65.8448257446289,-1.1551544666290283,-38.62001419067383,65.84750366210938,1.150004506111145,-38.622467041015625,65.85000610351562
1711476129.259855,-1.1451563835144043,-38.66752243041992,65.84249877929688,1.1748480796813965,-38.660804748535156,65.8448257446289,-1.1582791805267334,-38.62001419067383,65.84750366210938,1.150004506111145,-38.622467041015625,65.85000610351562
1711476129.2691715,-1.1500000953674316,-38.66752243041992,65.84249877929688,1.1748480796813965,-38.66752243041992,65.8448257446289,-1.175154447555542,-38.62938690185547,65.84750366210938,1.150004506111145,-38.622467041015625,65.85000610351562
1711476129.2791913,-1.1542189121246338,-38.66752243041992,65.84249877929688,1.1540651321411133,-38.66752243041992,65.8448257446289,-1.175154447555542,-38.6300163269043,65.84750366210938,1.150004506111145,-38.622467041015625,65.85000610351562
1711476129.2891624,-1.1600003242492676,-38.66752243041992,65.84249877929688,1.1548471450805664,-38.66752243041992,65.8448257446289,-1.1970293521881104,-38.63954544067383,65.84750366210938,1.150004506111145,-38.622467041015625,65.85000610351562
1711476129.2991903,-1.1679688692092896,-38.66752243041992,65.84249877929688,1.1548471450805664,-38.673301696777344,65.8448257446289,-1.1951541900634766,-38.640010833740234,65.84750366210938,1.150004506111145,-38.622467041015625,65.85000610351562
1711476129.3090873,-1.1700001955032349,-38.66752243041992,65.84249877929688,1.1548471450805664,-38.677520751953125,65.8448257446289,-1.198904275894165,-38.66001510620117,65.84750366210938,1.150004506111145,-38.622467041015625,65.85000610351562
1711476129.3191662,-1.1725002527236938,-38.66752243041992,65.84249877929688,1.1548471450805664,-38.677520751953125,65.8448257446289,-1.205154299736023,-38.670013427734375,65.84750366210938,1.150004506111145,-38.622467041015625,65.85000610351562
1711476129.329201,-1.1800003051757812,-38.66752243041992,65.84249877929688,1.1548471450805664,-38.677520751953125,65.8448257446289,-1.205154299736023,-38.67923355102539,65.84750366210938,1.150004506111145,-38.622467041015625,65.85000610351562
1711476129.3391895,-1.1800003051757812,-38.66752243041992,65.84249877929688,1.1412549018859863,-38.677520751953125,65.8448257446289,-1.205154299736023,-38.69001388549805,65.84750366210938,1.150004506111145,-38.622467041015625,65.85000610351562
1711476129.3491895,-1.1800003051757812,-38.66752243041992,65.84249877929688,1.1348485946655273,-38.677520751953125,65.8448257446289,-1.205154299736023,-38.710323333740234,65.84750366210938,1.150004506111145,-38.622467041015625,65.85000610351562
1711476129.359202,-1.1800003051757812,-38.66752243041992,65.84249877929688,1.1348485946655273,-38.677520751953125,65.8448257446289,-1.205154299736023,-38.71001052856445,65.84750366210938,1.150004506111145,-38.622467041015625,65.85000610351562
1711476129.3692138,-1.1800003051757812,-38.66752243041992,65.84249877929688,1.1226606369018555,-38.677520751953125,65.8448257446289,-1.205154299736023,-38.73157501220703,65.84750366210938,1.150004506111145,-38.622467041015625,65.85000610351562
1711476129.3792074,-1.1800003051757812,-38.66752243041992,65.84249877929688,1.1248469352722168,-38.677520751953125,65.8448257446289,-1.205154299736023,-38.73001480102539,65.84750366210938,1.150004506111145,-38.622467041015625,65.85000610351562
1711476129.3891723,-1.1800003051757812,-38.66752243041992,65.84249877929688,1.1248469352722168,-38.677520751953125,65.8448257446289,-1.205154299736023,-38.73001480102539,65.84750366210938,1.150004506111145,-38.622467041015625,65.85000610351562
1711476129.3991916,-1.1800003051757812,-38.66752243041992,65.84249877929688,1.1248469352722168,-38.677520751953125,65.8448257446289,-1.205154299736023,-38.73001480102539,65.84750366210938,1.150004506111145,-38.622467041015625,65.85000610351562
1711476129.4091146,-1.1800003051757812,-38.66330337524414,65.84249877929688,1.1248469352722168,-38.677520751953125,65.8448257446289,-1.205154299736023,-38.76032638549805,65.89437866210938,1.150004506111145,-38.622467041015625,65.85000610351562
1711476129.4192061,-1.1800003051757812,-38.629554748535156,65.84249877929688,1.1248469352722168,-38.677520751953125,65.8448257446289,-1.250779390335083,-38.84813690185547,65.978759765625,1.1651606559753418,-38.63168716430664,65.85000610351562
1711476129.4291668,-1.137656569480896,-38.617523193359375,65.84249877929688,1.1812543869018555,-38.661582946777344,65.8448257446289,-1.265154242515564,-38.86001205444336,66.03594970703125,1.1651606559753418,-38.63246536254883,65.85000610351562
1711476129.439638,-1.1187502145767212,-38.578460693359375,65.84249877929688,1.2001609802246094,-38.661582946777344,65.8448257446289,-1.265154242515564,-38.86001205444336,66.0768814086914,1.1651606559753418,-38.5843391418457,65.85000610351562
1711476129.449204,-1.0873439311981201,-38.5775260925293,65.84249877929688,1.26234769821167,-38.66236877441406,65.8448257446289,-1.265154242515564,-38.810638427734375,66.09000396728516,1.1651606559753418,-38.567466735839844,65.85000610351562
1711476129.4591918,-1.0724999904632568,-38.55752182006836,65.84249877929688,1.2914109230041504,-38.67595672607422,65.8448257446289,-1.2498418092727661,-38.763919830322266,66.09750366210938,1.1651606559753418,-38.5648078918457,65.85000610351562
1711476129.4691138,-1.0723439455032349,-38.55752182006836,65.84249877929688,1.2900042533874512,-38.677520751953125,65.8448257446289,-1.2399981021881104,-38.6556396484375,66.08907318115234,1.1651606559753418,-38.58246994018555,65.85000610351562
1711476129.4791954,-1.0831252336502075,-38.55752182006836,65.84249877929688,1.2900042533874512,-38.677520751953125,65.8448257446289,-1.1812481880187988,-38.54438781738281,66.06234741210938,1.1651606559753418,-38.61043167114258,65.85000610351562
1711476129.489187,-1.1100002527236938,-38.554866790771484,65.84249877929688,1.2639093399047852,-38.677520751953125,65.8448257446289,-1.1679667234420776,-38.462982177734375,66.0279769897461,1.1751608848571777,-38.622467041015625,65.85000610351562
1711476129.4991002,-1.1100002527236938,-38.547523498535156,65.84249877929688,1.250317096710205,-38.683773040771484,65.8448257446289,-1.1353105306625366,-38.423919677734375,66.01235961914062,1.1751608848571777,-38.6273078918457,65.85000610351562
1711476129.5091734,-1.146875262260437,-38.547523498535156,65.84249877929688,1.2162542343139648,-38.687522888183594,65.8448257446289,-1.0999979972839355,-38.40235900878906,65.98171997070312,1.1751608848571777,-38.64247131347656,65.85000610351562
1711476129.5192013,-1.1500000953674316,-38.547523498535156,65.84249877929688,1.2093782424926758,-38.687522888183594,65.8448257446289,-1.090623140335083,-38.43110656738281,65.97235107421875,1.1751608848571777,-38.68621826171875,65.85000610351562
1711476129.5291798,-1.1500000953674316,-38.547523498535156,65.84249877929688,1.1948466300964355,-38.687522888183594,65.8448257446289,-1.0799980163574219,-38.44001388549805,65.96422576904297,1.1751608848571777,-38.71028137207031,65.85000610351562
1711476129.5391822,-1.1500000953674316,-38.547523498535156,65.84249877929688,1.1948466300964355,-38.687522888183594,65.8448257446289,-1.0799980163574219,-38.471885681152344,65.95235443115234,1.1751608848571777,-38.74184036254883,65.85000610351562
1711476129.5491908,-1.1500000953674316,-38.547523498535156,65.84249877929688,1.1948466300964355,-38.687522888183594,65.8448257446289,-1.0535919666290283,-38.47001647949219,65.97673034667969,1.1751608848571777,-38.74652862548828,65.85000610351562
1711476129.5591035,-1.1500000953674316,-38.547523498535156,65.84249877929688,1.1948466300964355,-38.687522888183594,65.8448257446289,-1.0184357166290283,-38.47001647949219,65.97750854492188,1.1751608848571777,-38.76246643066406,65.85000610351562
1711476129.5692105,-1.1500000953674316,-38.53752136230469,65.84249877929688,1.1948466300964355,-38.672367095947266,65.8448257446289,-0.9885919094085693,-38.47001647949219,66.02750396728516,1.1751608848571777,-38.78090286254883,65.85000610351562
1711476129.5792072,-1.1500000953674316,-38.53752136230469,65.84249877929688,1.1882853507995605,-38.672367095947266,65.8448257446289,-0.9595292210578918,-38.47001647949219,66.02750396728516,1.1751608848571777,-38.782466888427734,65.85000610351562
1711476129.5891223,-1.1500000953674316,-38.52908706665039,65.84249877929688,1.184847354888916,-38.672367095947266,65.8448257446289,-0.9393731355667114,-38.47001647949219,66.06188201904297,1.1751608848571777,-38.782466888427734,65.85000610351562
1711476129.599189,-1.1500000953674316,-38.527523040771484,65.84249877929688,1.184847354888916,-38.672367095947266,65.8448257446289,-0.9129667282104492,-38.47001647949219,66.06751251220703,1.1751608848571777,-38.782466888427734,65.85000610351562
1711476129.609218,-1.1500000953674316,-38.527523040771484,65.84249877929688,1.184847354888916,-38.672367095947266,65.8448257446289,-0.905935525894165,-38.47001647949219,66.07157135009766,1.1751608848571777,-38.782466888427734,65.85000610351562
1711476129.6192348,-1.1500000953674316,-38.527523040771484,65.84249877929688,1.184847354888916,-38.667991638183594,65.8448257446289,-0.8792167901992798,-38.47001647949219,66.09750366210938,1.1951607465744019,-38.782466888427734,65.88016510009766
1711476129.6292598,-1.168750286102295,-38.527523040771484,65.84249877929688,1.184847354888916,-38.65111541748047,65.8448257446289,-0.8799982070922852,-38.47001647949219,66.09750366210938,1.1987545490264893,-38.782466888427734,65.89000701904297
1711476129.6392338,-1.1700001955032349,-38.527523040771484,65.84249877929688,1.1798477172851562,-38.65236282348633,65.8448257446289,-0.8748418092727661,-38.44454574584961,66.1178207397461,1.2051607370376587,-38.75481033325195,65.89000701904297
1711476129.6492043,-1.1800003051757812,-38.527523040771484,65.84249877929688,1.152660846710205,-38.65236282348633,65.8448257446289,-0.869998037815094,-38.43922805786133,66.11751556396484,1.2051607370376587,-38.750282287597656,65.8962631225586
1711476129.6592011,-1.1845314502716064,-38.527523040771484,65.84249877929688,1.1548471450805664,-38.65236282348633,65.8448257446289,-0.869998037815094,-38.412357330322266,66.13751220703125,1.2171920537948608,-38.71480941772461,65.90000915527344
1711476129.6692305,-1.1900001764297485,-38.527523040771484,65.84249877929688,1.1548471450805664,-38.669551849365234,65.8448257446289,-0.869998037815094,-38.412357330322266,66.15251159667969,1.215160846710205,-38.70918655395508,65.90000915527344
1711476129.6791122,-1.1723437309265137,-38.527523040771484,65.84249877929688,1.1548471450805664,-38.66752243041992,65.8448257446289,-0.869998037815094,-38.392356872558594,66.17750549316406,1.215160846710205,-38.68793487548828,65.90000915527344
1711476129.6891856,-1.1723437309265137,-38.527523040771484,65.84249877929688,1.1548471450805664,-38.66752243041992,65.8448257446289,-0.8724981546401978,-38.392356872558594,66.20423126220703,1.215160846710205,-38.684810638427734,65.90000915527344
1711476129.6992416,-1.1723437309265137,-38.546897888183594,65.84249877929688,1.1548471450805664,-38.66752243041992,65.8448257446289,-0.8851543068885803,-38.38282775878906,66.22750854492188,1.215160846710205,-38.653404235839844,65.90000915527344
1711476129.7092087,-1.1723437309265137,-38.54518127441406,65.84249877929688,1.1548471450805664,-38.66752243041992,65.8448257446289,-0.905935525894165,-38.382354736328125,66.23094177246094,1.215160846710205,-38.65481185913086,65.90000915527344
1711476129.719218,-1.1723437309265137,-38.54518127441406,65.84249877929688,1.1548471450805664,-38.66752243041992,65.8448257446289,-0.915154218673706,-38.37236022949219,66.25750732421875,1.215160846710205,-38.62371826171875,65.90000915527344
1711476129.7292426,-1.1723437309265137,-38.54518127441406,65.84249877929688,1.1700034141540527,-38.66752243041992,65.8448257446289,-0.915154218673706,-38.365169525146484,66.25750732421875,1.215160846710205,-38.62480926513672,65.90000915527344
1711476129.7391884,-1.1723437309265137,-38.5545539855957,65.84249877929688,1.1700034141540527,-38.66752243041992,65.8448257446289,-0.935623049736023,-38.35235595703125,66.26063537597656,1.215160846710205,-38.62153244018555,65.9040756225586
1711476129.7491183,-1.1723437309265137,-38.555179595947266,65.84249877929688,1.1700034141540527,-38.66752243041992,65.8448257446289,-0.9351542592048645,-38.33891677856445,66.26750946044922,1.215160846710205,-38.60481262207031,65.91000366210938
1711476129.75921,-1.1723437309265137,-38.555179595947266,65.84249877929688,1.1700034141540527,-38.66752243041992,65.8448257446289,-0.9351542592048645,-38.33235549926758,66.26750946044922,1.215160846710205,-38.60481262207031,65.92329406738281
1711476129.7692673,-1.1723437309265137,-38.555179595947266,65.84249877929688,1.1700034141540527,-38.66752243041992,65.8448257446289,-0.9548419117927551,-38.31360626220703,66.26750946044922,1.212660789489746,-38.58621597290039,65.93000793457031
1711476129.7792149,-1.1723437309265137,-38.555179595947266,65.84249877929688,1.1700034141540527,-38.6506462097168,65.8448257446289,-0.955154299736023,-38.30891799926758,66.26750946044922,1.2000044584274292,-38.58481216430664,65.93266296386719
1711476129.789133,-1.1723437309265137,-38.555179595947266,65.84249877929688,1.1700034141540527,-38.65236282348633,65.8448257446289,-0.9596854448318481,-38.28235626220703,66.26750946044922,1.2000044584274292,-38.58481216430664,65.95001220703125
1711476129.799123,-1.1723437309265137,-38.555179595947266,65.84249877929688,1.1700034141540527,-38.65236282348633,65.8448257446289,-0.9751543402671814,-38.28235626220703,66.26750946044922,1.2000044584274292,-38.57481002807617,65.95626068115234
1711476129.8091376,-1.1878126859664917,-38.558773040771484,65.84249877929688,1.1700034141540527,-38.645023345947266,65.8448257446289,-0.9795292615890503,-38.264076232910156,66.26750946044922,1.2000044584274292,-38.57481002807617,65.96485137939453
1711476129.8192282,-1.1900001764297485,-38.5758056640625,65.84249877929688,1.1762547492980957,-38.642364501953125,65.8448257446289,-0.9951543807983398,-38.26235580444336,66.26750946044922,1.2000044584274292,-38.55309295654297,65.98001098632812
1711476129.8292115,-1.1900001764297485,-38.57518005371094,65.84249877929688,1.1800026893615723,-38.642364501953125,65.8448257446289,-0.9951543807983398,-38.26235580444336,66.28970336914062,1.2000044584274292,-38.554813385009766,66.00032043457031
1711476129.8392127,-1.1900001764297485,-38.57518005371094,65.84249877929688,1.1800026893615723,-38.642364501953125,65.8448257446289,-1.024060606956482,-38.244388580322266,66.28750610351562,1.2000044584274292,-38.52418518066406,66.010009765625
1711476129.849217,-1.1900001764297485,-38.57518005371094,65.84249877929688,1.1800026893615723,-38.63908386230469,65.8448257446289,-1.0251543521881104,-38.237823486328125,66.30329132080078,1.2000044584274292,-38.524810791015625,66.03219604492188
1711476129.8598485,-1.1900001764297485,-38.57518005371094,65.84249877929688,1.1800026893615723,-38.63236618041992,65.8448257446289,-1.0470291376113892,-38.20985794067383,66.30751037597656,1.2000044584274292,-38.48465347290039,66.04203796386719
1711476129.8691356,-1.1900001764297485,-38.57518005371094,65.84249877929688,1.1800026893615723,-38.63236618041992,65.8448257446289,-1.050154209136963,-38.181575775146484,66.30751037597656,1.2000044584274292,-38.469810485839844,66.04469299316406
1711476129.879219,-1.1900001764297485,-38.57518005371094,65.84249877929688,1.1800026893615723,-38.62939453125,65.8448257446289,-1.0834356546401978,-38.162357330322266,66.30751037597656,1.2000044584274292,-38.44184494018555,66.06719970703125
1711476129.8892267,-1.1900001764297485,-38.57518005371094,65.84249877929688,1.164846420288086,-38.62236404418945,65.8448257446289,-1.085154414176941,-38.13298034667969,66.30751037597656,1.2000044584274292,-38.40684509277344,66.07001495361328
1711476129.8992183,-1.1900001764297485,-38.734710693359375,66.03827667236328,1.1557841300964355,-38.62236404418945,65.87686157226562,-1.1257795095443726,-38.13235855102539,66.31391906738281,1.2000044584274292,-38.39012145996094,66.09048461914062
1711476129.909228,-1.2159377336502075,-38.836273193359375,66.18014526367188,1.1548471450805664,-38.79767990112305,66.05326843261719,-1.1407792568206787,-38.13235855102539,66.32626342773438,1.2000044584274292,-38.37480926513672,66.099853515625
1711476129.919211,-1.2776565551757812,-38.95174026489258,66.2024917602539,1.1823487281799316,-38.88408279418945,66.13577270507812,-1.1581230163574219,-38.19485855102539,66.33110046386719,1.2000044584274292,-38.37480926513672,66.12704467773438
1711476129.9292035,-1.290000081062317,-39.02424240112305,66.21061706542969,1.1800026893615723,-38.97846221923828,66.17467498779297,-1.1773419380187988,-38.2572021484375,66.34750366210938,1.2000044584274292,-38.43949890136719,66.1400146484375
1711476129.9392226,-1.2965625524520874,-39.075801849365234,66.15296173095703,1.1800026893615723,-39.03986740112305,66.17999267578125,-1.175154447555542,-38.339542388916016,66.34750366210938,1.2000044584274292,-38.49824905395508,66.1600112915039
1711476129.9492223,-1.3092190027236938,-39.10939407348633,66.142333984375,1.1800026893615723,-39.074398040771484,66.17999267578125,-1.1939042806625366,-38.400794982910156,66.3292236328125,1.2000044584274292,-38.557308197021484,66.17000579833984
1711476129.9592407,-1.3200002908706665,-39.14564514160156,66.07295989990234,1.1800026893615723,-39.12205505371094,66.15280151367188,-1.1951541900634766,-38.43438720703125,66.26406860351562,1.2000044584274292,-38.610748291015625,66.17000579833984
1711476129.9692206,-1.3200002908706665,-39.181114196777344,66.07156372070312,1.158909797668457,-39.14767837524414,66.14483642578125,-1.1951541900634766,-38.46063995361328,66.2320327758789,1.2000044584274292,-38.63840866088867,66.13485717773438
1711476129.979203,-1.3428127765655518,-39.199554443359375,66.02374267578125,1.1448478698730469,-39.17877197265625,66.12435913085938,-1.2010916471481323,-38.47282409667969,66.16719818115234,1.2000044584274292,-38.66059494018555,66.12016296386719
1711476129.9892073,-1.3500001430511475,-39.23158645629883,66.02483367919922,1.1348485946655273,-39.218929290771484,66.12483215332031,-1.205154299736023,-38.502201080322266,66.11625671386719,1.1900044679641724,-38.67887496948242,66.08391571044922
1711476129.999228,-1.368437647819519,-39.25517654418945,66.00874328613281,1.1248469352722168,-39.259552001953125,66.12483215332031,-1.205154299736023,-38.50517272949219,66.07406616210938,1.1900044679641724,-38.70512390136719,66.06250762939453
1711476130.0092223,-1.3700002431869507,-39.27642822265625,65.99483489990234,1.1145353317260742,-39.29267883300781,66.12483215332031,-1.2126544713974,-38.53001403808594,66.0417251586914,1.178910732269287,-38.74528121948242,66.05719757080078
1711476130.0192237,-1.3895314931869507,-39.28517532348633,65.96702575683594,1.1148476600646973,-39.32798767089844,66.12483215332031,-1.2151541709899902,-38.55954360961914,66.01187896728516,1.180004596710205,-38.78950119018555,66.05484771728516
1711476130.0292315,-1.3900002241134644,-39.30674362182617,65.95484161376953,1.1148476600646973,-39.36783218383789,66.12483215332031,-1.2151541709899902,-38.57298278808594,66.01235961914062,1.1739107370376587,-38.817623138427734,66.05484771728516
1711476130.0392108,-1.3900002241134644,-39.305179595947266,65.93484497070312,1.1148476600646973,-39.38924026489258,66.12483215332031,-1.2251543998718262,-38.595638275146484,65.98235321044922,1.1700044870376587,-38.86075210571289,66.05484771728516
1711476130.049217,-1.4000000953674316,-39.32674026489258,65.92483520507812,1.1148476600646973,-39.41752243041992,66.11748504638672,-1.2251543998718262,-38.62532424926758,65.98235321044922,1.1600044965744019,-38.887935638427734,66.05016326904297
1711476130.059228,-1.4000000953674316,-39.33064651489258,65.92483520507812,1.1148476600646973,-39.42080307006836,66.11483764648438,-1.2453105449676514,-38.65376281738281,65.98235321044922,1.150004506111145,-38.90590286254883,66.04485321044922
1711476130.0692258,-1.4079689979553223,-39.35643005371094,65.93421173095703,1.1148476600646973,-39.44752502441406,66.10358428955078,-1.2476543188095093,-38.681888580322266,65.98235321044922,1.150004506111145,-38.9315299987793,66.04141235351562
1711476130.0792346,-1.4100003242492676,-39.35861587524414,65.97123718261719,1.1148476600646973,-39.47736740112305,66.10482788085938,-1.259998083114624,-38.708919525146484,66.0084457397461,1.1400046348571777,-38.95231246948242,66.03485107421875
1711476130.0892348,-1.4276564121246338,-39.38517761230469,66.01264953613281,1.1350035667419434,-39.49033737182617,66.10482788085938,-1.265154242515564,-38.72001647949219,66.01032257080078,1.1400046348571777,-38.95684051513672,66.03485107421875
1711476130.0992053,-1.4300000667572021,-39.40752029418945,66.07015228271484,1.172192096710205,-39.53877258300781,66.13139343261719,-1.2732791900634766,-38.724700927734375,66.04891967773438,1.1400046348571777,-38.98246765136719,66.03485107421875
1711476130.1092126,-1.4300000667572021,-39.418460845947266,66.13780212402344,1.2004733085632324,-39.56189727783203,66.16014099121094,-1.2851542234420776,-38.73001480102539,66.08313751220703,1.1400046348571777,-38.98246765136719,66.06891632080078
1711476130.1192303,-1.4300000667572021,-39.4564323425293,66.18452453613281,1.2535977363586426,-39.59017562866211,66.19483184814453,-1.2851542234420776,-38.73938751220703,66.1276626586914,1.1400046348571777,-39.00074768066406,66.08516693115234
1711476130.1292295,-1.4362502098083496,-39.47174072265625,66.22764587402344,1.2985968589782715,-39.62471008300781,66.23811340332031,-1.2907794713974,-38.740013122558594,66.19094848632812,1.155160665512085,-39.002464294433594,66.127197265625
1711476130.1392157,-1.4400001764297485,-39.48517990112305,66.28046417236328,1.3432860374450684,-39.65111541748047,66.28451538085938,-1.295154333114624,-38.740013122558594,66.24969482421875,1.1589107513427734,-39.02027893066406,66.15938568115234
1711476130.1492329,-1.4400001764297485,-39.50955581665039,66.31015014648438,1.3839101791381836,-39.66752243041992,66.3595199584961,-1.295154333114624,-38.74891662597656,66.29421997070312,1.1751608848571777,-39.02246856689453,66.21001434326172
1711476130.1592104,-1.4400001764297485,-39.51517868041992,66.3509292602539,1.400003433227539,-39.68751907348633,66.41077423095703,-1.295154333114624,-38.75001525878906,66.3229751586914,1.1885982751846313,-39.02246856689453,66.25204467773438
1711476130.169214,-1.4400001764297485,-39.51517868041992,66.38436889648438,1.431565284729004,-39.69392776489258,66.45201873779297,-1.295154333114624,-38.75001525878906,66.34797668457031,1.1951607465744019,-39.02246856689453,66.28500366210938
1711476130.179237,-1.4400001764297485,-39.51517868041992,66.42108917236328,1.438441276550293,-39.69752502441406,66.489990234375,-1.295154333114624,-38.75001525878906,66.37281799316406,1.2157857418060303,-39.02246856689453,66.31563568115234
1711476130.1892335,-1.4400001764297485,-39.51517868041992,66.46015167236328,1.4600038528442383,-39.69752502441406,66.51123809814453,-1.295154333114624,-38.75001525878906,66.39844512939453,1.225160837173462,-39.02246856689453,66.34110260009766
1711476130.1992304,-1.4400001764297485,-39.51517868041992,66.4984359741211,1.4851593971252441,-39.69752502441406,66.52436065673828,-1.295154333114624,-38.75001525878906,66.41875457763672,1.249066948890686,-39.02246856689453,66.3600082397461
1711476130.2092206,-1.4400001764297485,-39.51517868041992,66.55780792236328,1.4984416961669922,-39.69752502441406,66.55155181884766,-1.295154333114624,-38.75001525878906,66.44906616210938,1.2581294775009155,-39.00293731689453,66.39016723632812
1711476130.2192166,-1.4400001764297485,-39.52518081665039,66.61031341552734,1.5143799781799316,-39.69752502441406,66.56388854980469,-1.295154333114624,-38.75001525878906,66.47672271728516,1.275160789489746,-39.00481033325195,66.41516876220703
1711476130.229221,-1.4400001764297485,-39.542991638183594,66.6512451171875,1.5400028228759766,-39.69752502441406,66.60639190673828,-1.295154333114624,-38.75001525878906,66.5143814086914,1.2995357513427734,-38.99699401855469,66.44078826904297
1711476130.2392366,-1.4485939741134644,-39.56174087524414,66.67703247070312,1.5717220306396484,-39.69752502441406,66.64420318603516,-1.295154333114624,-38.759857177734375,66.54720306396484,1.3051608800888062,-38.99481201171875,66.46422576904297
1711476130.2492187,-1.470000147819519,-39.5736198425293,66.71249389648438,1.5800046920776367,-39.69752502441406,66.66468048095703,-1.295154333114624,-38.760013580322266,66.60751342773438,1.3143795728683472,-38.98997116088867,66.51188659667969
1711476130.259278,-1.4978126287460327,-39.58517837524414,66.74842834472656,1.6106295585632324,-39.69752502441406,66.70374298095703,-1.295154333114624,-38.765167236328125,66.65203857421875,1.3251606225967407,-38.98481369018555,66.51516723632812
1711476130.2692463,-1.5107814073562622,-39.58517837524414,66.75248718261719,1.6100049018859863,-39.69752502441406,66.73139953613281,-1.295154333114624,-38.77001190185547,66.70313262939453,1.3251606225967407,-38.98106384277344,66.56109619140625
1711476130.2792253,-1.548125147819519,-39.58517837524414,66.76139831542969,1.6168785095214844,-39.6823616027832,66.73936462402344,-1.295154333114624,-38.78767013549805,66.7322006225586,1.3251606225967407,-38.97480773925781,66.56001281738281
1711476130.2892187,-1.583125352859497,-39.58517837524414,66.76248931884766,1.6200041770935059,-39.65142822265625,66.739990234375,-1.3051543235778809,-38.790016174316406,66.75750732421875,1.3251606225967407,-38.97230911254883,66.59141540527344
1711476130.29924,-1.600000262260437,-39.56986999511719,66.76248931884766,1.6200041770935059,-39.642364501953125,66.739990234375,-1.3076543807983398,-38.790016174316406,66.76078796386719,1.3251606225967407,-38.954811096191406,66.59001159667969
1711476130.3092372,-1.6296875476837158,-39.55752182006836,66.747802734375,1.6200041770935059,-39.60127258300781,66.739990234375,-1.3151544332504272,-38.790016174316406,66.77751159667969,1.3251606225967407,-38.954811096191406,66.61079406738281
1711476130.3192365,-1.6399999856948853,-39.52908706665039,66.74484252929688,1.6200041770935059,-39.59892654418945,66.72405242919922,-1.3251543045043945,-38.790016174316406,66.77751159667969,1.3251606225967407,-38.94434356689453,66.61001586914062
1711476130.3292952,-1.655937671661377,-39.52908706665039,66.74484252929688,1.6200041770935059,-39.572364807128906,66.7248306274414,-1.3251543045043945,-38.790016174316406,66.77751159667969,1.3251606225967407,-38.94480895996094,66.61329650878906
1711476130.3401353,-1.6600000858306885,-39.50752258300781,66.73983764648438,1.6200041770935059,-39.56611633300781,66.7248306274414,-1.3454669713974,-38.790016174316406,66.77751159667969,1.3251606225967407,-38.94480895996094,66.62578582763672
1711476130.3500035,-1.6785941123962402,-39.50752258300781,66.73483276367188,1.6200041770935059,-39.54236602783203,66.7248306274414,-1.3451542854309082,-38.790016174316406,66.77751159667969,1.3251606225967407,-38.94480895996094,66.63001251220703
1711476130.3592498,-1.6800000667572021,-39.49908447265625,66.73483276367188,1.6046905517578125,-39.54236602783203,66.7248306274414,-1.361404299736023,-38.790016174316406,66.77751159667969,1.3251606225967407,-38.94480895996094,66.65032196044922
1711476130.3692193,-1.6942188739776611,-39.49752426147461,66.73483276367188,1.6048479080200195,-39.54236602783203,66.7248306274414,-1.3651543855667114,-38.790016174316406,66.77751159667969,1.3251606225967407,-38.94480895996094,66.65907287597656
1711476130.3792262,-1.7035939693450928,-39.48924255371094,66.73483276367188,1.6048479080200195,-39.54236602783203,66.74092864990234,-1.3651543855667114,-38.790016174316406,66.77751159667969,1.3251606225967407,-38.94480895996094,66.66797637939453
1711476130.3891857,-1.7100000381469727,-39.48752212524414,66.72483825683594,1.5962529182434082,-39.54236602783203,66.739990234375,-1.3699982166290283,-38.77235412597656,66.76251220703125,1.3251606225967407,-38.94480895996094,66.69001007080078
1711476130.3992667,-1.7100000381469727,-39.48252487182617,66.70343017578125,1.58890962600708,-39.54236602783203,66.739990234375,-1.3751542568206787,-38.77235412597656,66.7623519897461,1.3251606225967407,-38.94480895996094,66.69001007080078
1711476130.4092212,-1.720000147819519,-39.47064971923828,66.69483947753906,1.5779733657836914,-39.54236602783203,66.739990234375,-1.3751542568206787,-38.77235412597656,66.72172546386719,1.3251606225967407,-38.94480895996094,66.69001007080078
1711476130.419162,-1.720000147819519,-39.46752166748047,66.6584243774414,1.5678167343139648,-39.54236602783203,66.72639465332031,-1.3932794332504272,-38.77235412597656,66.71859741210938,1.3251606225967407,-38.94480895996094,66.69001007080078
1711476130.429252,-1.7231252193450928,-39.46752166748047,66.65483093261719,1.5512537956237793,-39.53314971923828,66.71482849121094,-1.395154356956482,-38.77235412597656,66.66641235351562,1.3100045919418335,-38.94480895996094,66.69001007080078
1711476130.4392455,-1.7300000190734863,-39.46752166748047,66.61343383789062,1.5401601791381836,-39.53236389160156,66.68451690673828,-1.395154356956482,-38.77235412597656,66.63594818115234,1.3100045919418335,-38.94480895996094,66.66484832763672
1711476130.4492552,-1.736719012260437,-39.46752166748047,66.59061431884766,1.5248465538024902,-39.52345657348633,66.6848373413086,-1.3999980688095093,-38.77235412597656,66.59141540527344,1.3100045919418335,-38.94480895996094,66.63875579833984
1711476130.4592752,-1.7500001192092896,-39.46752166748047,66.5648422241211,1.5248465538024902,-39.52236557006836,66.68217468261719,-1.4051544666290283,-38.77235412597656,66.5378189086914,1.3100045919418335,-38.94480895996094,66.63485717773438
1711476130.4692404,-1.7500001192092896,-39.46752166748047,66.52452087402344,1.510317325592041,-39.52236557006836,66.67483520507812,-1.4051544666290283,-38.77235412597656,66.50875854492188,1.3051608800888062,-38.94480895996094,66.6139144897461
1711476130.4792483,-1.7557815313339233,-39.46752166748047,66.50936889648438,1.5048480033874512,-39.53861618041992,66.67483520507812,-1.4051544666290283,-38.77235412597656,66.48235321044922,1.300004482269287,-38.94480895996094,66.60485076904297
1711476130.4892688,-1.7600003480911255,-39.46752166748047,66.47311401367188,1.5048480033874512,-39.53752136230469,66.67483520507812,-1.4051544666290283,-38.77235412597656,66.45110321044922,1.300004482269287,-38.94480895996094,66.57141876220703
1711476130.4992452,-1.7600003480911255,-39.46752166748047,66.43421173095703,1.5048480033874512,-39.55861282348633,66.66280364990234,-1.4051544666290283,-38.77235412597656,66.44235229492188,1.2953170537948608,-38.94480895996094,66.56484985351562
1711476130.509258,-1.7600003480911255,-39.46752166748047,66.42483520507812,1.5009403228759766,-39.55752182006836,66.65982818603516,-1.4051544666290283,-38.79048156738281,66.41313171386719,1.2900044918060303,-38.94480895996094,66.53453826904297
1711476130.5192358,-1.7700001001358032,-39.46752166748047,66.37358856201172,1.484847068786621,-39.56752014160156,66.64045715332031,-1.4051544666290283,-38.790016174316406,66.412353515625,1.2900044918060303,-38.94480895996094,66.51296997070312
1711476130.5292284,-1.7700001001358032,-39.46752166748047,66.37108612060547,1.484847068786621,-39.575645446777344,66.62139129638672,-1.4051544666290283,-38.82126235961914,66.37406921386719,1.2900044918060303,-38.94480895996094,66.50595092773438
1711476130.5392635,-1.7700001001358032,-39.46752166748047,66.3348388671875,1.4806294441223145,-39.57752227783203,66.60935974121094,-1.4051544666290283,-38.82001495361328,66.37234497070312,1.2900044918060303,-38.94480895996094,66.48970031738281
1711476130.5492315,-1.7776563167572021,-39.48517990112305,66.31858825683594,1.464848518371582,-39.58299255371094,66.5832748413086,-1.3929667472839355,-38.8414192199707,66.33235931396484,1.2900044918060303,-38.94480895996094,66.46485137939453
1711476130.5592554,-1.78000009059906,-39.48908615112305,66.30484008789062,1.464848518371582,-39.587520599365234,66.58092498779297,-1.389998197555542,-38.84001159667969,66.33235931396484,1.2900044918060303,-38.94480895996094,66.43484497070312
1711476130.5692608,-1.78000009059906,-39.513458251953125,66.30233764648438,1.464848518371582,-39.587520599365234,66.5548324584961,-1.389998197555542,-38.85798263549805,66.30235290527344,1.2900044918060303,-38.94480895996094,66.43219757080078
1711476130.5793204,-1.78000009059906,-39.51517868041992,66.28327178955078,1.464848518371582,-39.59751892089844,66.5548324584961,-1.384841799736023,-38.86001205444336,66.30235290527344,1.2900044918060303,-38.94480895996094,66.41484832763672
1711476130.589256,-1.78000009059906,-39.53736877441406,66.28483581542969,1.464848518371582,-39.59751892089844,66.53436279296875,-1.3699982166290283,-38.878135681152344,66.29703521728516,1.2900044918060303,-38.94480895996094,66.40484619140625
1711476130.5992684,-1.78000009059906,-39.535179138183594,66.28483581542969,1.464848518371582,-39.60908508300781,66.53482818603516,-1.3699982166290283,-38.88001251220703,66.28235626220703,1.2900044918060303,-38.94480895996094,66.38890838623047
1711476130.6092527,-1.78000009059906,-39.535179138183594,66.28483581542969,1.464848518371582,-39.60752487182617,66.51670837402344,-1.3699982166290283,-38.88001251220703,66.28235626220703,1.2900044918060303,-38.94480895996094,66.38484954833984
1711476130.6192636,-1.78000009059906,-39.535179138183594,66.28483581542969,1.464848518371582,-39.60752487182617,66.51483154296875,-1.3599979877471924,-38.8900146484375,66.28235626220703,1.2900044918060303,-38.94480895996094,66.36251068115234
1711476130.6292572,-1.78000009059906,-39.535179138183594,66.28483581542969,1.464848518371582,-39.60752487182617,66.48295593261719,-1.3599979877471924,-38.8900146484375,66.28235626220703,1.2900044918060303,-38.94480895996094,66.3648452758789
1711476130.639334,-1.78000009059906,-39.535179138183594,66.28483581542969,1.464848518371582,-39.59205627441406,66.48483276367188,-1.3548418283462524,-38.8900146484375,66.28235626220703,1.2900044918060303,-38.94480895996094,66.3553237915039
1711476130.6492429,-1.7623438835144043,-39.51049041748047,66.27484130859375,1.464848518371582,-39.58892822265625,66.46436309814453,-1.349998116493225,-38.8900146484375,66.28235626220703,1.2900044918060303,-38.92449951171875,66.34984588623047
1711476130.6592636,-1.7623438835144043,-39.504398345947266,66.27484130859375,1.4765667915344238,-39.56127166748047,66.45858764648438,-1.349998116493225,-38.8900146484375,66.27079010009766,1.2900044918060303,-38.92481231689453,66.33890533447266
1711476130.669259,-1.7425000667572021,-39.48408508300781,66.27484130859375,1.4800047874450684,-39.53783416748047,66.4348373413086,-1.3396856784820557,-38.8900146484375,66.27235412597656,1.2900044918060303,-38.89340591430664,66.33484649658203
1711476130.6792638,-1.7423439025878906,-39.45799255371094,66.27484130859375,1.4800047874450684,-39.52236557006836,66.42092895507812,-1.3399978876113892,-38.87235641479492,66.27235412597656,1.2900044918060303,-38.89480972290039,66.32344818115234
1711476130.6892545,-1.7375000715255737,-39.43064880371094,66.27484130859375,1.4800047874450684,-39.48002243041992,66.39483642578125,-1.334216833114624,-38.87235641479492,66.27235412597656,1.3051608800888062,-38.86324691772461,66.32485961914062
1711476130.6992717,-1.7323440313339233,-39.4139289855957,66.26483917236328,1.4800047874450684,-39.466270446777344,66.37467193603516,-1.3299981355667114,-38.86360549926758,66.28750610351562,1.3051608800888062,-38.86481475830078,66.31484985351562
1711476130.7093177,-1.7243752479553223,-39.38486862182617,66.26483917236328,1.490004062652588,-39.44236755371094,66.35482788085938,-1.3299981355667114,-38.85844802856445,66.28750610351562,1.3051608800888062,-38.84480667114258,66.31484985351562
1711476130.7192695,-1.7123439311981201,-39.36080551147461,66.26483917236328,1.490004062652588,-39.40596008300781,66.33264923095703,-1.3240605592727661,-38.8331413269043,66.30797576904297,1.315160870552063,-38.84059143066406,66.31484985351562
1711476130.729257,-1.7059377431869507,-39.3375244140625,66.26483917236328,1.490004062652588,-39.399864196777344,66.32904815673828,-1.3199982643127441,-38.81938552856445,66.30751037597656,1.315160870552063,-38.804813385009766,66.31484985351562
1711476130.7392673,-1.6815626621246338,-39.29908752441406,66.26483917236328,1.490004062652588,-39.36236572265625,66.3068618774414,-1.3199982643127441,-38.7923583984375,66.30751037597656,1.315160870552063,-38.78371810913086,66.31484985351562
1711476130.7492628,-1.68234384059906,-39.293460845947266,66.25843048095703,1.490004062652588,-39.33111572265625,66.30030059814453,-1.3199982643127441,-38.75454330444336,66.30751037597656,1.315160870552063,-38.752620697021484,66.31484985351562
1711476130.7592492,-1.6568752527236938,-39.25752258300781,66.25483703613281,1.490004062652588,-39.32236862182617,66.28482818603516,-1.3199982643127441,-38.7337646484375,66.30751037597656,1.315160870552063,-38.71746826171875,66.31484985351562
1711476130.7692509,-1.6523438692092896,-39.23127365112305,66.25483703613281,1.490004062652588,-39.281742095947266,66.27890014648438,-1.3199982643127441,-38.69313430786133,66.30751037597656,1.315160870552063,-38.69480895996094,66.31047821044922
1711476130.7792728,-1.6284376382827759,-39.21752166748047,66.25483703613281,1.490004062652588,-39.26455307006836,66.26483154296875,-1.3199982643127441,-38.663448333740234,66.30751037597656,1.315160870552063,-38.63043975830078,66.30485534667969
1711476130.789264,-1.622343897819519,-39.17908477783203,66.25483703613281,1.490004062652588,-39.23236846923828,66.26217651367188,-1.3199982643127441,-38.628135681152344,66.30751037597656,1.315160870552063,-38.62059020996094,66.283447265625
1711476130.799296,-1.617969036102295,-39.16221237182617,66.25483703613281,1.490004062652588,-39.191585540771484,66.25482940673828,-1.3199982643127441,-38.582984924316406,66.30751037597656,1.315160870552063,-38.55715560913086,66.27485656738281
1711476130.8092742,-1.5837502479553223,-39.12752151489258,66.25483703613281,1.490004062652588,-39.18580627441406,66.25482940673828,-1.3199982643127441,-38.55485534667969,66.30751037597656,1.315160870552063,-38.5409049987793,66.25282287597656
1711476130.8192449,-1.5767189264297485,-39.0897102355957,66.25483703613281,1.490004062652588,-39.15236282348633,66.24342346191406,-1.3199982643127441,-38.5323600769043,66.29235076904297,1.315160870552063,-38.51481246948242,66.25485229492188
1711476130.8292549,-1.5406250953674316,-39.074554443359375,66.24484252929688,1.490004062652588,-39.12189865112305,66.24014282226562,-1.3199982643127441,-38.50813674926758,66.29235076904297,1.315160870552063,-38.48465347290039,66.2448501586914
1711476130.8392706,-1.5423437356948853,-39.027835845947266,66.23030853271484,1.490004062652588,-39.10236740112305,66.2287368774414,-1.3199982643127441,-38.502357482910156,66.28235626220703,1.315160870552063,-38.47481155395508,66.23860931396484
1711476130.8492513,-1.5010937452316284,-39.023616790771484,66.22483825683594,1.490004062652588,-39.07111740112305,66.21482849121094,-1.3199982643127441,-38.482357025146484,66.28235626220703,1.315160870552063,-38.457313537597656,66.23485565185547
1711476130.8592777,-1.4973437786102295,-38.98299026489258,66.2160873413086,1.490004062652588,-39.05876922607422,66.19483184814453,-1.3199982643127441,-38.482357025146484,66.28235626220703,1.315160870552063,-38.454811096191406,66.23485565185547
1711476130.869278,-1.4765626192092896,-38.97752380371094,66.20514678955078,1.490004062652588,-39.04236602783203,66.19483184814453,-1.3199982643127441,-38.462669372558594,66.28235626220703,1.315160870552063,-38.450904846191406,66.23485565185547
1711476130.879252,-1.4723438024520874,-38.94377136230469,66.20484161376953,1.490004062652588,-39.02283477783203,66.18624114990234,-1.3199982643127441,-38.46235656738281,66.28235626220703,1.315160870552063,-38.434810638427734,66.23485565185547
1711476130.889267,-1.451406478881836,-38.937522888183594,66.19483947753906,1.490004062652588,-39.02236557006836,66.18482971191406,-1.3101541996002197,-38.44563674926758,66.27516174316406,1.315160870552063,-38.434810638427734,66.23485565185547
1711476130.8992708,-1.4485939741134644,-38.90752029418945,66.19483947753906,1.490004062652588,-39.01252365112305,66.17984008789062,-1.3099980354309082,-38.44235610961914,66.27235412597656,1.315160870552063,-38.434810638427734,66.23485565185547
1711476130.9092715,-1.4423439502716064,-38.90752029418945,66.17483520507812,1.490004062652588,-39.000335693359375,66.17483520507812,-1.3099980354309082,-38.44235610961914,66.26750946044922,1.315160870552063,-38.434810638427734,66.23485565185547
1711476130.919256,-1.425468921661377,-38.90205383300781,66.17483520507812,1.490004062652588,-38.99845886230469,66.16935729980469,-1.3099980354309082,-38.44235610961914,66.25234985351562,1.315160870552063,-38.434810638427734,66.23485565185547
1711476130.9291842,-1.4223438501358032,-38.897525787353516,66.16483306884766,1.490004062652588,-38.992366790771484,66.16482543945312,-1.3099980354309082,-38.432823181152344,66.25234985351562,1.315160870552063,-38.434810638427734,66.23485565185547
1711476130.939249,-1.4185938835144043,-38.890804290771484,66.16483306884766,1.4748477935791016,-38.992366790771484,66.16482543945312,-1.3099980354309082,-38.43235778808594,66.23047637939453,1.315160870552063,-38.434810638427734,66.23485565185547
1711476130.949315,-1.412343978881836,-38.88752365112305,66.14295959472656,1.4748477935791016,-38.992366790771484,66.16171264648438,-1.3099980354309082,-38.43235778808594,66.23235321044922,1.315160870552063,-38.434810638427734,66.23485565185547
1711476130.9592767,-1.412343978881836,-38.88752365112305,66.14483642578125,1.4748477935791016,-38.992366790771484,66.15483093261719,-1.3099980354309082,-38.43235778808594,66.21094512939453,1.315160870552063,-38.434810638427734,66.23485565185547
1711476130.9692743,-1.4023438692092896,-38.88752365112305,66.12483978271484,1.4748477935791016,-38.992366790771484,66.15483093261719,-1.3099980354309082,-38.43235778808594,66.21235656738281,1.315160870552063,-38.434810638427734,66.23485565185547
1711476130.9792647,-1.4023438692092896,-38.88752365112305,66.12483978271484,1.4748477935791016,-38.992366790771484,66.14546203613281,-1.3099980354309082,-38.43235778808594,66.19500732421875,1.315160870552063,-38.434810638427734,66.224853515625
1711476130.989258,-1.4023438692092896,-38.88752365112305,66.11467742919922,1.4748477935791016,-38.992366790771484,66.14483642578125,-1.3099980354309082,-38.43235778808594,66.1823501586914,1.315160870552063,-38.434810638427734,66.224853515625
1711476130.9992619,-1.4023438692092896,-38.88752365112305,66.11483764648438,1.4639091491699219,-38.992366790771484,66.14483642578125,-1.3099980354309082,-38.43235778808594,66.16860961914062,1.315160870552063,-38.434810638427734,66.2048568725586
1711476131.0092673,-1.4023438692092896,-38.88752365112305,66.0926513671875,1.464848518371582,-38.992366790771484,66.14483642578125,-1.3099980354309082,-38.43235778808594,66.15235137939453,1.315160870552063,-38.434810638427734,66.18953704833984
1711476131.0192752,-1.4023438692092896,-38.88752365112305,66.09483337402344,1.464848518371582,-38.992366790771484,66.13483428955078,-1.3099980354309082,-38.43235778808594,66.146728515625,1.315160870552063,-38.434810638427734,66.18485260009766
1711476131.029276,-1.4023438692092896,-38.88752365112305,66.06593322753906,1.464848518371582,-38.992366790771484,66.13483428955078,-1.3099980354309082,-38.43235778808594,66.11235046386719,1.315160870552063,-38.434810638427734,66.16438293457031
1711476131.0392556,-1.4023438692092896,-38.88752365112305,66.06483459472656,1.4532852172851562,-38.992366790771484,66.12295532226562,-1.3099980354309082,-38.43235778808594,66.10891723632812,1.315160870552063,-38.434810638427734,66.16032409667969
1711476131.0492668,-1.4023438692092896,-38.90517807006836,66.04483032226562,1.4548468589782715,-39.00752258300781,66.12483215332031,-1.3099980354309082,-38.43235778808594,66.07235717773438,1.2985984086990356,-38.434810638427734,66.13922882080078
1711476131.0592885,-1.4023438692092896,-38.90517807006836,66.03483581542969,1.4548468589782715,-39.01268005371094,66.11483764648438,-1.3099980354309082,-38.43235778808594,66.06938171386719,1.300004482269287,-38.434810638427734,66.12281799316406
1711476131.0692773,-1.4023438692092896,-38.92517852783203,66.0090560913086,1.444847583770752,-39.02751922607422,66.11483764648438,-1.3099980354309082,-38.45001220703125,66.04235076904297,1.300004482269287,-38.450904846191406,66.09689331054688
1711476131.079277,-1.4023438692092896,-38.92517852783203,66.00484466552734,1.444847583770752,-39.032989501953125,66.10482788085938,-1.3099980354309082,-38.45001220703125,66.025634765625,1.300004482269287,-38.45246887207031,66.09188079833984
1711476131.0892894,-1.4023438692092896,-38.9451789855957,65.98155212402344,1.4378166198730469,-39.03752136230469,66.09686279296875,-1.3099980354309082,-38.45626449584961,66.01235961914062,1.300004482269287,-38.45246887207031,66.0748519897461
1711476131.099257,-1.4023438692092896,-38.9451789855957,65.96437072753906,1.4348483085632324,-39.044708251953125,66.09483337402344,-1.302810549736023,-38.46438980102539,65.99266052246094,1.300004482269287,-38.45246887207031,66.05484771728516
1711476131.1092627,-1.4023438692092896,-38.965179443359375,65.94889831542969,1.4348483085632324,-39.05752182006836,66.08342742919922,-1.299998164176941,-38.48094940185547,65.99234771728516,1.300004482269287,-38.4610595703125,66.0396957397461
1711476131.1192572,-1.4023438692092896,-38.965179443359375,65.92453002929688,1.4282846450805664,-39.078147888183594,66.07483673095703,-1.299998164176941,-38.501731872558594,65.98031616210938,1.300004482269287,-38.462467193603516,66.03485107421875
1711476131.1292775,-1.4023438692092896,-38.98643112182617,65.92483520507812,1.4248466491699219,-39.07752227783203,66.06983184814453,-1.2882792949676514,-38.50001525878906,65.97657012939453,1.300004482269287,-38.47715377807617,66.0143814086914
1711476131.1392803,-1.4023438692092896,-38.98517990112305,65.90327453613281,1.4248466491699219,-39.08064270019531,66.06483459472656,-1.289997935295105,-38.53095245361328,65.97235107421875,1.300004482269287,-38.48246765136719,66.01485443115234
1711476131.149283,-1.4023438692092896,-39.005332946777344,65.90483856201172,1.4148473739624023,-39.087520599365234,66.06483459472656,-1.289997935295105,-38.53001403808594,65.96218872070312,1.300004482269287,-38.48902893066406,65.99453735351562
1711476131.1592677,-1.4023438692092896,-39.00517654418945,65.90483856201172,1.4148473739624023,-39.09283447265625,66.0548324584961,-1.2781230211257935,-38.55126190185547,65.95235443115234,1.300004482269287,-38.492469787597656,65.9948501586914
1711476131.1692932,-1.4023438692092896,-39.00924301147461,65.89483642578125,1.4148473739624023,-39.10986328125,66.05076599121094,-1.2799981832504272,-38.550010681152344,65.95235443115234,1.300004482269287,-38.492469787597656,65.9948501586914
1711476131.179191,-1.4023438692092896,-39.01517868041992,65.89483642578125,1.4148473739624023,-39.10752487182617,66.04483032226562,-1.2751543521881104,-38.57173156738281,65.95235443115234,1.300004482269287,-38.50246810913086,65.9948501586914
1711476131.1892726,-1.4023438692092896,-39.01517868041992,65.88514709472656,1.412034034729004,-39.10752487182617,66.03811645507812,-1.2699979543685913,-38.57001495361328,65.95235443115234,1.300004482269287,-38.50246810913086,65.98688507080078
1711476131.1992896,-1.4023438692092896,-39.01517868041992,65.88484191894531,1.4048480987548828,-39.10752487182617,66.03482818603516,-1.2699979543685913,-38.591575622558594,65.94641876220703,1.300004482269287,-38.50246810913086,65.98484802246094
1711476131.209268,-1.4023438692092896,-39.01517868041992,65.87936401367188,1.4048480987548828,-39.10752487182617,66.03092193603516,-1.2660918235778809,-38.59001159667969,65.94235229492188,1.300004482269287,-38.50246810913086,65.98484802246094
1711476131.2192812,-1.4023438692092896,-39.01517868041992,65.87483978271484,1.4048480987548828,-39.10752487182617,66.02483367919922,-1.259998083114624,-38.59001159667969,65.94235229492188,1.300004482269287,-38.50246810913086,65.98484802246094
1711476131.2293003,-1.4023438692092896,-39.01517868041992,65.87483978271484,1.4048480987548828,-39.10752487182617,66.01920318603516,-1.259998083114624,-38.59001159667969,65.94235229492188,1.300004482269287,-38.50246810913086,65.974853515625
1711476131.2392604,-1.4023438692092896,-39.01517868041992,65.87483978271484,1.4048480987548828,-39.10752487182617,66.01483154296875,-1.2487480640411377,-38.59001159667969,65.94235229492188,1.300004482269287,-38.50246810913086,65.974853515625
1711476131.2492783,-1.4023438692092896,-39.01517868041992,65.87483978271484,1.4048480987548828,-39.10752487182617,66.00592803955078,-1.2499982118606567,-38.59001159667969,65.94235229492188,1.300004482269287,-38.50246810913086,65.974853515625
1711476131.2592654,-1.4023438692092896,-39.01517868041992,65.87483978271484,1.4048480987548828,-39.09236145019531,66.00483703613281,-1.2499982118606567,-38.59001159667969,65.94235229492188,1.300004482269287,-38.50246810913086,65.96704864501953
1711476131.2692924,-1.3920313119888306,-38.99752426147461,65.87483978271484,1.4048480987548828,-39.09236145019531,65.99420928955078,-1.2499982118606567,-38.59001159667969,65.94235229492188,1.300004482269287,-38.50246810913086,65.96485137939453
1711476131.2792795,-1.3923439979553223,-38.98908615112305,65.87483978271484,1.4048480987548828,-39.0803337097168,65.99483489990234,-1.2499982118606567,-38.59001159667969,65.94235229492188,1.300004482269287,-38.50246810913086,65.96485137939453
1711476131.2892334,-1.3857815265655518,-38.97752380371094,65.87483978271484,1.4048480987548828,-39.079708099365234,65.98530578613281,-1.2499982118606567,-38.59001159667969,65.94235229492188,1.300004482269287,-38.50246810913086,65.96485137939453
1711476131.2992728,-1.3823440074920654,-38.962364196777344,65.87483978271484,1.4048480987548828,-39.0623664855957,65.98045349121094,-1.2499982118606567,-38.59001159667969,65.94235229492188,1.300004482269287,-38.50246810913086,65.96485137939453
1711476131.3093276,-1.3760939836502075,-38.94752502441406,65.87483978271484,1.4048480987548828,-39.04142761230469,65.9748306274414,-1.2499982118606567,-38.572357177734375,65.94235229492188,1.300004482269287,-38.50246810913086,65.96485137939453
1711476131.3192983,-1.372343897819519,-38.92955017089844,65.87483978271484,1.4048480987548828,-39.04236602783203,65.96467590332031,-1.2499982118606567,-38.572357177734375,65.94235229492188,1.300004482269287,-38.50246810913086,65.96485137939453
1711476131.3292682,-1.372343897819519,-38.91752243041992,65.87483978271484,1.4048480987548828,-39.02236557006836,65.96482849121094,-1.2499982118606567,-38.553138732910156,65.94235229492188,1.300004482269287,-38.50246810913086,65.96485137939453
1711476131.3397236,-1.3623440265655518,-38.89533615112305,65.87483978271484,1.4048480987548828,-39.02236557006836,65.95310974121094,-1.2499982118606567,-38.55235290527344,65.95829010009766,1.300004482269287,-38.50246810913086,65.96485137939453
1711476131.3493013,-1.3623440265655518,-38.88752365112305,65.87483978271484,1.4048480987548828,-39.00236511230469,65.954833984375,-1.2499982118606567,-38.5445442199707,65.95750427246094,1.300004482269287,-38.48481369018555,65.96485137939453
1711476131.3592825,-1.3560938835144043,-38.876739501953125,65.87483978271484,1.4048480987548828,-39.00236511230469,65.954833984375,-1.2499982118606567,-38.537513732910156,65.95750427246094,1.300004482269287,-38.481842041015625,65.96485137939453
1711476131.3693273,-1.3423439264297485,-38.867523193359375,65.87483978271484,1.4048480987548828,-38.992366790771484,65.954833984375,-1.2499982118606567,-38.52720260620117,65.96781921386719,1.300004482269287,-38.47481155395508,65.96485137939453
1711476131.3792708,-1.3423439264297485,-38.84986877441406,65.87483978271484,1.4023470878601074,-38.977054595947266,65.954833984375,-1.2499982118606567,-38.52235794067383,65.9675064086914,1.300004482269287,-38.47481155395508,65.96485137939453
1711476131.3892777,-1.3423439264297485,-38.8475227355957,65.87483978271484,1.3948464393615723,-38.97236633300781,65.9465560913086,-1.2499982118606567,-38.513607025146484,65.9742202758789,1.300004482269287,-38.46480941772461,65.96485137939453
1711476131.3992894,-1.3423439264297485,-38.84174346923828,65.87483978271484,1.3948464393615723,-38.95518112182617,65.94483184814453,-1.2499982118606567,-38.51235580444336,65.97750854492188,1.300004482269287,-38.46480941772461,65.97657012939453
1711476131.4093027,-1.3423439264297485,-38.8375244140625,65.87483978271484,1.3948464393615723,-38.95236587524414,65.92389678955078,-1.2499982118606567,-38.50282669067383,65.97750854492188,1.300004482269287,-38.46480941772461,65.98001098632812
1711476131.4201162,-1.3423439264297485,-38.83174133300781,65.87483978271484,1.3948464393615723,-38.93205261230469,65.92483520507812,-1.2499982118606567,-38.502357482910156,65.97750854492188,1.2939107418060303,-38.46480941772461,65.98001098632812
1711476131.42933,-1.3323438167572021,-38.82752227783203,65.87483978271484,1.392347812652588,-38.949241638183594,65.92483520507812,-1.2499982118606567,-38.502357482910156,65.97750854492188,1.2900044918060303,-38.4549674987793,65.98001098632812
1711476131.4392786,-1.3323438167572021,-38.82158279418945,65.87483978271484,1.3848471641540527,-38.91033172607422,65.92483520507812,-1.2499982118606567,-38.49266815185547,65.97750854492188,1.2900044918060303,-38.454811096191406,65.98001098632812
1711476131.4492993,-1.3323438167572021,-38.81752014160156,65.87483978271484,1.3848471641540527,-38.91783142089844,65.92483520507812,-1.2499982118606567,-38.49235534667969,65.97750854492188,1.2900044918060303,-38.454811096191406,65.98001098632812
1711476131.459292,-1.3323438167572021,-38.813148498535156,65.87483978271484,1.3848471641540527,-38.92455291748047,65.92483520507812,-1.2499982118606567,-38.49235534667969,65.97750854492188,1.2900044918060303,-38.454811096191406,65.98001098632812
1711476131.469299,-1.3323438167572021,-38.81549072265625,65.87483978271484,1.3748478889465332,-38.90721130371094,65.92483520507812,-1.2499982118606567,-38.49235534667969,65.97750854492188,1.2900044918060303,-38.454811096191406,65.98001098632812
1711476131.4795063,-1.3323438167572021,-38.8101806640625,65.87483978271484,1.3748478889465332,-38.9290885925293,65.91280364990234,-1.2499982118606567,-38.49235534667969,65.97750854492188,1.2900044918060303,-38.454811096191406,65.98001098632812
1711476131.4893005,-1.3323438167572021,-38.824554443359375,65.86967468261719,1.3748478889465332,-38.90158462524414,65.91482543945312,-1.2499982118606567,-38.49235534667969,65.97750854492188,1.2900044918060303,-38.454811096191406,65.98001098632812
1711476131.499306,-1.3323438167572021,-38.809242248535156,65.86483764648438,1.3709402084350586,-38.927520751953125,65.90951538085938,-1.2499982118606567,-38.49235534667969,65.97750854492188,1.2776607275009155,-38.454811096191406,65.98001098632812
1711476131.5092907,-1.3323438167572021,-38.83721160888672,65.85686492919922,1.3648486137390137,-38.90752029418945,65.90483093261719,-1.2499982118606567,-38.49235534667969,65.97750854492188,1.2800045013427734,-38.454811096191406,65.98001098632812
1711476131.519287,-1.3323438167572021,-38.80970764160156,65.8548355102539,1.3648486137390137,-38.91096115112305,65.89655303955078,-1.2499982118606567,-38.49235534667969,65.97750854492188,1.2800045013427734,-38.454811096191406,65.98001098632812
1711476131.5292928,-1.3323438167572021,-38.84736633300781,65.8465576171875,1.3648486137390137,-38.93939971923828,65.88483428955078,-1.2499982118606567,-38.49235534667969,65.97750854492188,1.2800045013427734,-38.454811096191406,65.98001098632812
1711476131.5392115,-1.3259377479553223,-38.808773040771484,65.84483337402344,1.3548469543457031,-38.91111755371094,65.88076782226562,-1.2499982118606567,-38.49235534667969,65.97750854492188,1.2800045013427734,-38.454811096191406,65.98001098632812
1711476131.549314,-1.3223439455032349,-38.8570556640625,65.84483337402344,1.3548469543457031,-38.93814468383789,65.86483001708984,-1.2499982118606567,-38.49235534667969,65.97750854492188,1.2800045013427734,-38.454811096191406,65.98001098632812
1711476131.5593047,-1.3223439455032349,-38.83283615112305,65.84483337402344,1.3548469543457031,-38.90174102783203,65.84811401367188,-1.2499982118606567,-38.510013580322266,65.96235656738281,1.2800045013427734,-38.454811096191406,65.98001098632812
1711476131.5692494,-1.3223439455032349,-38.820491790771484,65.84483337402344,1.3548469543457031,-38.93751907348633,65.8448257446289,-1.2499982118606567,-38.510013580322266,65.96235656738281,1.2800045013427734,-38.454811096191406,65.96407318115234
1711476131.5793078,-1.3223439455032349,-38.867366790771484,65.83765411376953,1.3548469543457031,-38.92236328125,65.83889770507812,-1.2499982118606567,-38.52001190185547,65.95641326904297,1.2800045013427734,-38.4710578918457,65.96485137939453
1711476131.5892031,-1.3223439455032349,-38.82939529418945,65.8348388671875,1.3548469543457031,-38.92674255371094,65.82483673095703,-1.2499982118606567,-38.52001190185547,65.95235443115234,1.2800045013427734,-38.47246551513672,65.96485137939453
1711476131.599221,-1.3223439455032349,-38.875179290771484,65.82858276367188,1.3548469543457031,-38.94892883300781,65.80435943603516,-1.2499982118606567,-38.53001403808594,65.95235443115234,1.2700045108795166,-38.48012161254883,65.95968627929688
1711476131.6093273,-1.3223439455032349,-38.82908630371094,65.82483673095703,1.3548469543457031,-38.92205047607422,65.80484008789062,-1.2499982118606567,-38.53001403808594,65.95235443115234,1.2700045108795166,-38.48246765136719,65.9548568725586
1711476131.6193182,-1.3223439455032349,-38.86642837524414,65.82483673095703,1.3548469543457031,-38.95767593383789,65.78358459472656,-1.2499982118606567,-38.54001235961914,65.95235443115234,1.2700045108795166,-38.49153137207031,65.9548568725586
1711476131.629316,-1.3223439455032349,-38.84689712524414,65.82483673095703,1.3548469543457031,-38.92393112182617,65.78482818603516,-1.2499982118606567,-38.54001235961914,65.95235443115234,1.2700045108795166,-38.492469787597656,65.95172882080078
1711476131.6393094,-1.3223439455032349,-38.833927154541016,65.82483673095703,1.3548469543457031,-38.92205047607422,65.78186798095703,-1.2499982118606567,-38.54001235961914,65.95235443115234,1.2700045108795166,-38.492469787597656,65.94485473632812
1711476131.6493237,-1.3223439455032349,-38.859554290771484,65.82483673095703,1.3548469543457031,-38.958770751953125,65.77483367919922,-1.2499982118606567,-38.54001235961914,65.95235443115234,1.2700045108795166,-38.492469787597656,65.9362564086914
1711476131.6592472,-1.3223439455032349,-38.81924057006836,65.82483673095703,1.3548469543457031,-38.910804748535156,65.7717056274414,-1.2499982118606567,-38.54001235961914,65.95235443115234,1.2700045108795166,-38.492469787597656,65.93484497070312
1711476131.669343,-1.3123440742492676,-38.86564636230469,65.82483673095703,1.3548469543457031,-38.94955062866211,65.75311279296875,-1.2499982118606567,-38.54001235961914,65.95235443115234,1.2700045108795166,-38.492469787597656,65.93484497070312
1711476131.679306,-1.3123440742492676,-38.80783462524414,65.82483673095703,1.3548469543457031,-38.91752243041992,65.75483703613281,-1.2499982118606567,-38.54001235961914,65.95235443115234,1.2667232751846313,-38.492469787597656,65.93484497070312
1711476131.6893144,-1.3123440742492676,-38.85517883300781,65.82483673095703,1.3548469543457031,-38.92768096923828,65.75483703613281,-1.2499982118606567,-38.54001235961914,65.95235443115234,1.2600045204162598,-38.492469787597656,65.93484497070312
1711476131.6993198,-1.3025001287460327,-38.83002471923828,65.82483673095703,1.3548469543457031,-38.94642639160156,65.75483703613281,-1.2499982118606567,-38.54001235961914,65.95235443115234,1.2600045204162598,-38.492469787597656,65.93484497070312
1711476131.7093215,-1.3023438453674316,-38.819400787353516,65.82483673095703,1.3548469543457031,-38.892364501953125,65.75483703613281,-1.2499982118606567,-38.54001235961914,65.95235443115234,1.2600045204162598,-38.492469787597656,65.93484497070312
1711476131.7193003,-1.3023438453674316,-38.819400787353516,65.82483673095703,1.3548469543457031,-38.93861389160156,65.75483703613281,-1.2499982118606567,-38.54001235961914,65.95235443115234,1.2600045204162598,-38.492469787597656,65.93484497070312
1711476131.7293165,-1.3023438453674316,-38.789398193359375,65.82483673095703,1.3548469543457031,-38.911582946777344,65.75483703613281,-1.2499982118606567,-38.54001235961914,65.95235443115234,1.2600045204162598,-38.492469787597656,65.93484497070312
1711476131.7393064,-1.2964063882827759,-38.845333099365234,65.82483673095703,1.3548469543457031,-38.87783432006836,65.75483703613281,-1.2499982118606567,-38.54001235961914,65.95235443115234,1.2600045204162598,-38.492469787597656,65.93484497070312
1711476131.7493217,-1.2923439741134644,-38.80049133300781,65.82483673095703,1.3548469543457031,-38.92799377441406,65.747802734375,-1.2499982118606567,-38.54001235961914,65.95235443115234,1.2600045204162598,-38.492469787597656,65.93484497070312
1711476131.7593164,-1.2923439741134644,-38.789710998535156,65.82483673095703,1.3548469543457031,-38.8704948425293,65.74483489990234,-1.2499982118606567,-38.54001235961914,65.95235443115234,1.2600045204162598,-38.492469787597656,65.93484497070312
1711476131.7692997,-1.2923439741134644,-38.83283615112305,65.82483673095703,1.3456296920776367,-38.89845657348633,65.74483489990234,-1.2499982118606567,-38.54001235961914,65.95235443115234,1.2600045204162598,-38.492469787597656,65.93484497070312
1711476131.779299,-1.2923439741134644,-38.78986740112305,65.82483673095703,1.3448476791381836,-38.90033721923828,65.74483489990234,-1.2499982118606567,-38.54001235961914,65.95235443115234,1.2600045204162598,-38.492469787597656,65.93484497070312
1711476131.7893348,-1.2923439741134644,-38.815650939941406,65.82483673095703,1.3448476791381836,-38.87080383300781,65.74483489990234,-1.2499982118606567,-38.54001235961914,65.95235443115234,1.2600045204162598,-38.492469787597656,65.93484497070312
1711476131.7993166,-1.2923439741134644,-38.77830505371094,65.82483673095703,1.341409683227539,-38.906429290771484,65.74483489990234,-1.2499982118606567,-38.54001235961914,65.95235443115234,1.2600045204162598,-38.492469787597656,65.93484497070312
1711476131.8092494,-1.2923439741134644,-38.825645446777344,65.82483673095703,1.334848403930664,-38.87220764160156,65.74483489990234,-1.2499982118606567,-38.54001235961914,65.95235443115234,1.2600045204162598,-38.492469787597656,65.93484497070312
1711476131.819316,-1.2923439741134644,-38.777523040771484,65.82483673095703,1.334848403930664,-38.89752197265625,65.74483489990234,-1.2499982118606567,-38.54001235961914,65.95235443115234,1.2600045204162598,-38.492469787597656,65.93484497070312
1711476131.8293283,-1.2923439741134644,-38.806114196777344,65.82483673095703,1.334848403930664,-38.88236618041992,65.74483489990234,-1.2499982118606567,-38.54001235961914,65.95235443115234,1.2600045204162598,-38.492469787597656,65.93484497070312
1711476131.8392537,-1.2923439741134644,-38.82548904418945,65.82483673095703,1.3245344161987305,-38.89752197265625,65.74483489990234,-1.2499982118606567,-38.54001235961914,65.95235443115234,1.2600045204162598,-38.492469787597656,65.93484497070312
1711476131.8493462,-1.2923439741134644,-38.769554138183594,65.82483673095703,1.3248467445373535,-38.88236618041992,65.74483489990234,-1.2499982118606567,-38.54001235961914,65.94860076904297,1.2600045204162598,-38.492469787597656,65.93484497070312
1711476131.8593197,-1.2923439741134644,-38.8358039855957,65.82483673095703,1.3248467445373535,-38.88236618041992,65.74483489990234,-1.2499982118606567,-38.54001235961914,65.94235229492188,1.2600045204162598,-38.492469787597656,65.93484497070312
1711476131.869329,-1.2923439741134644,-38.76924133300781,65.82483673095703,1.315004825592041,-38.88236618041992,65.74483489990234,-1.2499982118606567,-38.54001235961914,65.94235229492188,1.2600045204162598,-38.492469787597656,65.93484497070312
1711476131.87932,-1.2923439741134644,-38.80377197265625,65.82483673095703,1.314847469329834,-38.88236618041992,65.74483489990234,-1.2399981021881104,-38.54001235961914,65.9323501586914,1.2600045204162598,-38.492469787597656,65.93484497070312
1711476131.8893342,-1.2923439741134644,-38.82143020629883,65.82483673095703,1.3118791580200195,-38.88236618041992,65.74483489990234,-1.2399981021881104,-38.54001235961914,65.9323501586914,1.2600045204162598,-38.492469787597656,65.92329406738281
1711476131.8993015,-1.2923439741134644,-38.77830505371094,65.82483673095703,1.294846534729004,-38.88236618041992,65.74483489990234,-1.2399981021881104,-38.54001235961914,65.9323501586914,1.2600045204162598,-38.492469787597656,65.92485046386719
1711476131.9093194,-1.2923439741134644,-36.8648681640625,65.53781127929688,1.294846534729004,-38.972991943359375,65.51827239990234,-1.2399981021881104,-38.55470275878906,65.5323486328125,1.2600045204162598,-38.492469787597656,65.91594696044922
1711476131.9193153,-1.3129689693450928,-35.388145446777344,65.0921859741211,1.289534568786621,-39.37455368041992,64.29264068603516,-1.2399981021881104,-39.334388732910156,64.34391021728516,1.2090669870376587,-35.75355911254883,65.39173126220703
1711476131.9293354,-1.5278127193450928,-34.814239501953125,64.67717742919922,1.3695359230041504,-39.3748664855957,64.05311584472656,-1.1960917711257935,-39.36454391479492,63.92172622680664,1.2670358419418335,-34.99199676513672,64.89704132080078
1711476131.9393327,-1.635156512260437,-34.418460845947266,64.2824935913086,1.34047269821167,-39.212989807128906,63.70545959472656,-1.1190605163574219,-39.30329513549805,63.22844696044922,1.2651607990264893,-34.364341735839844,64.45345306396484
1711476131.9493308,-1.5217187404632568,-34.156272888183594,63.95749282836914,1.2939095497131348,-39.107051849365234,63.24795913696289,-1.0885918140411377,-39.11376190185547,62.49516296386719,1.2290669679641724,-33.97934341430664,64.03250122070312
1711476131.959399,-1.371093988418579,-33.918617248535156,63.59358596801758,1.210629940032959,-38.863929748535156,62.70061492919922,-1.0187479257583618,-39.228607177734375,61.56594467163086,1.2300046682357788,-33.72575378417969,63.70297622680664
1711476131.9693186,-1.3310939073562622,-33.56986618041992,63.42374038696289,1.1290669441223145,-38.63517761230469,62.05889892578125,-1.0099979639053345,-39.975791931152344,60.55594253540039,1.2270357608795166,-33.52403259277344,63.40439224243164
1711476131.9793313,-1.295156478881836,-32.69642639160156,63.55452346801758,1.0342216491699219,-38.48002243041992,61.52248001098633,-1.0832792520523071,-41.053138732910156,59.52001190185547,1.1693795919418335,-33.33372116088867,63.24016571044922
1711476131.9893265,-1.2162500619888306,-31.47924041748047,63.81093215942383,0.9689092636108398,-38.44236755371094,61.08905029296875,-1.1857792139053345,-42.27220153808594,58.56797790527344,1.1284420490264893,-33.22309494018555,63.15391540527344
1711476131.999387,-1.2325000762939453,-30.61971092224121,63.97452163696289,0.9381294250488281,-38.57205581665039,60.74076461791992,-1.3035917282104492,-43.62173080444336,57.78219223022461,1.0875046253204346,-33.16231155395508,63.22751235961914
1711476132.0093338,-1.2950003147125244,-30.587677001953125,64.26577758789062,0.9348464608192444,-38.90220642089844,60.46217727661133,-1.3454669713974,-44.74220275878906,57.27875518798828,1.0423483848571777,-33.22090530395508,63.37392044067383
1711476132.0193174,-1.3950002193450928,-30.70939826965332,64.575927734375,0.9500026702880859,-39.05439758300781,60.38905334472656,-1.355154275894165,-45.50251770019531,57.03610610961914,0.9470357894897461,-33.32621765136719,63.66250991821289
1711476132.0293188,-1.4034374952316284,-30.87799072265625,64.95890045166016,0.9368777871131897,-39.19783020019531,60.34873962402344,-1.440935492515564,-45.85047912597656,57.33391571044922,0.871879518032074,-33.59481430053711,63.97594451904297
1711476132.039328,-1.4400001764297485,-30.973148345947266,65.27092742919922,0.9504722952842712,-39.329551696777344,60.28437042236328,-1.6215604543685913,-46.138919830322266,57.50204086303711,0.8079732656478882,-33.85200119018555,64.31266784667969
1711476132.049336,-1.4320313930511475,-31.035804748535156,65.4563980102539,1.0110974311828613,-39.4284553527832,60.22435760498047,-1.7249979972839355,-46.21907424926758,57.59578323364258,0.7809420228004456,-33.99809265136719,64.61312866210938
1711476132.0593312,-1.3357815742492676,-31.055490493774414,65.56077575683594,1.015942096710205,-39.51830291748047,60.09420394897461,-1.7895293235778809,-46.230010986328125,57.58251190185547,0.7800045609474182,-34.08684158325195,64.76750946044922
1711476132.0693328,-1.2485939264297485,-30.99533462524414,65.56249237060547,1.0506296157836914,-39.58939743041992,59.82217788696289,-1.8110918998718262,-46.19063949584961,57.45391845703125,0.7800045609474182,-34.14653015136719,64.91016387939453
1711476132.0793414,-1.1207813024520874,-30.974863052368164,65.56249237060547,1.0881280899047852,-39.60752487182617,59.50155258178711,-1.8529669046401978,-46.162357330322266,57.30000686645508,0.7751607894897461,-34.22200012207031,64.92000579833984
1711476132.0893168,-0.9425002336502075,-30.897836685180664,65.26811218261719,1.120004653930664,-39.64720916748047,59.12623596191406,-1.8751542568206787,-46.147979736328125,57.20156478881836,0.7700045108795166,-34.31528091430664,64.92000579833984
1711476132.0993402,-0.7767188549041748,-30.93221092224121,65.12405395507812,1.126410961151123,-40.1561164855957,58.81608200073242,-1.9143729209899902,-46.51939010620117,57.39860534667969,0.7700045108795166,-34.453407287597656,64.88079071044922
1711476132.1093218,-0.6582814455032349,-31.004554748535156,64.91390228271484,1.1300039291381836,-41.976585388183594,60.10342788696289,-1.9374980926513672,-47.63532638549805,59.369384765625,0.7500045299530029,-34.66621780395508,64.86187744140625
1711476132.1193511,-0.5923439860343933,-31.26158332824707,64.83655548095703,1.1400032043457031,-45.88783264160156,62.07701873779297,-1.6942167282104492,-49.502201080322266,61.72766876220703,0.7493795156478882,-34.784969329833984,64.78876495361328
1711476132.1293347,-0.7476564049720764,-31.66767692565918,65.138427734375,0.9442234039306641,-50.72877502441406,65.69639587402344,-1.3045293092727661,-52.795013427734375,65.85266876220703,0.7951607704162598,-34.972312927246094,64.79547882080078
1711476132.1393123,-0.8275002241134644,-32.25299072265625,65.76327514648438,0.7554721832275391,-55.48268127441406,69.67576599121094,-0.8564043045043945,-56.38563919067383,70.10407257080078,0.7487545013427734,-35.29731369018555,65.0592269897461
1711476132.1493173,-0.8907812833786011,-32.73752212524414,66.43655395507812,0.4595351219177246,-59.83517837524414,73.6056137084961,-0.48640429973602295,-60.18813705444336,74.15985107421875,0.7993795275688171,-35.640750885009766,65.31782531738281
1711476132.159345,-0.988750159740448,-33.2209587097168,67.05577087402344,0.3637528419494629,-63.49705505371094,77.63780212402344,-0.3954668343067169,-63.64173126220703,78.27750396728516,0.8721920251846313,-35.81012725830078,65.63423156738281
1711476132.1693263,-1.1398440599441528,-33.56767654418945,67.66108703613281,0.5134415626525879,-66.2833023071289,81.77373504638672,-0.5199980735778809,-66.13533020019531,82.33110046386719,1.0598483085632324,-35.972938537597656,66.00078582763672
1711476132.1793432,-1.2098441123962402,-33.930335998535156,68.12421417236328,0.6890654563903809,-68.32345581054688,85.57842254638672,-0.7432794570922852,-68.63829803466797,86.05391693115234,1.2548482418060303,-36.091217041015625,66.3475112915039
1711476132.1893384,-1.2198439836502075,-34.16142654418945,68.42046356201172,0.8739089965820312,-69.54830169677734,89.2717056274414,-0.7842168211936951,-70.19188690185547,89.74610137939453,1.4356294870376587,-36.20231246948242,66.61922454833984
1711476132.199337,-1.2200000286102295,-34.297054290771484,68.57374572753906,0.9404731392860413,-70.13580322265625,92.5196762084961,-0.8151543140411377,-71.12422943115234,92.96422576904297,1.7675044536590576,-36.13871765136719,66.83328247070312
1711476132.2093399,-1.1417189836502075,-34.355491638183594,68.59249114990234,0.8451604843139648,-70.17424011230469,95.53372955322266,-0.8001542091369629,-71.26673126220703,95.904541015625,2.0879733562469482,-36.09481430053711,66.93110656738281
1711476132.2193477,-1.030937671661377,-34.395179748535156,68.45140075683594,0.7623481750488281,-69.49673461914062,98.22061157226562,-0.7999980449676514,-70.73829650878906,98.65641021728516,2.4031295776367188,-35.95621871948242,66.96797943115234
1711476132.2293491,-0.8753126859664917,-34.395179748535156,68.185302734375,0.644536018371582,-68.17423248291016,100.66936492919922,-0.8767169713973999,-69.72626495361328,101.00485229492188,2.7314107418060303,-35.8159065246582,66.98001098632812
1711476132.2393265,-0.786719024181366,-34.395179748535156,67.83749389648438,0.5553174018859863,-66.46736907958984,102.69873809814453,-0.9167168140411377,-68.33297729492188,103.01297760009766,3.059692144393921,-35.652156829833984,66.98001098632812
1711476132.2493489,-0.7456251978874207,-34.395179748535156,67.38530731201172,0.5093789100646973,-64.28768157958984,104.2043685913086,-0.9720292687416077,-66.41423034667969,104.51890563964844,3.3314108848571777,-35.527156829833984,66.91329193115234
1711476132.2593198,-0.722343921661377,-34.426116943359375,66.95437622070312,0.4928159713745117,-61.73846435546875,105.1251449584961,-1.0599980354309082,-64.07579040527344,105.4693832397461,3.653597831726074,-35.50481033325195,66.81797790527344
1711476132.2692642,-0.7275002002716064,-34.47736740112305,66.49031066894531,0.45391082763671875,-58.82314682006836,105.44029998779297,-1.1709356307983398,-61.34376525878906,105.83219146728516,3.9109420776367188,-35.53215408325195,66.59890747070312
1711476132.2793453,-0.7645314931869507,-34.572052001953125,66.08779907226562,0.4342222213745117,-55.414085388183594,105.0451431274414,-1.2773418426513672,-57.68360900878906,105.46141815185547,4.1659417152404785,-35.394500732421875,66.38251495361328
1711476132.289347,-0.845312774181366,-34.74002456665039,65.6556167602539,0.4348468780517578,-51.56221008300781,103.76748657226562,-1.380779504776001,-54.046573638916016,104.13063049316406,4.363910675048828,-35.35356140136719,66.2545394897461
1711476132.2993264,-0.9715626239776611,-35.0076789855957,65.23530578613281,0.4320359230041504,-47.68408966064453,101.66576385498047,-1.497029423713684,-50.388919830322266,101.9900131225586,4.579223155975342,-35.27450180053711,66.12922668457031
1711476132.30933,-1.1935940980911255,-35.32361602783203,64.84233856201172,0.39484739303588867,-43.7945556640625,98.05952453613281,-1.6257792711257935,-46.332359313964844,98.40312957763672,4.682817459106445,-35.274810791015625,66.04485321044922
1711476132.3194535,-1.4350003004074097,-35.7576789855957,64.46327209472656,0.39484739303588867,-40.14689636230469,94.08358001708984,-1.7157793045043945,-42.50813674926758,94.31173706054688,4.736722946166992,-35.34700012207031,66.01641845703125
1711476132.3293324,-1.7331252098083496,-36.29471206665039,64.20389556884766,0.34265995025634766,-36.684085845947266,89.10232543945312,-1.7003107070922852,-38.662357330322266,89.23969268798828,4.7831292152404785,-35.50309371948242,66.00048065185547
1711476132.3393447,-1.9818753004074097,-36.868770599365234,63.91843032836914,0.3448486328125,-33.32658386230469,83.08467864990234,-1.6981232166290283,-35.174076080322266,83.19110870361328,4.79516077041626,-35.72137451171875,65.9948501586914
1711476132.3493328,-2.4014062881469727,-37.53611755371094,63.69608688354492,0.3448486328125,-30.491586685180664,76.42420959472656,-1.6073417663574219,-32.19907760620117,76.63078308105469,4.79516077041626,-35.99778366088867,65.9948501586914
1711476132.359329,-2.904844045639038,-38.16283416748047,63.56296157836914,0.3768777847290039,-28.43658447265625,71.01201629638672,-1.4678105115890503,-30.59844970703125,74.01329040527344,4.79516077041626,-36.28450012207031,66.02095031738281
1711476132.369371,-3.2529687881469727,-38.44377136230469,63.68374252319336,0.7539105415344238,-27.07361602783203,67.767333984375,-1.890622854232788,-30.34485626220703,72.88095092773438,4.79516077041626,-36.61246871948242,66.02001190185547
1711476132.379407,-3.2321877479553223,-38.4256477355957,63.43061828613281,1.3003158569335938,-26.252365112304688,66.17874145507812,-1.8389042615890503,-29.72422981262207,71.67001342773438,4.699848175048828,-36.62918472290039,65.79610443115234
1711476132.3893428,-3.1312501430511475,-38.246585845947266,63.07921600341797,1.8604731559753418,-25.946115493774414,65.9943618774414,-1.614372968673706,-29.091888427734375,70.25906372070312,4.969691753387451,-36.23762512207031,65.02204132080078
1711476132.3993497,-2.981093645095825,-38.0662727355957,62.40249252319336,1.9803166389465332,-25.892364501953125,66.14014434814453,-1.3184356689453125,-28.47344970703125,68.84095001220703,5.117192268371582,-35.84418869018555,64.10984802246094
1711476132.4093285,-2.6410939693450928,-37.95924377441406,61.69015121459961,1.822502613067627,-25.93877410888672,66.1720199584961,-1.0393729209899902,-28.004074096679688,67.84062957763672,5.186098098754883,-35.72325134277344,63.27656936645508
1711476132.4193468,-2.478437662124634,-38.046897888183594,60.96483612060547,2.1001601219177246,-25.937522888183594,65.93826293945312,-0.8923417329788208,-27.733137130737305,66.99656677246094,5.071723461151123,-36.156375885009766,62.56156921386719
1711476132.4292917,-2.370781421661377,-38.046897888183594,60.96483612060547,2.1323466300964355,-25.99736785888672,65.61483764648438,-0.7481229305267334,-27.67313575744629,66.54610443115234,4.8570356369018555,-36.874969482421875,61.763916015625
1711476132.4393537,-2.343437671661377,-39.132835388183594,59.7137451171875,1.9053173065185547,-26.101896286010742,65.32327270507812,-0.6689043641090393,-27.940950393676758,66.3257827758789,4.471410751342773,-37.72340774536133,60.89391326904297
1711476132.449337,-2.2960939407348633,-39.769866943359375,59.27249526977539,1.874847412109375,-26.35814666748047,65.04264068603516,-0.726560652256012,-28.18063735961914,66.1501693725586,4.090473175048828,-38.71168518066406,60.16453552246094
1711476132.4593399,-2.292344093322754,-40.31767654418945,58.90373992919922,1.8629717826843262,-26.725645065307617,64.9337387084961,-0.7551541924476624,-28.529855728149414,66.06094360351562,3.705629587173462,-39.68434143066406,59.51266098022461
1711476132.4693656,-2.26171875,-40.687522888183594,58.64390182495117,1.8403172492980957,-27.237834930419922,64.90483093261719,-0.7551541924476624,-28.892826080322266,66.0523452758789,3.3876607418060303,-40.4788703918457,58.97016906738281
1711476132.479335,-2.2623441219329834,-41.03658676147461,58.43717956542969,1.8148468732833862,-27.869239807128906,65.07154846191406,-0.7990604639053345,-29.35204315185547,66.0523452758789,3.087035655975342,-41.207157135009766,58.59328842163086
1711476132.489337,-2.2799999713897705,-41.37767791748047,58.18218231201172,1.8728160858154297,-28.539554595947266,65.21904754638672,-0.8051544427871704,-29.80829620361328,66.07219696044922,2.9301607608795166,-41.80152893066406,58.39641571044922
1711476132.4992588,-2.2601566314697266,-41.80580520629883,57.958740234375,1.9048476219177246,-29.24189567565918,65.38951873779297,-0.8457791805267334,-30.24266815185547,66.10781860351562,2.7920355796813965,-42.3901252746582,58.31391143798828
1711476132.509341,-2.2523438930511475,-42.20846176147461,57.73624801635742,1.9464111328125,-29.93752098083496,65.59295654296875,-0.8762481808662415,-30.745635986328125,66.17750549316406,2.6401607990264893,-42.937469482421875,58.19282531738281
1711476132.5193682,-2.2523438930511475,-42.532676696777344,57.52452087402344,1.9895339012145996,-30.61252212524414,65.68998718261719,-0.9590604305267334,-31.16985321044922,66.18751525878906,2.5160982608795166,-43.44231033325195,57.94203567504883
1711476132.5293415,-2.2523438930511475,-42.81861877441406,57.26202392578125,2.0206284523010254,-31.297834396362305,65.7199935913086,-1.1179667711257935,-31.64938735961914,66.16844177246094,2.3453168869018555,-43.89247131347656,57.59141540527344
1711476132.5393558,-2.2523438930511475,-43.10799026489258,56.86671447753906,2.025628089904785,-31.95689582824707,65.7199935913086,-1.3053107261657715,-32.03079605102539,66.06735229492188,2.0800046920776367,-44.29965591430664,57.21781539916992
1711476132.5493624,-2.2523438930511475,-43.58955383300781,56.60983657836914,2.0334410667419434,-32.63564682006836,65.63358306884766,-1.3910919427871704,-32.4447021484375,65.93000793457031,1.8715670108795166,-44.78215408325195,56.715946197509766
1711476132.559392,-2.218750238418579,-44.99971008300781,57.89170837402344,2.0400047302246094,-33.32033157348633,65.53780364990234,-1.5245294570922852,-32.8609504699707,65.79031372070312,1.635941982269287,-45.44059371948242,56.35500717163086
1711476132.5693548,-2.0815627574920654,-47.39518356323242,59.72780990600586,2.0400047302246094,-33.982051849365234,65.3810806274414,-1.7342168092727661,-33.3548583984375,65.63125610351562,1.3395357131958008,-47.058719635009766,57.94813537597656
1711476132.5793626,-1.6954690217971802,-51.03252410888672,63.38983917236328,2.128283977508545,-34.71846008300781,65.21123504638672,-1.9290605783462524,-33.91501235961914,65.56204223632812,0.7170357704162598,-49.82074737548828,60.19500732421875
1711476132.589377,-0.9584376215934753,-55.00971603393555,67.45796203613281,2.3414111137390137,-35.51877212524414,65.20482635498047,-2.130779266357422,-34.57407760620117,65.64813232421875,-0.021870506927371025,-53.30262756347656,63.83047866821289
1711476132.5993612,-0.21578148007392883,-59.18455505371094,71.80343627929688,2.449066638946533,-36.31970977783203,65.40499114990234,-2.3073415756225586,-35.1773567199707,65.76876068115234,-0.951714277267456,-56.92903137207031,67.71798706054688
1711476132.6093674,0.3531248867511749,-62.71189498901367,76.14796447753906,2.5360965728759766,-37.11174011230469,65.7043685913086,-2.407029151916504,-35.65298080444336,65.89828491210938,-1.5885893106460571,-60.46528625488281,72.00204467773438
1711476132.6193428,0.674531102180481,-65.63377380371094,80.45936584472656,2.6739096641540527,-37.919551849365234,66.04436492919922,-2.6432793140411377,-36.07345199584961,65.9978256225586,-1.8417143821716309,-63.68075180053711,76.39531707763672
1711476132.6293588,0.5999997854232788,-67.82705688476562,84.37171173095703,2.786567211151123,-38.695335388183594,66.35498809814453,-2.8756229877471924,-36.519386291503906,66.13282012939453,-1.8320268392562866,-66.13778686523438,80.4167251586914
1711476132.6393716,0.4398435354232788,-69.34706115722656,87.92343139648438,2.819535732269287,-39.365020751953125,66.59639739990234,-3.126873016357422,-36.826419830322266,66.1901626586914,-1.712964415550232,-68.39871215820312,84.65953826904297
1711476132.6493635,0.22937478125095367,-70.25393676757812,91.1596908569336,2.820003032684326,-39.89814758300781,66.72639465332031,-3.3556227684020996,-37.072669982910156,66.1511001586914,-1.6334331035614014,-69.87200164794922,88.12844848632812
1711476132.6593735,0.16578108072280884,-70.37971496582031,94.30530548095703,2.791879177093506,-40.22267532348633,66.77999114990234,-3.65671706199646,-37.12782287597656,66.03079223632812,-1.603589415550232,-70.77574920654297,91.22844696044922
1711476132.6693807,0.17499983310699463,-69.95252990722656,97.23764038085938,2.702503204345703,-40.54205322265625,66.76405334472656,-3.9149982929229736,-37.20173263549805,65.85844421386719,-1.5707768201828003,-70.95059204101562,94.36548614501953
1711476132.6794086,0.19765600562095642,-68.83018493652344,99.87686920166016,2.5345349311828613,-40.80611801147461,66.5646743774414,-4.252966403961182,-37.22407531738281,65.68891906738281,-1.439839243888855,-70.48855590820312,97.27578735351562
1711476132.6893482,0.19765600562095642,-67.35799407958984,101.99077606201172,2.318441867828369,-40.951271057128906,66.29718017578125,-4.56671667098999,-37.3018913269043,65.47312927246094,-1.2518706321716309,-69.38309478759766,99.75547790527344
1711476132.6993754,0.17124980688095093,-65.45658874511719,103.64452362060547,2.1193790435791016,-41.13361358642578,65.97499084472656,-4.931872844696045,-37.36985778808594,65.26250457763672,-1.0785894393920898,-67.7390365600586,101.8689193725586
1711476132.7093668,0.1649998128414154,-63.19502639770508,104.80374145507812,1.8837547302246094,-41.305023193359375,65.56326293945312,-5.279372692108154,-37.44610595703125,65.02000427246094,-0.8974955677986145,-65.81512451171875,103.45703887939453
1711476132.7193537,0.16515612602233887,-60.23611831665039,105.42952728271484,1.7495346069335938,-41.536582946777344,65.20889282226562,-5.5759358406066895,-37.50798034667969,64.8346939086914,-0.6523393988609314,-63.65153121948242,104.50392150878906
1711476132.7293549,0.18765613436698914,-56.99892807006836,105.24234008789062,1.595315933227539,-41.77189636230469,64.91295623779297,-5.819060802459717,-37.61673355102539,64.58203887939453,-0.5145269632339478,-60.75543975830078,104.97953033447266
1711476132.7393508,0.18765613436698914,-53.203304290771484,104.19983673095703,1.4726591110229492,-42.01424026489258,64.60139465332031,-6.053278923034668,-37.72735595703125,64.35626220703125,-0.319214403629303,-57.47121810913086,104.75829315185547
1711476132.7493517,0.18765613436698914,-49.335025787353516,102.28921508789062,1.4143776893615723,-42.27580261230469,64.40718078613281,-6.205153942108154,-37.900169372558594,64.17344665527344,-0.18421439826488495,-53.742156982421875,103.56610107421875
1711476132.7593896,0.18765613436698914,-45.45392990112305,99.59686279296875,1.3942217826843262,-42.56330490112305,64.16545867919922,-6.324216842651367,-38.07423400878906,64.01594543457031,-0.13890188932418823,-49.68512725830078,101.43296813964844
1711476132.7692873,0.1873435080051422,-41.620182037353516,95.92562103271484,1.3948464393615723,-42.88673782348633,63.96389389038086,-6.422966957092285,-38.30345153808594,63.92079162597656,-0.0923394039273262,-45.78418731689453,98.5026626586914
1711476132.7793622,0.25828108191490173,-37.905494689941406,91.09186553955078,1.4410972595214844,-43.3006477355957,63.70858383178711,-6.476873397827148,-38.691104888916016,63.86266326904297,-0.1326519101858139,-42.00059509277344,94.87032318115234
1711476132.789378,0.319843590259552,-34.57158279418945,85.2612533569336,1.5250039100646973,-43.74393081665039,63.50107955932617,-6.475153923034668,-39.138919830322266,63.83876037597656,-0.14999563992023468,-38.26246643066406,90.00688171386719
1711476132.7994554,0.45749977231025696,-32.27549362182617,79.91654968261719,1.6256284713745117,-44.19611740112305,63.29186248779297,-6.443591594696045,-39.64079284667969,63.79860305786133,-0.20983940362930298,-34.7573127746582,83.84625244140625
1711476132.8093522,0.42593732476234436,-31.76361846923828,76.96342468261719,1.862504482269287,-44.7678337097168,63.11842346191406,-6.165154933929443,-40.27079772949219,63.720947265625,-0.09812064468860626,-31.77590560913086,77.27860260009766
1711476132.8193696,0.12156233191490173,-31.37221336364746,74.01374816894531,2.104065418243408,-45.355960845947266,62.73045349121094,-5.694841384887695,-40.902042388916016,63.40219497680664,0.1757856011390686,-29.594499588012695,71.34719848632812
1711476132.8293812,0.3040623664855957,-30.84861946105957,71.23780822753906,2.5348472595214844,-45.942989349365234,61.98389434814453,-5.101247787475586,-41.50032424926758,62.77235412597656,0.3951605558395386,-28.43575096130371,67.88516235351562
1711476132.839367,0.8084372878074646,-30.308616638183594,68.56124877929688,2.9979729652404785,-46.31642532348633,61.11608123779297,-4.395935535430908,-42.1282958984375,62.04313278198242,1.0771918296813965,-28.806373596191406,67.78531646728516
1711476132.849373,1.235781192779541,-29.805335998535156,66.7293701171875,3.2118797302246094,-46.35643005371094,60.38529968261719,-3.618278980255127,-42.5445442199707,61.24188232421875,1.661566972732544,-29.324968338012695,67.79891967773438
1711476132.8593678,1.6260935068130493,-29.4351806640625,65.67453002929688,3.2403159141540527,-45.87814712524414,59.50920867919922,-3.207498073577881,-42.484073638916016,60.33688735961914,2.055316925048828,-29.491844177246094,67.31828308105469
1711476132.8693593,1.7379686832427979,-29.365182876586914,65.06593322753906,3.0618786811828613,-45.1400260925293,58.93045425415039,-2.9021856784820557,-42.35344696044922,59.54141616821289,2.07766056060791,-29.39809226989746,66.40235137939453
1711476132.879373,1.6090624332427979,-29.48627471923828,64.6820297241211,2.5867223739624023,-44.12986755371094,58.66420364379883,-2.463747978210449,-42.56032180786133,58.88157272338867,2.0210981369018555,-29.173404693603516,65.41438293457031
1711476132.8893826,1.5279686450958252,-29.74752426147461,64.40342712402344,1.7925047874450684,-43.35111618041992,58.41592788696289,-1.9385918378829956,-43.01844787597656,58.396728515625,1.9985980987548828,-28.875905990600586,64.62344360351562
1711476132.899363,1.378906011581421,-29.98658561706543,64.25389862060547,1.164534091949463,-42.95455551147461,58.204833984375,-1.4978104829788208,-43.373451232910156,58.06859588623047,1.8653169870376587,-28.711687088012695,64.21391296386719
1711476132.9093819,1.0595309734344482,-30.317054748535156,64.23265075683594,0.7728171348571777,-42.8314323425293,57.90373992919922,-1.3020291328430176,-43.57954406738281,57.79016876220703,1.6526607275009155,-28.65496826171875,64.00531768798828
1711476132.919787,0.8607810735702515,-30.69767951965332,64.28108978271484,0.6485986709594727,-42.98111343383789,57.80826950073242,-1.1701542139053345,-43.84266662597656,57.67000961303711,1.5026606321334839,-28.77903175354004,63.96485137939453
1711476132.9293797,0.6932810544967651,-31.147993087768555,64.33452606201172,0.5742216110229492,-43.207054138183594,57.77482604980469,-0.9923418760299683,-44.23844909667969,57.60079574584961,1.6093792915344238,-29.00934600830078,64.22798156738281
1711476132.9393756,0.4929685592651367,-31.597211837768555,64.53983306884766,0.5296921730041504,-43.59174346923828,57.90030288696289,-0.739685595035553,-44.64954376220703,57.58235168457031,1.7773480415344238,-29.33059310913086,64.57157135009766
1711476132.9493814,0.28984352946281433,-32.11299133300781,64.868896484375,0.5426597595214844,-43.92158508300781,57.98966979980469,-0.6095293164253235,-45.09516906738281,57.59751510620117,1.9165668487548828,-29.684654235839844,64.95938110351562
1711476132.9594464,0.10562479496002197,-32.604713439941406,65.1349868774414,0.5548477172851562,-44.24018096923828,58.02998733520508,-0.4753105342388153,-45.47360610961914,57.55110168457031,2.032973289489746,-30.09340476989746,65.30876159667969
1711476132.9693916,-0.043125152587890625,-33.0619010925293,65.30186462402344,0.49297332763671875,-44.48736572265625,58.03311538696289,-0.36202937364578247,-45.81329345703125,57.47000503540039,2.1195356845855713,-30.379812240600586,65.55765533447266
1711476132.979943,-0.2753126621246338,-33.426429748535156,65.32249450683594,0.4346919059753418,-44.60517883300781,57.8912353515625,-0.3257793188095093,-46.16157531738281,57.28922653198242,2.1765668392181396,-30.58840560913086,65.63563537597656
1711476132.989422,-0.3987501561641693,-33.734397888183594,65.24467468261719,0.3332853317260742,-44.64799118041992,57.66092300415039,-0.2707792818546295,-46.41250991821289,57.03782272338867,2.1976606845855713,-30.812936782836914,65.66079711914062
1711476132.9993804,-0.49718767404556274,-33.97892761230469,65.08218383789062,0.2257847785949707,-44.727054595947266,57.36107635498047,-0.20546689629554749,-46.66048049926758,56.680477142333984,2.1976606845855713,-30.960439682006836,65.64266204833984
1711476133.0093946,-0.609843909740448,-34.17783737182617,64.77796173095703,0.030472278594970703,-45.09736633300781,57.18467712402344,-0.16296684741973877,-47.157981872558594,56.5546989440918,2.2010982036590576,-31.16309356689453,65.56687927246094
1711476133.0193732,-0.6985938549041748,-34.412837982177734,64.51311492919922,-0.14062166213989258,-46.348304748535156,58.95624542236328,-0.09343564510345459,-48.20813751220703,58.26578903198242,2.249222993850708,-31.39371681213379,65.49781799316406
1711476133.029384,-0.7795313000679016,-34.75346374511719,64.24359130859375,-0.46124696731567383,-48.340492248535156,61.04327392578125,0.1668769121170044,-49.74657440185547,60.10672378540039,2.271566867828369,-31.653093338012695,65.474853515625
1711476133.040169,-0.9585937857627869,-35.270023345947266,64.31655883789062,-0.547027587890625,-51.48736572265625,65.23249053955078,0.41609570384025574,-52.39344787597656,64.24578857421875,2.3304731845855713,-32.07278060913086,65.6111068725586
1711476133.0493798,-1.210625171661377,-35.94611740112305,64.58937072753906,-0.4390597343444824,-54.81642532348633,69.56498718261719,0.6914081573486328,-55.486576080322266,68.65563201904297,2.337660789489746,-32.61402893066406,65.87985229492188
1711476133.0593865,-1.4448440074920654,-36.71611785888672,65.0804672241211,-0.41905879974365234,-58.33190155029297,73.88092803955078,0.8576581478118896,-58.91876220703125,73.10157775878906,2.2775044441223145,-33.203250885009766,66.21953582763672
1711476133.069386,-1.7723438739776611,-37.41767883300781,65.65577697753906,-0.42030811309814453,-61.59501647949219,78.12826538085938,1.0414081811904907,-61.89532470703125,77.24156951904297,2.2281293869018555,-33.707157135009766,66.502197265625
1711476133.0793712,-2.094531297683716,-38.05112075805664,66.18264770507812,-0.3414034843444824,-64.26142883300781,82.25608825683594,1.126876950263977,-64.85204315185547,81.62422180175781,2.190004348754883,-34.22012710571289,66.76907348632812
1711476133.0893636,-2.4423437118530273,-38.63955307006836,66.59296417236328,-0.1999950408935547,-66.35986328125,86.1664047241211,1.1203144788742065,-67.1209487915039,85.38078308105469,2.1287546157836914,-34.6084098815918,67.0384521484375
1711476133.0993273,-2.731250047683716,-39.15580749511719,66.83452606201172,0.01594066619873047,-67.73767852783203,89.6692123413086,1.1200019121170044,-68.7684555053711,88.88391876220703,2.078441858291626,-34.945125579833984,67.23562622070312
1711476133.109385,-2.923750400543213,-39.51596450805664,66.91187286376953,0.21062850952148438,-68.45580291748047,92.91091918945312,1.124220609664917,-69.65048217773438,92.22500610351562,2.0931291580200195,-35.19731140136719,67.36625671386719
1711476133.11942,-3.0679688453674316,-39.757991790771484,66.90734100341797,0.3623485565185547,-68.5284652709961,95.9365463256836,1.1012519598007202,-69.84126281738281,95.30625915527344,2.1240668296813965,-35.388092041015625,67.42562866210938
1711476133.1293871,-3.1781253814697266,-39.846275329589844,66.71796417236328,0.47078609466552734,-67.93268585205078,98.75733184814453,1.0548456907272339,-69.3659439086914,97.99938201904297,2.1312544345855713,-35.528560638427734,67.46173095703125
1711476133.1393895,-3.213750123977661,-39.957210540771484,66.38296508789062,0.4700040817260742,-66.72174835205078,101.2099838256836,0.9642207026481628,-68.48094940185547,100.65641021728516,2.1915669441223145,-35.591373443603516,67.46001434326172
1711476133.1493747,-3.2300002574920654,-39.96174621582031,66.01467895507812,0.4700040817260742,-65.1148681640625,103.21186065673828,0.9085957407951355,-67.19766235351562,102.64157104492188,2.274066686630249,-35.88184356689453,67.32376098632812
1711476133.159374,-3.2300002574920654,-40.00517654418945,65.5731201171875,0.4700040817260742,-63.11783981323242,104.71061706542969,0.8048456907272339,-65.40188598632812,104.20750427246094,2.316098213195801,-35.949344635009766,67.17485046386719
1711476133.1693776,-3.2300002574920654,-39.968772888183594,65.15296173095703,0.4700040817260742,-60.70674133300781,105.69046020507812,0.6340644359588623,-63.19235610961914,105.25923156738281,2.380004405975342,-36.01059341430664,66.96110534667969
1711476133.1793888,-3.2300002574920654,-39.97939682006836,64.7249984741211,0.5092215538024902,-57.81049346923828,106.0987319946289,0.5040643811225891,-60.36579132080078,105.7292251586914,2.489535331726074,-36.01246643066406,66.72297668457031
1711476133.1893995,-3.2125003337860107,-39.919395446777344,64.29640197753906,0.5593776702880859,-54.430179595947266,105.77764129638672,0.380001962184906,-56.88188552856445,105.43203735351562,2.6000046730041504,-36.01246643066406,66.43313598632812
1711476133.1993687,-3.212344169616699,-39.99720764160156,63.92124557495117,0.6109404563903809,-50.57658386230469,104.493896484375,0.2529706060886383,-53.3515739440918,104.20219421386719,2.661254405975342,-36.02027893066406,66.23407745361328
1711476133.2093692,-3.212344169616699,-40.065494537353516,63.57718276977539,0.6100034713745117,-46.72627258300781,102.29467010498047,0.1442207396030426,-49.749698638916016,102.20157623291016,2.7039108276367188,-36.02246856689453,66.06172943115234
1711476133.219385,-3.212344169616699,-40.2259635925293,63.29311752319336,0.5931282043457031,-43.00236511230469,99.1681137084961,0.1487518846988678,-45.81797790527344,99.2243881225586,2.732973337173462,-36.08012390136719,65.95313262939453
1711476133.229378,-3.2320315837860107,-40.42533874511719,63.11202621459961,0.513908863067627,-39.246429443359375,94.96186065673828,0.14484569430351257,-41.892982482910156,95.06735229492188,2.752504587173462,-36.21528244018555,65.89938354492188
1711476133.2393978,-3.259999990463257,-40.728458404541016,62.95499038696289,0.48906564712524414,-35.76658630371094,90.00999450683594,0.1703144609928131,-38.072669982910156,90.13594818115234,2.7651607990264893,-36.44387435913086,65.87406921386719
1711476133.2493997,-3.2637500762939453,-41.05845642089844,62.85593032836914,0.41875362396240234,-32.39674377441406,83.86701965332031,0.19453316926956177,-34.6339225769043,83.96610260009766,2.7651607990264893,-36.70840835571289,65.87484741210938
1711476133.259377,-3.376094102859497,-41.48783874511719,62.80326843261719,0.4307842254638672,-29.49299430847168,77.1574935913086,0.22765816748142242,-31.57501220703125,77.16031646728516,2.742192268371582,-37.02559280395508,65.87484741210938
1711476133.269424,-3.5328125953674316,-41.96487045288086,62.76327896118164,0.3935980796813965,-27.44752311706543,71.76045989990234,0.2971893548965454,-29.297828674316406,72.8756332397461,2.7100043296813965,-37.37746810913086,65.88844299316406
1711476133.2796671,-3.7115626335144043,-42.268463134765625,62.88155746459961,0.41562795639038086,-26.50408363342285,69.14138793945312,0.11140823364257812,-28.48048210144043,71.10266876220703,2.6692230701446533,-37.812313079833984,65.89000701904297
1711476133.2893791,-3.6931254863739014,-42.285179138183594,62.79764938354492,0.8907842636108398,-26.445804595947266,68.32233428955078,-0.2371855080127716,-27.947357177734375,69.97985076904297,2.43703556060791,-38.14231491088867,65.85235595703125
1711476133.2994037,-3.543750047683716,-42.182369232177734,62.29155731201172,1.0707855224609375,-26.402053833007812,68.05374145507812,-0.3570292890071869,-27.54016876220703,68.91439056396484,2.3900043964385986,-38.19231033325195,65.22907257080078
1711476133.309397,-3.3837502002716064,-41.944400787353516,61.52749252319336,0.9740661978721619,-26.43877410888672,67.78123474121094,-0.25921687483787537,-27.135950088500977,68.02719116210938,2.3342232704162598,-38.13434600830078,64.30485534667969
1711476133.319386,-3.1532814502716064,-41.641273498535156,60.6434326171875,0.9648466110229492,-26.467679977416992,67.17999267578125,-0.2835918962955475,-26.854389190673828,67.04531860351562,2.1276607513427734,-38.08481216430664,63.42469024658203
1711476133.3293743,-2.9054689407348633,-41.459712982177734,59.82905578613281,1.0109424591064453,-26.492055892944336,66.50452423095703,-0.35234183073043823,-26.672513961791992,66.3151626586914,1.9975045919418335,-38.208251953125,62.54359817504883
1711476133.3393764,-2.6748437881469727,-41.307369232177734,59.12234115600586,0.9845352172851562,-26.60173988342285,65.8684310913086,-0.4354667663574219,-26.680326461791992,65.85188293457031,1.7357858419418335,-38.722312927246094,61.63454055786133
1711476133.3493786,-2.5740625858306885,-41.31127166748047,58.55656051635742,0.9548473358154297,-26.878929138183594,65.36451721191406,-0.49156057834625244,-26.856420516967773,65.5993881225586,1.510941982269287,-39.45372009277344,60.72454071044922
1711476133.3593976,-2.299062490463257,-41.5579948425293,58.22999572753906,0.9803152084350586,-27.215959548950195,65.00624084472656,-0.6370292901992798,-27.13188934326172,65.40579223632812,1.167973279953003,-40.48184585571289,59.82735824584961
1711476133.3693917,-1.9151564836502075,-41.78330612182617,58.03311538696289,0.9900045394897461,-27.672054290771484,64.85249328613281,-0.869998037815094,-27.319076538085938,65.32109832763672,0.8873482942581177,-41.59246826171875,59.04329299926758
1711476133.3794608,-1.7478126287460327,-42.12252426147461,57.90468215942383,1.0504722595214844,-28.267053604125977,64.82483673095703,-1.0353106260299683,-27.681732177734375,65.35173034667969,0.6376607418060303,-42.597312927246094,58.37297058105469
1711476133.3893962,-1.7423439025878906,-42.42612075805664,57.82343292236328,1.178910732269287,-28.94674301147461,65.0353012084961,-1.2096855640411377,-28.075796127319336,65.4732894897461,0.4525044858455658,-43.467628479003906,57.92516326904297
1711476133.3993895,-1.6721876859664917,-42.82033157348633,57.77764892578125,1.4010977745056152,-29.6734619140625,65.25482940673828,-1.3539042472839355,-28.53095245361328,65.6657943725586,0.2517232298851013,-44.18606185913086,57.71360397338867
1711476133.4094145,-1.6723438501358032,-43.16314697265625,57.71952438354492,1.5704727172851562,-30.35017967224121,65.50827026367188,-1.4964044094085693,-28.989702224731445,65.892822265625,0.11578574776649475,-44.747467041015625,57.67422866821289
1711476133.4194026,-1.662656307220459,-43.44424057006836,57.66343307495117,1.790628433227539,-31.0601806640625,65.76233673095703,-1.6464042663574219,-29.433292388916016,66.03250885009766,-0.011089248582720757,-45.32872009277344,57.62094497680664
1711476133.4294043,-1.6593750715255737,-43.74565124511719,57.54718017578125,1.9437527656555176,-31.724552154541016,65.96279907226562,-1.7531230449676514,-29.924076080322266,66.12906646728516,-0.20812049508094788,-45.81324768066406,57.47751235961914
1711476133.4393976,-1.6176563501358032,-44.02174377441406,57.26921081542969,2.011723518371582,-32.37955856323242,66.048583984375,-1.8373417854309082,-30.279232025146484,66.15328979492188,-0.3521830141544342,-46.2221565246582,57.25907516479492
1711476133.449348,-1.5690627098083496,-44.16987228393555,56.88936996459961,2.062191963195801,-32.934085845947266,66.04998779296875,-1.9351541996002197,-30.631887435913086,66.1021957397461,-0.47655799984931946,-46.56418991088867,56.88469696044922
1711476133.4593267,-1.470937728881836,-44.608306884765625,56.88936996459961,2.101566791534424,-33.440338134765625,65.95670318603516,-2.02249813079834,-30.986263275146484,66.01203918457031,-0.6199955344200134,-46.81965637207031,56.38172912597656
1711476133.469403,-1.3740626573562622,-45.635963439941406,57.55217742919922,2.1398472785949707,-33.9251823425293,65.81155395507812,-2.1245291233062744,-31.33329200744629,65.89110565185547,-0.6954642534255981,-47.45793533325195,56.10688400268555
1711476133.4794052,-1.1987501382827759,-47.32049560546875,59.57358932495117,2.1400046348571777,-34.39580154418945,65.55107879638672,-2.2671854496002197,-31.708919525146484,65.80220031738281,-0.7731204628944397,-48.85449981689453,57.44938659667969
1711476133.4894114,-0.878593921661377,-49.98767852783203,63.00077438354492,2.2309422492980957,-34.969242095947266,65.31405639648438,-2.355154514312744,-32.251888275146484,65.7823486328125,-0.9596830010414124,-51.02043533325195,59.19391632080078
1711476133.499488,-0.5045314431190491,-53.46720886230469,67.3176498413086,2.3807859420776367,-35.609554290771484,65.24358367919922,-2.383904457092285,-32.94110870361328,66.01454162597656,-1.1281205415725708,-54.10840606689453,62.73656463623047
1711476133.5094066,-0.050468891859054565,-57.09455871582031,71.8040542602539,2.4710965156555176,-36.3587760925293,65.42935943603516,-2.3851542472839355,-33.67094802856445,66.23579406738281,-1.2409329414367676,-57.63106155395508,66.79625701904297
1711476133.5193896,0.28265610337257385,-60.36674499511719,76.09796142578125,2.5482845306396484,-37.028926849365234,65.72108459472656,-2.417654514312744,-34.40361022949219,66.46954345703125,-1.3823392391204834,-61.18778610229492,71.12954711914062
1711476133.5294044,0.372031033039093,-63.31986999511719,80.2098388671875,2.696566581726074,-37.71345901489258,66.11624145507812,-2.475935697555542,-34.9932975769043,66.67172241210938,-1.3934329748153687,-64.36481475830078,75.42548370361328
1711476133.5394092,0.3160935640335083,-65.64627075195312,84.07029724121094,2.839691638946533,-38.40517807006836,66.45233154296875,-2.5628104209899902,-35.41563415527344,66.8689193725586,-1.353901743888855,-67.03700256347656,79.69906616210938
1711476133.5493913,0.09656235575675964,-67.39018249511719,87.7160873413086,2.865471839904785,-38.96299362182617,66.72749328613281,-2.6412479877471924,-35.81157684326172,66.90359497070312,-1.223589301109314,-69.16419219970703,83.44735717773438
1711476133.5594184,0.02671852707862854,-68.42955780029297,91.22781372070312,2.9000043869018555,-39.41143035888672,66.96451568603516,-2.7309353351593018,-36.05485534667969,66.90719604492188,-1.162495493888855,-70.68059539794922,87.16079711914062
1711476133.5694103,-0.029531419277191162,-68.71143341064453,94.50374603271484,2.8693795204162598,-39.72205352783203,67.06201934814453,-2.837029457092285,-36.17985534667969,66.85282135009766,-1.090620517730713,-71.60028839111328,90.53485870361328
1711476133.579427,-0.03906264901161194,-68.42955780029297,97.40328216552734,2.8293776512145996,-39.89689636230469,67.05998992919922,-2.95609188079834,-36.33204650878906,66.7361068725586,-1.0748392343521118,-71.79199981689453,93.72859954833984
1711476133.5894032,-0.04000023007392883,-67.65689849853516,99.93234252929688,2.720003128051758,-39.97830581665039,66.90999603271484,-3.1759355068206787,-36.450950622558594,66.5675048828125,-1.0059330463409424,-71.34638214111328,96.61297607421875
1711476133.599464,-0.0023439526557922363,-66.40752410888672,99.93234252929688,2.5607848167419434,-40.00752258300781,66.62045288085938,-3.357966423034668,-36.56954574584961,66.38359832763672,-0.8771830201148987,-70.3738784790039,99.1912612915039
1711476133.6094413,-0.013593882322311401,-64.67330932617188,103.84561157226562,2.325315475463867,-40.05830383300781,66.27310943603516,-3.542966842651367,-36.63142013549805,66.23828887939453,-0.6801517009735107,-68.93153381347656,101.25251007080078
1711476133.6194174,-0.020000189542770386,-62.22564697265625,105.15218353271484,2.114846706390381,-40.05752182006836,65.91404724121094,-3.726248025894165,-36.72548294067383,66.02672576904297,-0.5184329748153687,-67.24309539794922,102.89469146728516
1711476133.6294308,0.009531080722808838,-59.39471435546875,105.8321762084961,1.8934416770935059,-40.11236572265625,65.4943618774414,-3.8610916137695312,-36.834388732910156,65.82954406738281,-0.36858928203582764,-64.84402465820312,104.1323471069336
1711476133.6400716,0.007656067609786987,-56.07564926147461,105.80218505859375,1.751723289489746,-40.17892837524414,65.15592193603516,-3.9896860122680664,-36.97626495361328,65.61923217773438,-0.19780799746513367,-62.00043487548828,104.7242202758789
1711476133.649405,-0.012500137090682983,-52.59408950805664,105.03060913085938,1.607503890991211,-40.230804443359375,64.88483428955078,-4.113435745239258,-37.05079650878906,65.33126068115234,-0.08140174299478531,-58.634033203125,104.60094451904297
1711476133.6594152,-0.020000189542770386,-48.90892791748047,103.43265533447266,1.4876604080200195,-40.35299301147461,64.55905151367188,-4.166091442108154,-37.1612663269043,65.07125854492188,0.019535761326551437,-54.945594787597656,103.6209487915039
1711476133.6694248,-0.020000189542770386,-45.048309326171875,100.99514770507812,1.4221906661987305,-40.518775939941406,64.353271484375,-4.185154438018799,-37.29329299926758,64.90126037597656,0.10875450074672699,-51.1826286315918,101.89704132080078
1711476133.679418,0.0096873939037323,-41.13721466064453,97.34858703613281,1.4048480987548828,-40.769866943359375,64.15029907226562,-4.192654609680176,-37.58563995361328,64.74203491210938,0.1970357596874237,-47.311378479003906,99.22250366210938
1711476133.6893656,0.07765606045722961,-37.44330596923828,97.34858703613281,1.4048480987548828,-41.000022888183594,63.98311233520508,-4.166717052459717,-37.90970230102539,64.61032104492188,0.22547324001789093,-43.41872024536133,95.5904769897461
1711476133.6993914,0.1374998688697815,-34.03221130371094,86.68155670166016,1.471409797668457,-41.30783462524414,63.78905487060547,-4.154997825622559,-38.29251480102539,64.53031921386719,0.22516076266765594,-39.57246780395508,90.71907043457031
1711476133.709405,0.19953101873397827,-31.010650634765625,80.38639831542969,1.5146923065185547,-41.68596267700195,63.66014099121094,-4.067811012268066,-38.78485870361328,64.50234985351562,0.1787545084953308,-36.091064453125,84.78610229492188
1711476133.7194226,0.21390601992607117,-28.644710540771484,75.01437377929688,1.6307854652404785,-42.076114654541016,63.52842712402344,-3.960623025894165,-39.31251525878906,64.4654769897461,0.0981295108795166,-32.86606216430664,78.11875915527344
1711476133.7294023,0.22703112661838531,-28.127992630004883,71.99217987060547,1.8592215776443481,-42.548770904541016,63.35639953613281,-3.719529390335083,-39.93251037597656,64.44609832763672,0.07953575253486633,-30.410749435424805,72.49141693115234
1711476133.739431,-0.03984391689300537,-28.002525329589844,70.29249572753906,2.0987534523010254,-43.12236785888672,63.07217788696289,-3.236873149871826,-40.626888275146484,64.28125762939453,0.19766074419021606,-28.659969329833984,68.2292251586914
1711476133.7494264,0.14499977231025696,-27.84205436706543,68.52374267578125,2.416253089904785,-43.609397888183594,62.53749084472656,-2.7739040851593018,-41.23032760620117,63.83375549316406,0.482035756111145,-28.443405151367188,67.25423431396484
1711476133.759369,0.24109363555908203,-27.590024948120117,67.05436706542969,2.6276612281799316,-43.72955322265625,62.013427734375,-2.1082794666290283,-41.611419677734375,63.17938232421875,1.0506294965744019,-28.812936782836914,67.13016510009766
1711476133.769406,0.4867185354232788,-27.498931884765625,66.1273422241211,2.6706290245056152,-43.61143112182617,61.26264953613281,-1.5509355068206787,-41.77095031738281,62.37562942504883,1.4682857990264893,-29.00215721130371,66.8025131225586
1711476133.7794287,0.694843590259552,-27.542991638183594,65.54264831542969,2.649378776550293,-43.294395446777344,60.43202590942383,-1.1981230974197388,-41.73532485961914,61.48063278198242,1.5496920347213745,-29.00246810913086,66.11485290527344
1711476133.7894082,0.7376560568809509,-27.708459854125977,65.1438980102539,2.4462532997131348,-42.91877365112305,59.56186294555664,-0.9701544642448425,-41.744232177734375,60.72703552246094,1.630316972732544,-28.86887550354004,65.35421752929688
1711476133.799414,0.6320310235023499,-28.039398193359375,64.8778076171875,2.273440361022949,-42.61236572265625,58.81779479980469,-0.8021855354309082,-41.810794830322266,60.08454132080078,1.6659420728683472,-28.739341735839844,64.65158081054688
1711476133.809421,0.5078123211860657,-28.437992095947266,64.75686645507812,2.0354723930358887,-42.4603385925293,58.29795837402344,-0.7439044117927551,-41.97626876831055,59.63188171386719,1.6651607751846313,-28.69387435913086,64.18344116210938
1711476133.819423,0.3520311415195465,-28.899396896362305,64.73483276367188,1.7753171920776367,-42.45939636230469,57.96061325073242,-0.6304667592048645,-42.271419525146484,59.24298095703125,1.5995358228683472,-28.78262710571289,63.97141647338867
1711476133.8294313,0.1556248962879181,-29.393306732177734,64.78092956542969,1.6785979270935059,-42.63064956665039,57.85733413696289,-0.4671855568885803,-42.54173278808594,58.95156478881836,1.4979732036590576,-28.960750579833984,63.92344284057617
1711476133.8394156,0.002499818801879883,-29.920806884765625,64.82452392578125,1.6748476028442383,-42.922054290771484,57.80482864379883,-0.32765433192253113,-42.93657684326172,58.69875717163086,1.5631295442581177,-29.214969635009766,64.06250762939453
1711476133.849325,-0.1903127133846283,-30.515180587768555,64.96343231201172,1.653127670288086,-43.29893112182617,57.91014862060547,-0.17827928066253662,-43.396888732910156,58.52156448364258,1.7598482370376587,-29.548248291015625,64.23687744140625
1711476133.8594127,-0.3729689121246338,-31.11408805847168,65.18421173095703,1.6448473930358887,-43.6862678527832,57.91999053955078,0.020470619201660156,-43.853763580322266,58.37828826904297,1.9393795728683472,-29.93684196472168,64.53343963623047
1711476133.869357,-0.5354688763618469,-31.753150939941406,65.36780548095703,1.6448473930358887,-44.01111602783203,57.91999053955078,0.18578320741653442,-44.2532958984375,58.28187942504883,2.0512545108795166,-30.333248138427734,64.76750946044922
1711476133.879407,-0.7400001287460327,-32.36439895629883,65.44233703613281,1.5810966491699219,-44.27439880371094,57.82435989379883,0.28390809893608093,-44.79610824584961,58.18532180786133,2.1490671634674072,-30.773719787597656,64.99610137939453
1711476133.8894374,-0.8920314311981201,-32.866119384765625,65.4524917602539,1.4879727363586426,-44.51908874511719,57.64092254638672,0.41625186800956726,-45.271732330322266,57.93251037597656,2.2264108657836914,-31.06621551513672,65.04110717773438
1711476133.8994198,-1.0417189598083496,-33.32705307006836,65.35921478271484,1.367504596710205,-44.67689895629883,57.37311553955078,0.5445331931114197,-45.638607025146484,57.60453796386719,2.2351608276367188,-31.406532287597656,65.05001068115234
1711476133.909435,-1.217343807220459,-33.69627380371094,65.24280548095703,1.2415671348571777,-44.837520599365234,56.95404815673828,0.6364081501960754,-45.89704513549805,57.18562698364258,2.2351608276367188,-31.64200210571289,65.05001068115234
1711476133.9194198,-1.3185938596725464,-34.08830642700195,65.05062103271484,1.0703158378601074,-45.284244537353516,56.83108139038086,0.6798456311225891,-46.40095520019531,56.92047882080078,2.267035722732544,-31.92043685913086,64.9822006225586
1711476133.929356,-1.377500295639038,-34.448150634765625,64.77749633789062,0.8773469924926758,-46.515804290771484,58.23904800415039,0.7210956811904907,-47.21829605102539,58.06016540527344,2.2714109420776367,-32.23606491088867,64.91767120361328
1711476133.9393413,-1.4346877336502075,-34.88502502441406,64.60014343261719,0.6165671348571777,-48.334083557128906,60.41920852661133,0.8850018978118896,-48.88813781738281,59.82328796386719,2.3132858276367188,-32.587154388427734,64.87484741210938
1711476133.9494367,-1.628906488418579,-35.4781494140625,64.50421142578125,0.30422210693359375,-51.09471130371094,64.21217346191406,1.0903143882751465,-51.65204620361328,63.13094711303711,2.4039106369018555,-33.06293869018555,64.89968872070312
1711476133.9594328,-1.9121875762939453,-36.2281494140625,64.80874633789062,0.18687963485717773,-54.22064971923828,68.587646484375,1.0826581716537476,-55.05766677856445,67.3386001586914,2.4451608657836914,-33.759029388427734,65.19063568115234
1711476133.969389,-2.2001564502716064,-37.010807037353516,64.80874633789062,0.017817020416259766,-57.68893051147461,73.02670288085938,1.079845666885376,-58.56173324584961,71.83391571044922,2.487504482269287,-34.552154541015625,65.60939025878906
1711476133.9794235,-2.4604690074920654,-37.760963439941406,65.73827362060547,-0.06577730178833008,-60.85439682006836,77.39717864990234,1.1023457050323486,-62.23751449584961,76.19876098632812,2.4951605796813965,-35.300594329833984,66.07360076904297
1711476133.9894092,-2.77484393119812,-38.4256477355957,66.27733612060547,-0.012965202331542969,-63.52861022949219,81.4592056274414,1.1701581478118896,-65.16267395019531,80.10969543457031,2.5018796920776367,-35.86277770996094,66.45156860351562
1711476134.000068,-3.006718873977661,-39.11549377441406,66.7337417602539,0.13500452041625977,-65.69471740722656,85.26123809814453,1.1248457431793213,-67.59986114501953,83.84766387939453,2.5651607513427734,-36.30934143066406,66.756103515625
1711476134.0094302,-3.2139062881469727,-39.63861846923828,67.1145248413086,0.2771902084350586,-67.20626831054688,88.7567138671875,1.1168769598007202,-69.28579711914062,87.47267150878906,2.6095359325408936,-36.620750427246094,67.00094604492188
1711476134.019422,-3.327812671661377,-40.05268096923828,67.35015106201172,0.38359642028808594,-68.07877349853516,92.10904693603516,1.0845332145690918,-70.25454711914062,90.90048217773438,2.6973483562469482,-36.82387161254883,67.13516235351562
1711476134.0294378,-3.396719217300415,-40.30720901489258,67.40015411376953,0.3746914863586426,-68.22549438476562,95.27124786376953,1.0534394979476929,-70.59142303466797,94.1384506225586,2.794066905975342,-36.99699783325195,67.2146987915039
1711476134.0394258,-3.4200000762939453,-40.47251892089844,67.2981185913086,0.3748464584350586,-67.69283294677734,98.20138549804688,1.0034394264221191,-70.33219909667969,97.08235168457031,2.9343795776367188,-37.04543685913086,67.23001098632812
1711476134.0494318,-3.3773438930511475,-40.59580612182617,67.08061218261719,0.3748464584350586,-66.6456527709961,100.65170288085938,0.9568769931793213,-69.60501098632812,99.55110931396484,3.135941743850708,-37.09184265136719,67.23001098632812
1711476134.0594683,-3.283437490463257,-40.62611389160156,66.61811828613281,0.34516096115112305,-65.17330169677734,102.75202178955078,0.8679707050323486,-68.36923217773438,101.61907196044922,3.334535598754883,-37.09246826171875,67.12266540527344
1711476134.0694308,-3.176875114440918,-40.60987091064453,66.17186737060547,0.33484697341918945,-63.35346221923828,104.31889343261719,0.7273456454277039,-66.58705139160156,103.32969665527344,3.589535713195801,-37.0999641418457,66.97109985351562
1711476134.0794418,-3.070625066757202,-40.60752487182617,65.73733520507812,0.33484697341918945,-61.00486755371094,105.45452117919922,0.5914081335067749,-64.28267669677734,104.53047943115234,3.770785331726074,-37.110904693603516,66.77188110351562
1711476134.0894172,-2.9562501907348633,-40.55830383300781,65.27655792236328,0.34656524658203125,-58.05908966064453,105.98294830322266,0.508283257484436,-61.58470153808594,105.11312866210938,3.9568796157836914,-37.16246795654297,66.4725112915039
1711476134.0994394,-2.8226563930511475,-40.55752182006836,64.85733032226562,0.37000417709350586,-54.684085845947266,105.81514739990234,0.3940644860267639,-58.47626495361328,104.91266632080078,4.145785808563232,-37.058563232421875,66.19219970703125
1711476134.1094303,-2.7609376907348633,-40.57518005371094,64.44686889648438,0.4107856750488281,-50.97111511230469,104.6143569946289,0.22062689065933228,-55.13642501831055,103.97203063964844,4.247817039489746,-37.051063537597656,65.9186019897461
1711476134.1207128,-2.7423439025878906,-40.64487075805664,64.0614013671875,0.410003662109375,-47.203617095947266,102.61499786376953,0.0757831335067749,-51.42314147949219,102.09844207763672,4.366410732269287,-36.993560791015625,65.66641235351562
1711476134.1294487,-2.7423439025878906,-40.728458404541016,63.70343017578125,0.410003662109375,-43.56111526489258,99.91529846191406,1.9371509552001953e-06,-47.4368896484375,99.46250915527344,4.496723651885986,-37.05434036254883,65.42703247070312
1711476134.139426,-2.7423439025878906,-40.89345932006836,63.40389633178711,0.3768777847290039,-39.781272888183594,96.1740493774414,-0.057029273360967636,-43.37876510620117,95.75157165527344,4.542036056518555,-37.14496994018555,65.30470275878906
1711476134.1494322,-2.798750162124634,-41.16627502441406,63.22249221801758,0.36484718322753906,-36.156272888183594,91.10013580322266,-0.11749804019927979,-39.60376739501953,91.0876693725586,4.565160751342773,-37.355594635009766,65.27484893798828
1711476134.1594322,-2.866562604904175,-41.471900939941406,63.01749038696289,0.32250404357910156,-32.72892761230469,85.05951690673828,-0.17609179019927979,-36.082672119140625,84.60188293457031,4.542660713195801,-37.61825180053711,65.26485443115234
1711476134.1694431,-3.0226564407348633,-41.942832946777344,62.88624572753906,0.37453413009643555,-31.31064796447754,80.75889587402344,-0.2384355664253235,-33.12454605102539,78.27204132080078,4.421723365783691,-38.01356506347656,65.26485443115234
1711476134.1794388,-3.329219102859497,-42.47783660888672,62.61093521118164,0.6301593780517578,-31.04298973083496,77.84217834472656,-0.5664042830467224,-30.311105728149414,72.56875610351562,3.965941905975342,-38.60606384277344,65.2615737915039
1711476134.1894248,-3.6800003051757812,-42.97721481323242,62.00421142578125,0.4542231559753418,-30.48221206665039,75.14373779296875,-0.784529447555542,-28.762203216552734,68.29813385009766,3.3271920680999756,-39.17449951171875,65.00985717773438
1711476134.199442,-4.105937480926514,-43.35752487182617,61.16468048095703,0.18765926361083984,-29.87861442565918,72.21248626708984,-0.9414044618606567,-28.606109619140625,67.51485443115234,2.5257859230041504,-39.77043533325195,64.470947265625
1711476134.2094507,-4.623437881469727,-43.51533889770508,60.45155715942383,-0.4479646682739258,-29.133460998535156,69.72404479980469,-1.7846856117248535,-29.30095100402832,67.51937866210938,1.8901606798171997,-40.250125885009766,63.85063171386719
1711476134.219447,-4.845624923706055,-43.229713439941406,59.77265167236328,-1.0326528549194336,-28.60392951965332,67.93655395507812,-2.437185764312744,-29.618764877319336,67.08516693115234,1.132035732269287,-40.547000885009766,63.13188171386719
1711476134.229461,-4.8017191886901855,-42.6951789855957,59.40046691894531,-1.3746833801269531,-28.32361602783203,66.81326293945312,-2.7565603256225586,-29.63173484802246,66.27719116210938,0.8076607584953308,-40.48480987548828,62.21391296386719
1711476134.2394269,-4.128593921661377,-42.05158996582031,59.11624526977539,-1.6884326934814453,-28.301742553710938,66.09811401367188,-2.7751543521881104,-29.45189094543457,65.35438537597656,0.6256294846534729,-40.5682487487793,61.28312683105469
1711476134.2494264,-3.0029690265655518,-41.53205490112305,58.87062072753906,-1.8259334564208984,-28.38096046447754,65.48030090332031,-2.729060649871826,-29.199703216552734,64.55110168457031,0.493754506111145,-40.98340606689453,60.5401611328125
1711476134.2594566,-1.8137503862380981,-41.26533508300781,58.63343048095703,-1.6756200790405273,-28.42752456665039,64.92826843261719,-2.727341890335083,-29.00611114501953,64.13719177246094,0.3873482346534729,-41.58137512207031,59.94501495361328
1711476134.2694483,-0.8020314574241638,-41.237525939941406,58.34733581542969,-1.4715576171875,-28.56595802307129,64.5167007446289,-2.5104668140411377,-28.793922424316406,63.9659423828125,0.2767232656478882,-41.97074890136719,59.59907531738281
1711476134.2795658,-0.25187522172927856,-41.30720901489258,58.02077102661133,-1.4181208610534668,-28.78080177307129,64.28264617919922,-2.1926543712615967,-28.65454864501953,63.93031692504883,0.17016075551509857,-42.324501037597656,59.28422546386719
1711476134.2894473,-0.1314064860343933,-41.54533767700195,57.72483825683594,-1.3923406600952148,-29.058929443359375,64.15280151367188,-1.8787479400634766,-28.70564079284668,64.13250732421875,-0.014683026820421219,-42.64997100830078,59.12594985961914
1711476134.2993476,-0.16250014305114746,-41.730648040771484,57.46546173095703,-1.3498401641845703,-29.465023040771484,64.15483093261719,-1.8856230974197388,-29.044546127319336,64.4312515258789,-0.2664017975330353,-43.02387237548828,58.96360397338867
1711476134.3094323,-0.22875012457370758,-42.05955505371094,57.37452697753906,-1.2528085708618164,-29.930335998535156,64.400146484375,-2.166560411453247,-29.18673324584961,64.6501693725586,-0.5193706154823303,-43.41278076171875,58.89406967163086
1711476134.3194304,-0.24203136563301086,-42.5054931640625,57.69124221801758,-1.1042141914367676,-30.445180892944336,64.79639434814453,-2.3859355449676514,-29.429861068725586,64.96829223632812,-0.7246830463409424,-43.77027893066406,58.83375930786133
1711476134.3294342,-0.34375011920928955,-42.85783767700195,57.82827377319336,-0.989527702331543,-30.980804443359375,65.25843048095703,-2.4590604305267334,-29.662513732910156,65.1706314086914,-0.8498393297195435,-44.05262756347656,58.79844665527344
1711476134.3394773,-0.3973439335823059,-43.17768096923828,57.88593292236328,-0.8573389053344727,-31.569557189941406,65.56748962402344,-2.645623207092285,-29.926422119140625,65.42344665527344,-1.032026767730713,-44.38246536254883,58.74687957763672
1711476134.34947,-0.4195314645767212,-43.36502456665039,57.78874206542969,-0.7210898399353027,-32.11955261230469,65.76560974121094,-2.7945291996002197,-30.164236068725586,65.53860473632812,-1.1735892295837402,-44.81512451171875,58.697509765625
1711476134.3594215,-0.35765647888183594,-43.51533889770508,57.54296112060547,-0.5546832084655762,-32.60267639160156,65.8302993774414,-2.837341785430908,-30.465641021728516,65.6042251586914,-1.2239018678665161,-45.19075012207031,58.58375549316406
1711476134.3695202,-0.35234391689300537,-43.76127243041992,57.25468063354492,-0.4546833038330078,-32.98752212524414,65.75093078613281,-2.8351542949676514,-30.72188949584961,65.61750793457031,-1.2740579843521118,-45.52012634277344,58.35953903198242
1711476134.3794532,-0.24468763172626495,-44.38970947265625,57.60374450683594,-0.4090595245361328,-33.30611801147461,65.56905364990234,-2.884685754776001,-31.01392364501953,65.51156616210938,-1.310776948928833,-46.03825378417969,58.16750717163086
1711476134.389427,-0.09187519550323486,-45.65986633300781,57.60374450683594,-0.3718709945678711,-33.57096481323242,65.24858093261719,-2.948904275894165,-31.30689239501953,65.42079162597656,-1.3314019441604614,-47.07590866088867,58.91938018798828
1711476134.3994853,0.17812475562095642,-48.43971252441406,62.62702941894531,-0.29593467712402344,-34.01127624511719,64.93467712402344,-3.017498016357422,-31.67563819885254,65.39094543457031,-1.4909330606460571,-48.859031677246094,60.24641418457031
1711476134.4094634,0.39062485098838806,-51.97346496582031,66.91889953613281,0.01594066619873047,-34.63189697265625,64.73358154296875,-3.0765604972839355,-32.282981872558594,65.5768814086914,-1.5912456512451172,-51.65856170654297,62.77782440185547
1711476134.41948,0.5896872878074646,-55.68986892700195,71.51983642578125,0.31734704971313477,-35.40752410888672,64.8721694946289,-3.0354669094085693,-33.03829574584961,65.87438201904297,-1.441245675086975,-55.546688079833984,66.61109924316406
1711476134.4294417,0.6754686236381531,-59.16705322265625,75.732177734375,0.637660026550293,-36.1483039855957,65.19889068603516,-2.9610917568206787,-33.78813934326172,66.1471939086914,-1.2199956178665161,-59.55434036254883,70.7567367553711
1711476134.4394567,0.6145310401916504,-62.20658874511719,79.83280181884766,1.0070347785949707,-36.88658142089844,65.64529418945312,-2.8129665851593018,-34.48689270019531,66.42172241210938,-1.0939018726348877,-63.32606506347656,75.06845092773438
1711476134.449448,0.3990623354911804,-64.74283599853516,83.67717742919922,1.3443779945373535,-37.5875244140625,66.1221694946289,-2.704216957092285,-35.05220031738281,66.6003189086914,-1.0531206130981445,-66.25481414794922,78.97079467773438
1711476134.459442,0.0892186164855957,-66.62440490722656,87.43328094482422,1.6257858276367188,-38.26908874511719,66.4934310913086,-2.610154390335083,-35.41298294067383,66.80891418457031,-1.0396831035614014,-68.68340301513672,82.71595001220703
1711476134.4694612,-0.06828144192695618,-67.73721313476562,91.0860824584961,1.8962525129318237,-38.777992248535156,66.71592712402344,-2.5004665851593018,-35.72329330444336,66.87906646728516,-1.0323394536972046,-70.32059478759766,86.45797729492188
1711476134.4795194,-0.148593932390213,-68.16143035888672,94.2110824584961,2.0556282997131348,-39.2281494140625,66.86483764648438,-2.37796688079834,-35.98251724243164,66.9079818725586,-0.9909331202507019,-71.26200103759766,90.01329040527344
1711476134.489444,-0.15968769788742065,-68.14283752441406,97.2153091430664,2.167973518371582,-39.43220901489258,66.89998626708984,-2.3337481021881104,-36.23079299926758,66.90750885009766,-0.9323393702507019,-71.41106414794922,93.14891815185547
1711476134.4994411,-0.142500102519989,-67.52970886230469,99.68952178955078,2.2610974311828613,-39.56533432006836,66.75202178955078,-2.309060573577881,-36.42610549926758,66.89297485351562,-0.8289019465446472,-71.02184295654297,96.29891967773438
1711476134.5094466,-0.19906267523765564,-66.27096557617188,101.97515106201172,2.330160140991211,-39.67314529418945,66.47405242919922,-2.309998035430908,-36.6204833984375,66.84579467773438,-0.7029643654823303,-70.16246795654297,98.81078338623047
1711476134.5194743,-0.21000012755393982,-64.49518585205078,103.90202331542969,2.3400044441223145,-39.71767807006836,66.16826629638672,-2.309998035430908,-36.736576080322266,66.7400131225586,-0.5868706703186035,-68.81668853759766,100.97203826904297
1711476134.529457,-0.24812518060207367,-62.09893035888672,105.29327392578125,2.3400044441223145,-39.71752166748047,65.8176498413086,-2.3251543045043945,-36.84376525878906,66.55110931396484,-0.44233939051628113,-67.06637573242188,102.76750183105469
1711476134.5394075,-0.27000024914741516,-59.32846450805664,106.0813980102539,2.322659492492676,-39.75986862182617,65.37389373779297,-2.3321855068206787,-36.94142150878906,66.34735107421875,-0.29390189051628113,-64.71278381347656,104.1003189086914
1711476134.5494442,-0.27000024914741516,-56.3631477355957,106.25577545166016,2.324848175048828,-39.75752258300781,65.0138931274414,-2.345154285430908,-36.96001434326172,66.14907836914062,-0.19202689826488495,-61.81934356689453,104.75907135009766
1711476134.5594692,-0.27421891689300537,-53.123931884765625,105.74249267578125,2.3204731941223145,-39.78236389160156,64.63217163085938,-2.3649981021881104,-37.03017044067383,65.93219757080078,-0.11265190690755844,-58.69809341430664,104.8650131225586
1711476134.5694544,-0.29000014066696167,-49.52486801147461,104.407958984375,2.3148465156555176,-39.79142761230469,64.35061645507812,-2.365154266357422,-37.059234619140625,65.75859832763672,-0.03171440213918686,-55.41340637207031,104.21250915527344
1711476134.5794504,-0.29000014066696167,-45.523460388183594,101.89905548095703,2.3148465156555176,-39.87955856323242,64.04749298095703,-2.365154266357422,-37.15439224243164,65.5675048828125,0.08719184994697571,-51.730125427246094,102.70437622070312
1711476134.589476,-0.29000014066696167,-41.58346176147461,98.1712417602539,2.3403167724609375,-39.97939682006836,63.77295684814453,-2.374685764312744,-37.28829574584961,65.38188171386719,0.20531685650348663,-47.809810638427734,100.092041015625
1711476134.5994184,-0.2620314061641693,-37.83314895629883,93.42420959472656,2.350003719329834,-39.97939682006836,63.77295684814453,-2.3751542568206787,-37.46736145019531,65.29203796386719,0.24531684815883636,-43.808719635009766,96.35610961914062
1711476134.6094542,-0.19234389066696167,-34.37330627441406,87.89952087402344,2.402036190032959,-40.37767791748047,63.37030029296875,-2.3751542568206787,-37.7198600769043,65.22688293457031,0.2476605772972107,-40.04981231689453,91.89765930175781
1711476134.61946,-0.14031261205673218,-31.453773498535156,82.71078491210938,2.422659397125244,-40.63127517700195,63.26201629638672,-2.3449981212615967,-38.071109771728516,65.20235443115234,0.2476605772972107,-36.33809280395508,85.63859558105469
1711476134.629453,-0.01781269907951355,-28.722368240356445,76.39811706542969,2.460002899169922,-40.969085693359375,63.14608383178711,-2.319998264312744,-38.41329574584961,65.20235443115234,0.13359808921813965,-33.29652786254883,80.37032318115234
1711476134.639445,0.01765608787536621,-26.737213134765625,70.85639953613281,2.5682854652404785,-41.3079948425293,63.09264373779297,-2.295779228210449,-38.86532974243164,65.17234802246094,0.14562934637069702,-30.833871841430664,75.16063690185547
1711476134.6494215,-0.07500022649765015,-25.566429138183594,68.05998992919922,2.6203155517578125,-41.302207946777344,63.22748565673828,-2.267029285430908,-39.211891174316406,65.07766723632812,0.516566812992096,-29.87309455871582,72.98719787597656
1711476134.6594362,-0.5834376811981201,-24.91596221923828,66.39827728271484,2.3140668869018555,-41.02970886230469,63.03593063354492,-2.117654323577881,-39.26095199584961,64.64969635009766,0.5539105534553528,-29.046688079833984,71.63032531738281
1711476134.6694489,-1.03781259059906,-24.74861717224121,65.48483276367188,2.0929718017578125,-40.61424255371094,62.69999313354492,-2.3599982261657715,-38.86985778808594,63.85922622680664,0.3571918308734894,-28.128562927246094,69.98094177246094
1711476134.679457,-1.329219102859497,-25.073461532592773,65.01014709472656,1.7628169059753418,-40.31549072265625,62.23233413696289,-2.465935707092285,-38.580013275146484,63.150634765625,0.05422310158610344,-27.36246681213379,68.40829467773438
1711476134.6893818,-1.274687647819519,-25.42705535888672,64.70639038085938,1.353285312652588,-40.11017990112305,61.78030014038086,-2.5893731117248535,-38.42439270019531,62.57516098022461,-0.11780817061662674,-26.85387420654297,67.0975112915039
1711476134.6994529,-0.8528125286102295,-25.727680206298828,64.66936492919922,0.8801603317260742,-39.97783660888672,61.25467300415039,-2.725935697555542,-38.4993896484375,62.04375457763672,-0.28421440720558167,-26.472625732421875,66.12954711914062
1711476134.7095177,-0.35843774676322937,-26.31471061706543,64.91764831542969,0.6207847595214844,-39.95236587524414,60.80998229980469,-2.785935640335083,-38.781578063964844,61.65266418457031,-0.4318706691265106,-26.332624435424805,65.5251693725586
1711476134.7195096,-0.1914064586162567,-26.832056045532227,64.91764831542969,0.4392218589782715,-39.95236587524414,60.80998229980469,-2.759216785430908,-39.16236114501953,61.43938446044922,-0.4814019203186035,-26.409658432006836,65.22547912597656
1711476134.7294536,-0.5228126049041748,-27.269868850708008,64.74280548095703,0.3325033187866211,-40.462520599365234,60.28561782836914,-2.648435592651367,-39.70188903808594,61.28031921386719,-0.3139019012451172,-26.586843490600586,65.14485931396484
1711476134.7394547,-0.6376564502716064,-27.621898651123047,64.73483276367188,0.3248476982116699,-40.88408279418945,60.13076400756836,-2.421247959136963,-40.2628288269043,61.06407165527344,-0.1328081488609314,-26.98215675354004,65.27532196044922
1711476134.7494717,-0.5384376645088196,-27.85299301147461,64.76248931884766,0.38484811782836914,-41.254398345947266,59.94139862060547,-2.157029151916504,-40.8140754699707,60.78828811645508,0.037348102778196335,-27.54106330871582,65.53141021728516
1711476134.7594478,-0.5123439431190491,-28.021739959716797,64.77936553955078,0.4315662384033203,-41.587833404541016,59.70623779296875,-1.7996855974197388,-41.3236083984375,60.45391845703125,0.32187938690185547,-28.09356117248535,65.73391723632812
1711476134.7694569,-0.5123439431190491,-28.312522888183594,64.79249572753906,0.45000314712524414,-41.885337829589844,59.39795684814453,-1.522810459136963,-41.800018310546875,60.14141845703125,0.5417230725288391,-28.60309600830078,65.83063507080078
1711476134.7795367,-0.6298439502716064,-28.631587982177734,64.79249572753906,0.45000314712524414,-42.17439651489258,59.03061294555664,-1.250935435295105,-42.35110855102539,59.87469482421875,0.8056293725967407,-29.066375732421875,65.83063507080078
1711476134.7894588,-0.6987501978874207,-29.01705551147461,64.81108856201172,0.4410982131958008,-42.404083251953125,58.58217239379883,-1.0168731212615967,-42.86017608642578,59.46813201904297,0.9276606440544128,-29.49168586730957,65.69469451904297
1711476134.7994711,-0.7200000882148743,-29.40283966064453,64.81249237060547,0.4315662384033203,-42.699398040771484,58.18045425415039,-0.7899981737136841,-43.37736129760742,59.08188247680664,1.1179730892181396,-29.92434310913086,65.52281951904297
1711476134.8094783,-0.6814063787460327,-29.96361541748047,64.84436798095703,0.39281606674194336,-43.00221252441406,57.69310760498047,-0.6434355974197388,-43.911109924316406,58.62344741821289,1.266098141670227,-30.340280532836914,65.36266326904297
1711476134.8194594,-0.674843966960907,-30.8375244140625,64.90139770507812,0.3873467445373535,-43.361114501953125,57.23561477661133,-0.4170292615890503,-44.443138122558594,58.08673095703125,1.3859418630599976,-30.797468185424805,65.17469787597656
1711476134.8294713,-0.8096876740455627,-31.60346221923828,64.90249633789062,0.36484718322753906,-44.086585998535156,57.01014709472656,-0.24859189987182617,-45.10563659667969,57.72672653198242,1.5201605558395386,-31.264814376831055,65.02328491210938
1711476134.839431,-0.8540627360343933,-32.44892883300781,64.84327697753906,0.36484718322753906,-45.668617248535156,58.64201354980469,-0.035779327154159546,-46.025169372558594,58.25844955444336,1.7343792915344238,-31.78449821472168,64.91016387939453
1711476134.849459,-0.8600002527236938,-33.29267883300781,64.74905395507812,0.2498483657836914,-47.941741943359375,60.79702377319336,0.3357832133769989,-47.84626770019531,59.69141387939453,1.927660584449768,-32.37043762207031,64.8220443725586
1711476134.8593955,-0.8801564574241638,-34.14018249511719,64.78155517578125,0.13109683990478516,-51.03986740112305,63.88311004638672,0.7781269550323486,-50.79548645019531,62.28579330444336,2.2071919441223145,-32.97840881347656,64.7829818725586
1711476134.8694868,-1.2415626049041748,-35.13970947265625,65.09811401367188,0.3103160858154297,-54.47564697265625,68.0909194946289,1.0371894836425781,-53.923606872558594,65.6267318725586,2.3535983562469482,-33.72496795654297,64.99032592773438
1711476134.8794544,-1.4679688215255737,-36.29377365112305,65.69046020507812,0.6225037574768066,-58.17939758300781,72.51358032226562,1.232345700263977,-58.32439422607422,70.4542236328125,2.4887545108795166,-34.5268440246582,65.32173156738281
1711476134.8894746,-1.729062795639038,-37.47142791748047,66.37467956542969,0.8840656280517578,-61.47361755371094,72.51358032226562,1.3518768548965454,-62.25001525878906,74.66828918457031,2.650160789489746,-35.38090515136719,65.64532470703125
1711476134.8994815,-1.9904687404632568,-38.57502746582031,66.37467956542969,1.145472526550293,-61.47361755371094,76.92686462402344,1.4803144931793213,-65.60798645019531,78.51937866210938,2.7590670585632324,-36.07371520996094,65.93766021728516
1711476134.909466,-2.3325002193450928,-39.56705856323242,67.61436462402344,1.3717222213745117,-66.40877532958984,84.82560729980469,1.505626916885376,-68.3509521484375,82.34359741210938,2.900629758834839,-36.640907287597656,66.08016967773438
1711476134.9194815,-2.5250003337860107,-40.44612121582031,67.96452331542969,1.5240669250488281,-67.92127990722656,88.3263931274414,1.525314450263977,-70.2415771484375,86.06001281738281,3.1251606941223145,-37.032466888427734,66.15922546386719
1711476134.9294817,-2.6678128242492676,-41.183773040771484,68.18140411376953,1.5400028228759766,-68.68204498291016,91.63374328613281,1.5500019788742065,-71.39408111572266,89.63937377929688,3.346879482269287,-37.44215393066406,66.21126556396484
1711476134.939459,-2.700000047683716,-41.780181884765625,68.14999389648438,1.5700030326843262,-68.7793960571289,94.74562072753906,1.572033166885376,-71.88533020019531,93.0095443725586,3.7018792629241943,-37.71137619018555,66.21001434326172
1711476134.949458,-2.6948440074920654,-42.254085540771484,67.97140502929688,1.5571904182434082,-68.16299438476562,97.6974868774414,1.4806269407272339,-71.84689331054688,95.91313171386719,4.038754463195801,-38.01028060913086,66.10922241210938
1711476134.9594755,-2.565000057220459,-42.57549285888672,67.48873901367188,1.5248465538024902,-67.01002502441406,97.6974868774414,1.4623457193374634,-71.18861389160156,98.47547912597656,4.424535751342773,-38.20106506347656,65.97860717773438
1711476134.9694638,-2.399218797683716,-42.81377029418945,66.95811462402344,1.5220355987548828,-65.45158386230469,102.30889129638672,1.3893769979476929,-69.92938995361328,100.68032836914062,4.817348480224609,-38.38606262207031,65.7878189086914
1711476134.9794905,-2.197187662124634,-43.0267448425293,66.3410873413086,1.4948487281799316,-63.53424072265625,103.87796020507812,1.297658085823059,-68.14595794677734,102.52891540527344,5.169223308563232,-38.54106140136719,65.47891235351562
1711476134.9894955,-2.0090627670288086,-43.19142532348633,65.75936889648438,1.4948487281799316,-61.20611572265625,104.94123840332031,1.1331268548965454,-65.86532592773438,103.90312957763672,5.5314106941223145,-38.57496643066406,65.17953491210938
1711476134.9994678,-1.767968773841858,-43.43033981323242,65.19233703613281,1.4948487281799316,-58.26987075805664,105.39842224121094,0.9414081573486328,-63.23298645019531,104.5876693725586,5.792036056518555,-38.609188079833984,64.82313537597656
1711476135.0094726,-1.6451563835144043,-43.697208404541016,64.70764923095703,1.464848518371582,-54.83658981323242,105.06983184814453,0.6732832193374634,-60.18782424926758,104.5651626586914,6.0431294441223145,-38.67137145996094,64.4342269897461
1711476135.0194502,-1.5115628242492676,-43.922367095947266,64.25968170166016,1.464848518371582,-51.03080368041992,105.06983184814453,0.3882831335067749,-56.85126495361328,103.86985778808594,6.252817153930664,-38.71153259277344,64.04391479492188
1711476135.0294642,-1.4006251096725464,-44.18611526489258,63.88968276977539,1.4339089393615723,-47.23517990112305,101.89452362060547,0.10718941688537598,-53.082672119140625,102.30860137939453,6.456567287445068,-38.81169128417969,63.728759765625
1711476135.0394864,-1.3704689741134644,-44.47893142700195,63.56999206542969,1.4348483085632324,-43.46767807006836,98.84077453613281,-0.037654340267181396,-49.12470626831055,99.74266052246094,6.5828166007995605,-39.03606033325195,63.42015838623047
1711476135.0495477,-1.3623440265655518,-44.77611541748047,63.29905319213867,1.4385986328125,-39.80268096923828,95.18061065673828,-0.166873037815094,-45.016422271728516,96.17422485351562,6.652817249298096,-39.22700119018555,63.22454071044922
1711476135.0594635,-1.419062614440918,-45.1461181640625,63.03390121459961,1.3962531089782715,-36.22002029418945,90.1434326171875,-0.2848418056964874,-41.258766174316406,91.15313720703125,6.723910331726074,-39.51777648925781,63.11953353881836
1711476135.0694885,-1.5223441123962402,-45.602054595947266,62.85311508178711,1.3648486137390137,-32.80986404418945,83.95530700683594,-0.3251543641090393,-37.87423324584961,85.37578582763672,6.767035484313965,-39.90574645996094,63.07328796386719
1711476135.0794058,-1.701718807220459,-46.12986755371094,62.66389846801758,1.2832856178283691,-31.35424041748047,79.45342254638672,-0.329216867685318,-34.262516021728516,79.12688446044922,6.756723403930664,-40.30918884277344,63.07485580444336
1711476135.0894897,-1.9793752431869507,-46.805023193359375,62.42796325683594,1.5609407424926758,-31.25642967224121,76.67030334472656,-0.5534355640411377,-31.405954360961914,73.23938751220703,6.413442134857178,-40.94965744018555,63.05438232421875
1711476135.0994902,-2.2931251525878906,-47.38658905029297,61.98186492919922,1.601409912109375,-30.832366943359375,74.05374145507812,-0.6564043164253235,-29.865013122558594,69.51891326904297,5.91625452041626,-41.55121994018555,62.86016082763672
1711476135.109493,-2.8010940551757812,-47.66596603393555,61.45530700683594,1.3828158378601074,-30.284868240356445,71.56045532226562,-1.2714043855667114,-30.147830963134766,69.26141357421875,5.341098308563232,-42.157466888427734,62.32985305786133
1711476135.1194742,-2.9884376525878906,-47.56111526489258,60.69171142578125,1.120316982269287,-29.63908576965332,69.60030364990234,-1.8704668283462524,-30.26923370361328,68.83485412597656,4.515473365783691,-42.53387451171875,61.724853515625
1711476135.1294034,-3.047968864440918,-47.15564727783203,59.75890350341797,0.7760977745056152,-29.218618392944336,68.24327087402344,-2.2867166996002197,-30.351423263549805,68.02359771728516,3.9828169345855713,-42.46543884277344,60.77173614501953
1711476135.1394506,-2.912031412124634,-46.13018035888672,59.34389877319336,0.3900027275085449,-28.950334548950195,67.22404479980469,-2.325310707092285,-30.122671127319336,66.85626220703125,3.2548484802246094,-42.4102783203125,59.85548400878906
1711476135.1494718,-2.6639065742492676,-44.76424026489258,59.08061981201172,0.16437768936157227,-28.76486587524414,66.37451934814453,-2.3095293045043945,-29.691423416137695,65.6159439086914,2.218441963195801,-42.84981155395508,59.23219680786133
1711476135.1594942,-2.254687547683716,-43.4390869140625,59.09217834472656,0.08437871932983398,-28.641427993774414,65.67357635498047,-2.269998073577881,-29.219234466552734,64.61656951904297,1.123598337173462,-43.47934341430664,58.68656921386719
1711476135.1694698,-1.6159377098083496,-42.21127700805664,58.99608612060547,0.10781526565551758,-28.642364501953125,65.0334243774414,-2.1524980068206787,-28.93360710144043,64.0251693725586,0.12625449895858765,-43.97090148925781,58.299072265625
1711476135.1795375,-1.0942187309265137,-41.3826789855957,58.8582763671875,0.18234729766845703,-28.751426696777344,64.5826416015625,-1.7473417520523071,-28.89329719543457,63.67125701904297,-0.4931205213069916,-44.24918746948242,58.00375747680664
1711476135.1894336,-0.7709378004074097,-41.047054290771484,58.58233642578125,0.3390669822692871,-28.95423698425293,64.5826416015625,-1.3124982118606567,-29.08610725402832,63.52000427246094,-0.7512454390525818,-44.52559280395508,57.80406951904297
1711476135.200017,-0.7403126358985901,-40.96846008300781,58.31452178955078,0.4406285285949707,-29.23455047607422,64.32170867919922,-1.1324981451034546,-29.293766021728516,63.66703796386719,-0.7545267343521118,-44.991844177246094,57.80485153198242
1711476135.2094748,-0.8493751287460327,-41.0936164855957,57.97952651977539,0.5232858657836914,-29.54955291748047,64.15483093261719,-1.2210917472839355,-29.63157844543457,63.85875701904297,-0.8523392081260681,-45.42449951171875,57.81001281738281
1711476135.2194967,-0.9118750691413879,-41.28580856323242,57.66452407836914,0.6412529945373535,-29.93174171447754,64.39717864990234,-1.276560664176941,-29.88235855102539,64.15469360351562,-0.9920267462730408,-45.8534049987793,57.87188720703125
1711476135.2294996,-1.0028127431869507,-41.51565170288086,57.39108657836914,0.7539105415344238,-30.264238357543945,64.78154754638672,-1.3215603828430176,-30.098609924316406,64.48563385009766,-1.160933017730713,-46.06106185913086,57.89109802246094
1711476135.2394922,-1.0100001096725464,-41.919864654541016,57.38749313354492,0.8417224884033203,-30.57283592224121,65.25624084472656,-1.4512479305267334,-30.218767166137695,64.732666015625,-1.3253079652786255,-46.132469177246094,57.81344223022461
1711476135.2494757,-0.9101563692092896,-42.55189895629883,57.81608581542969,0.9390663504600525,-30.950021743774414,65.66670989990234,-1.657341718673706,-30.31563949584961,65.09078979492188,-1.5135892629623413,-46.152469635009766,57.70735168457031
1711476135.2594216,-1.1860939264297485,-42.8592414855957,57.99748992919922,0.9629726409912109,-31.38236427307129,65.66670989990234,-1.7931232452392578,-30.53736114501953,65.39188385009766,-1.663901686668396,-46.15544128417969,57.47500228881836
1711476135.2694917,-1.3392188549041748,-43.105648040771484,58.04077911376953,1.0042214393615723,-31.786428451538086,66.28858184814453,-1.8371855020523071,-30.8197021484375,65.6651611328125,-1.730307936668396,-46.37434387207031,57.37344741821289
1711476135.2794988,-1.3500001430511475,-43.23971176147461,57.83406066894531,1.0142230987548828,-32.090335845947266,66.3404541015625,-1.8673417568206787,-31.125640869140625,65.83235168457031,-1.7399954795837402,-46.667781829833984,57.32828903198242
1711476135.289507,-1.2690627574920654,-43.49470901489258,57.60858917236328,1.0600042343139648,-32.32439422607422,66.23404693603516,-1.8751542568206787,-31.44563865661621,65.8581314086914,-1.6867142915725708,-47.12387466430664,57.30485153198242
1711476135.2994826,-1.1701562404632568,-44.69752502441406,59.30827331542969,1.0600042343139648,-32.49564743041992,66.02529907226562,-1.8751542568206787,-31.650014877319336,65.82501220703125,-1.679370403289795,-47.74762725830078,57.67797088623047
1711476135.309509,-0.8600002527236938,-47.198463439941406,62.59140396118164,1.047816276550293,-32.77533721923828,65.63920593261719,-1.8584355115890503,-31.966264724731445,65.82235717773438,-1.7301517724990845,-49.44918441772461,59.60845184326172
1711476135.3195586,-0.5810939073562622,-47.198463439941406,62.59140396118164,1.1425042152404785,-32.77533721923828,65.63920593261719,-1.9174981117248535,-32.375328063964844,65.93328857421875,-1.7814017534255981,-51.756370544433594,62.57875442504883
1711476135.3294787,-0.26906266808509827,-54.18861770629883,70.88015747070312,1.3235974311828613,-33.76673889160156,65.33483123779297,-1.849997878074646,-33.008296966552734,66.14360046386719,-1.653589129447937,-54.75450134277344,66.3737564086914
1711476135.3395035,-0.024062693119049072,-57.64877700805664,74.75936889648438,1.5307855606079102,-34.371742248535156,65.5045166015625,-1.8046855926513672,-33.75361251831055,66.43501281738281,-1.524370551109314,-58.26231384277344,70.95703887939453
1711476135.3495,0.13828113675117493,-60.82611846923828,78.94639587402344,1.7750048637390137,-34.88908386230469,65.77764129638672,-1.7112481594085693,-34.39267349243164,66.63265991210938,-1.4356205463409424,-61.35434341430664,74.6931381225586
1711476135.3594904,0.08609354496002197,-63.53252410888672,83.11749267578125,2.017660140991211,-35.38986587524414,66.11264038085938,-1.6276544332504272,-34.859859466552734,66.89704132080078,-1.3745267391204834,-64.31090545654297,78.8084487915039
1711476135.3694153,-0.13343766331672668,-65.49018096923828,87.02327728271484,2.247347831726074,-35.88267517089844,66.39608764648438,-1.5120294094085693,-35.19157791137695,67.0128173828125,-1.2949955463409424,-66.7321548461914,82.8170394897461
1711476135.379531,-0.37796899676322937,-66.77236938476562,90.45077514648438,2.460942268371582,-36.332054138183594,66.58232879638672,-1.3651543855667114,-35.49220275878906,67.08876037597656,-1.2024954557418823,-68.5476303100586,86.69969177246094
1711476135.3894916,-0.5176563858985901,-67.50299835205078,93.80640411376953,2.648754119873047,-36.67861557006836,66.65998840332031,-1.2787481546401978,-35.74110794067383,67.10984802246094,-1.1231205463409424,-69.60090637207031,90.12734985351562
1711476135.3995018,-0.5481252074241638,-67.60690307617188,96.83749389648438,2.799379825592041,-36.90596008300781,66.65155029296875,-1.259998083114624,-35.91938781738281,67.08172607421875,-1.0435891151428223,-70.01091003417969,93.60266876220703
1711476135.409489,-0.5600002408027649,-67.14142608642578,99.42295837402344,2.857034206390381,-37.00908279418945,66.52670288085938,-1.2293732166290283,-36.09407424926758,67.045166015625,-0.9832767844200134,-69.78950500488281,96.53641510009766
1711476135.419493,-0.5600002408027649,-65.89189910888672,101.81249237060547,2.870004177093506,-37.10939407348633,66.26982879638672,-1.2199980020523071,-36.1947021484375,66.97157287597656,-0.9045267105102539,-69.12715911865234,99.01860046386719
1711476135.429495,-0.5600002408027649,-64.26081085205078,103.78170776367188,2.8800034523010254,-37.20158386230469,65.96686553955078,-1.2321857213974,-36.33032989501953,66.90376281738281,-0.7817142009735107,-67.89388275146484,101.29953002929688
1711476135.4394598,-0.5684377551078796,-61.96377944946289,105.31499481201172,2.8800034523010254,-37.3079948425293,65.58889770507812,-1.265154242515564,-36.446109771728516,66.79625701904297,-0.6114017963409424,-66.20403289794922,103.25172424316406
1711476135.4494908,-0.5881251096725464,-59.40612030029297,106.23140716552734,2.8800034523010254,-37.337520599365234,65.22967529296875,-1.267966866493225,-36.54032897949219,66.64532470703125,-0.4460892677307129,-63.92762756347656,104.63125610351562
1711476135.459515,-0.5929688811302185,-56.48783874511719,106.49186706542969,2.8800034523010254,-37.40939712524414,64.9307632446289,-1.3092169761657715,-36.5909538269043,66.42469787597656,-0.2834329903125763,-61.27574920654297,105.45719146728516
1711476135.469501,-0.6579689383506775,-53.264556884765625,106.04796600341797,2.8800034523010254,-37.46033477783203,64.5802993774414,-1.3632792234420776,-36.61189270019531,66.2623519897461,-0.1946830004453659,-58.24091339111328,105.64547729492188
1711476135.4794931,-0.6800001859664917,-49.55112075805664,104.8129653930664,2.8876590728759766,-37.54142761230469,64.34014129638672,-1.3940606117248535,-36.66767120361328,66.06360626220703,-0.12327674776315689,-54.99668884277344,105.14891815185547
1711476135.4894657,-0.6800001859664917,-45.60127639770508,102.4817123413086,2.8931283950805664,-37.72970962524414,64.11451721191406,-1.4507794380187988,-36.74235534667969,65.94485473632812,-0.05249549448490143,-51.28855895996094,103.76673126220703
1711476135.499508,-0.6800001859664917,-41.73236846923828,99.04546356201172,2.9204726219177246,-37.978302001953125,63.88154983520508,-1.537185549736023,-36.90048599243164,65.88095092773438,0.006410754285752773,-47.36012268066406,101.34766387939453
1711476135.5095274,-0.591718852519989,-38.05705261230469,94.68233489990234,2.9200029373168945,-38.24502182006836,63.67295837402344,-1.6315606832504272,-37.0618896484375,65.830322265625,0.04375450313091278,-43.41402816772461,97.8776626586914
1711476135.519518,-0.507656455039978,-34.58783721923828,89.49655151367188,2.9200029373168945,-38.24502182006836,63.67295837402344,-1.697654366493225,-37.29423522949219,65.81094360351562,0.05844200402498245,-39.609188079833984,93.07609558105469
1711476135.5295362,-0.3654688596725464,-31.492835998535156,83.87859344482422,2.980160713195801,-38.59236145019531,63.50889587402344,-1.7556232213974,-37.61735916137695,65.79203796386719,0.09516075253486633,-36.12043762207031,87.64360046386719
1711476135.5395339,-0.31937524676322937,-28.657522201538086,77.43875122070312,3.028128147125244,-39.00127029418945,63.40326690673828,-1.7953107357025146,-37.95298385620117,65.8181381225586,0.04047325253486633,-32.94309616088867,82.21954345703125
1711476135.5495496,-0.22093772888183594,-26.599397659301758,71.83124542236328,3.1614089012145996,-39.79877471923828,63.31217575073242,-1.8514044284820557,-38.28829574584961,65.79251098632812,-0.007495498284697533,-30.583251953125,77.5072021484375
1711476135.5595229,-0.44546884298324585,-25.172208786010742,68.54671478271484,3.222191333770752,-39.79877471923828,63.30483627319336,-1.8751542568206787,-38.520172119140625,65.66954040527344,0.3014107644557953,-29.585439682006836,75.052978515625
1711476135.5694926,-0.9332814812660217,-24.433929443359375,66.7806167602539,2.8689098358154297,-39.83892822265625,63.40108108520508,-1.9031230211257935,-38.438453674316406,64.96469116210938,0.2167232632637024,-28.64356231689453,73.53750610351562
1711476135.5795116,-1.4168751239776611,-24.288616180419922,65.76030731201172,2.5801610946655273,-39.57892990112305,63.204833984375,-2.331716775894165,-38.06220245361328,63.99641418457031,-0.07780800014734268,-27.685436248779297,71.70438385009766
1711476135.5895126,-1.750156283378601,-24.626741409301758,65.21389770507812,2.083442211151123,-39.21846008300781,62.89889144897461,-2.6706230640411377,-37.64813995361328,63.10782241821289,-0.4567142724990845,-26.874343872070312,69.86125946044922
1711476135.59951,-1.63937509059906,-25.007524490356445,64.89905548095703,1.6059422492980957,-38.91408157348633,62.41077423095703,-2.9481232166290283,-37.65986251831055,62.34328842163086,-0.7789017558097839,-26.227157592773438,68.33251190185547
1711476135.609494,-1.1404690742492676,-25.28643035888672,64.77499389648438,1.0896921157836914,-38.72736740112305,61.90467834472656,-3.181872844696045,-38.12017059326172,61.5831298828125,-1.0214017629623413,-25.856529235839844,67.24250793457031
1711476135.6195278,-0.5617189407348633,-25.641117095947266,64.76483917236328,0.7489109039306641,-38.72736740112305,61.39170455932617,-3.2956230640411377,-38.80751419067383,60.94969940185547,-1.3295267820358276,-25.66231346130371,66.47486114501953
1711476135.6295085,-0.02453148365020752,-25.972211837768555,64.76483917236328,0.5223464965820312,-38.825801849365234,60.99280548095703,-3.295154571533203,-39.610328674316406,60.51156997680664,-1.4917142391204834,-25.696529388427734,66.052978515625
1711476135.639556,0.30156224966049194,-26.312679290771484,64.80530548095703,0.3896903991699219,-39.04720687866211,60.68263626098633,-3.2699978351593018,-40.308921813964844,60.26188278198242,-1.5409330129623413,-25.880281448364258,65.88626098632812
1711476135.64952,0.4489060938358307,-26.888303756713867,64.85124206542969,0.30734777450561523,-39.39674377441406,60.48030090332031,-3.2503104209899902,-40.89720153808594,60.15188217163086,-1.5348392724990845,-26.273874282836914,65.89517211914062
1711476135.6595721,0.3301560878753662,-27.47330665588379,64.85250091552734,0.2576589584350586,-39.81892776489258,60.36623764038086,-3.149998188018799,-41.49876403808594,60.02703857421875,-1.4651517868041992,-26.778249740600586,66.05625915527344
1711476135.6695166,0.14187484979629517,-27.975025177001953,64.88030242919922,0.19031524658203125,-40.30752182006836,60.27639389038086,-2.9885916709899902,-42.03376770019531,59.75782012939453,-1.2920268774032593,-27.41309356689453,66.27485656738281
1711476135.6795146,0.03703102469444275,-28.464399337768555,64.88249206542969,0.15500307083129883,-40.81236267089844,60.17029571533203,-2.771716594696045,-42.586891174316406,59.40110397338867,-1.126401662826538,-28.051061630249023,66.4714126586914
1711476135.6895132,-0.13421893119812012,-29.00252342224121,64.90202331542969,0.14094114303588867,-41.259552001953125,59.943115234375,-2.5793731212615967,-43.08220291137695,59.03672790527344,-0.9878079295158386,-28.644657135009766,66.51454162597656
1711476135.6995077,-0.30359387397766113,-29.609086990356445,64.90249633789062,0.05719184875488281,-41.65924072265625,59.68639373779297,-2.3120293617248535,-43.60767364501953,58.53375244140625,-0.8284329771995544,-29.195438385009766,66.52000427246094
1711476135.709539,-0.42828142642974854,-30.288930892944336,64.87452697753906,-0.026714801788330078,-41.98658752441406,59.329833984375,-2.0773420333862305,-44.081111907958984,58.01016616821289,-0.6743704676628113,-29.72121810913086,66.42188262939453
1711476135.7195222,-0.5578127503395081,-30.868614196777344,64.8548355102539,-0.08905887603759766,-42.31501770019531,58.85279846191406,-1.7878106832504272,-44.582828521728516,57.41048049926758,-0.5487455129623413,-30.217939376831055,66.29859924316406
1711476135.7295659,-0.695781409740448,-31.17752456665039,64.8548355102539,-0.1389026641845703,-42.61861038208008,58.29998779296875,-1.5379667282104492,-45.012359619140625,56.799068450927734,-0.45062050223350525,-30.76309585571289,66.1014175415039
1711476135.73957,-0.759375274181366,-31.233619689941406,64.86280822753906,-0.22984027862548828,-42.964088439941406,57.66342544555664,-1.2946856021881104,-45.5111083984375,56.31298065185547,-0.3082767724990845,-31.27199935913086,65.92079162597656
1711476135.7496119,-0.7700002193450928,-31.332679748535156,64.89248657226562,-0.35155773162841797,-45.01393127441406,57.3582763671875,-1.0845293998718262,-46.387203216552734,56.31282043457031,-0.18374548852443695,-31.828561782836914,65.74954223632812
1711476135.7595217,-0.7918751239776611,-31.531272888183594,64.85359191894531,-0.4762458801269531,-45.01393127441406,58.64655303955078,-0.7776543498039246,-48.298763275146484,58.04922866821289,-0.014214243739843369,-32.411373138427734,65.5467300415039
1711476135.7695608,-0.8539065718650818,-32.00924301147461,64.94265747070312,-0.5373406410217285,-51.16299057006836,60.31733703613281,-0.2857793867588043,-50.91392135620117,60.99282455444336,0.20937952399253845,-33.03950119018555,65.4548568725586
1711476135.7795115,-1.1539063453674316,-33.27314758300781,65.38358306884766,-0.2657771110534668,-51.16299057006836,63.42498779296875,0.26515811681747437,-54.73626708984375,65.09281921386719,0.39156702160835266,-33.63731384277344,65.49563598632812
1711476135.7894475,-1.5654689073562622,-34.45502471923828,66.04733276367188,0.16828536987304688,-55.30830383300781,67.3498306274414,0.7923457026481628,-58.52423858642578,69.35188293457031,0.5153170228004456,-34.402469635009766,65.70110321044922
1711476135.7995362,-1.9193750619888306,-35.72377395629883,66.83796691894531,0.5762529373168945,-59.50720977783203,71.62014770507812,1.2390644550323486,-62.25844955444336,73.41657257080078,0.7346920371055603,-35.08106231689453,65.931884765625
1711476135.8095078,-2.2760939598083496,-36.941741943359375,67.59561920166016,0.9643793106079102,-63.16861343383789,75.95608520507812,1.4078145027160645,-65.58407592773438,77.46016693115234,0.9478171467781067,-35.696372985839844,66.05563354492188
1711476135.8195226,-2.5942187309265137,-37.98939895629883,68.14327239990234,1.2082839012145996,-66.09720611572266,79.97764587402344,1.4335957765579224,-68.2617416381836,81.4470443725586,1.2943795919418335,-36.20387268066406,66.1968765258789
1711476135.829599,-2.827812910079956,-38.92330551147461,68.4603042602539,1.3975048065185547,-68.36471557617188,83.77546691894531,1.4800019264221191,-70.23313903808594,85.10734558105469,1.5639108419418335,-36.70028305053711,66.34000396728516
1711476135.839514,-2.857968807220459,-39.7767448425293,68.54155731201172,1.4426589012145996,-69.83189392089844,87.3292007446289,1.5603145360946655,-71.54939270019531,88.84970092773438,1.9881294965744019,-37.05809020996094,66.44219207763672
1711476135.8494976,-2.8600001335144043,-40.43971252441406,68.41842651367188,1.490004062652588,-70.61580657958984,90.73780059814453,1.608439326286316,-72.15204620361328,92.21328735351562,2.4926609992980957,-37.39387512207031,66.45000457763672
1711476135.8599272,-2.773437738418579,-40.97408676147461,68.18546295166016,1.43812894821167,-70.68689727783203,93.95842742919922,1.4917206764221191,-72.21173095703125,95.12437438964844,2.9906296730041504,-37.61231231689453,66.43173217773438
1711476135.8695383,-2.6514065265655518,-41.37471008300781,67.77483367919922,1.4248466491699219,-70.09861755371094,96.91812133789062,1.378126859664917,-71.55252075195312,97.76392364501953,3.486879587173462,-37.781063079833984,66.32376098632812
1711476135.879509,-2.5034377574920654,-41.70752716064453,67.22764587402344,1.3631296157836914,-68.99517822265625,99.4357681274414,1.1812520027160645,-70.43970489501953,100.15953826904297,4.059691905975342,-37.90168762207031,66.11344146728516
1711476135.8895097,-2.2296876907348633,-41.94408416748047,66.66123962402344,1.3648486137390137,-67.45283508300781,101.5910873413086,1.0737519264221191,-68.74407958984375,102.12297058105469,4.660629749298096,-37.92247009277344,65.84141540527344
1711476135.8995304,-2.0232815742492676,-42.21658706665039,66.06826782226562,1.380784511566162,-65.48627471923828,103.24139404296875,0.9434394836425781,-66.62814331054688,103.60328674316406,5.179691791534424,-37.92247009277344,65.49610137939453
1711476135.9095364,-1.764218807220459,-42.48939895629883,65.49295806884766,1.400003433227539,-63.18533706665039,104.39108276367188,0.7004706859588623,-64.27922821044922,104.4264144897461,5.7039103507995605,-37.89152908325195,65.10594177246094
1711476135.919513,-1.5918753147125244,-42.835025787353516,64.95030212402344,1.3839101791381836,-60.18502426147461,104.92904663085938,0.4235956072807312,-61.36845397949219,104.61875915527344,6.135473251342773,-37.86481475830078,64.73031616210938
1711476135.9295275,-1.4079689979553223,-43.164554595947266,64.46233367919922,1.380629539489746,-56.77033615112305,104.70514678955078,0.08672073483467102,-57.99971008300781,104.04266357421875,6.556098461151123,-37.950435638427734,64.32219696044922
1711476135.9395385,-1.281093955039978,-43.49643325805664,64.07093048095703,1.3129734992980957,-53.053775787353516,103.60592651367188,-0.16046687960624695,-54.20548629760742,102.72344207763672,6.932817459106445,-37.91293716430664,63.95798110961914
1711476135.9495378,-1.260312795639038,-43.89689636230469,63.69468307495117,1.283128261566162,-48.86564636230469,101.59123992919922,-0.3251543641090393,-50.32329559326172,100.29735565185547,7.262035846710205,-38.00653076171875,63.71438217163086
1711476135.959537,-1.2523438930511475,-44.27986526489258,63.38249206542969,1.2648487091064453,-45.067832946777344,98.63905334472656,-0.43296679854393005,-46.30485916137695,96.5640640258789,7.596567153930664,-38.0849723815918,63.48031997680664
1711476135.9695194,-1.2932813167572021,-44.79767990112305,63.13671112060547,1.2073469161987305,-41.336273193359375,94.80233764648438,-0.4099981486797333,-42.81251525878906,92.10515594482422,7.814847946166992,-38.27403259277344,63.36391067504883
1711476135.9794943,-1.352812647819519,-45.28861999511719,62.88718032836914,1.1032843589782715,-37.668304443359375,89.72389221191406,-0.3799980878829956,-38.746734619140625,86.68109893798828,7.9848480224609375,-38.57856369018555,63.28297805786133
1711476135.9895167,-1.5318751335144043,-45.99330139160156,62.71671676635742,1.0235977172851562,-35.058773040771484,84.78702545166016,-0.426873117685318,-35.2823600769043,80.82735443115234,7.9951605796813965,-39.02262496948242,63.25392150878906
1711476135.9995444,-1.867969036102295,-46.76221466064453,62.36045837402344,1.3139104843139648,-34.499080657958984,81.13905334472656,-0.595310628414154,-32.39985656738281,74.4703140258789,7.730005264282227,-39.65449523925781,63.1907958984375
1711476136.0095427,-2.2665624618530273,-47.48236846923828,61.77218246459961,1.2909412384033203,-34.16658401489258,77.87374114990234,-0.7893732190132141,-30.502357482910156,69.6901626586914,7.294848918914795,-40.154808044433594,62.91219711303711
1711476136.019535,-2.871406316757202,-47.99955368041992,60.89421081542969,0.8634424209594727,-33.65971374511719,74.74124145507812,-0.9523417949676514,-30.247982025146484,68.82157135009766,6.667036056518555,-40.71809387207031,62.31093978881836
1711476136.0295393,-3.4260940551757812,-48.14580154418945,60.17327117919922,0.390317440032959,-32.83095932006836,71.59373474121094,-1.8223416805267334,-31.068763732910156,68.81969451904297,5.9415669441223145,-41.27262878417969,61.68125915527344
1711476136.0395234,-3.6209373474121094,-47.81564712524414,59.33686828613281,-0.16624689102172852,-32.04393005371094,69.1262435913086,-2.335935592651367,-31.52298355102539,68.39688110351562,5.166879653930664,-41.51059341430664,60.90578842163086
1711476136.0495443,-3.6014060974121094,-46.82877731323242,59.08905792236328,-0.5979657173156738,-31.472991943359375,67.52717590332031,-2.505466938018799,-31.5540771484375,67.30875396728516,4.626254558563232,-41.38277816772461,60.02876281738281
1711476136.059541,-3.322812795639038,-45.5272102355957,58.96936798095703,-0.9606218338012695,-31.16752052307129,66.5724868774414,-2.4448418617248535,-31.15548324584961,65.98375701904297,3.735473155975342,-41.78965759277344,59.30375671386719
1711476136.069537,-2.6990628242492676,-43.91986846923828,59.10218048095703,-1.1274957656860352,-30.950645446777344,65.89093017578125,-2.289841651916504,-30.592044830322266,64.75829315185547,2.604067087173462,-42.52418518066406,58.72766876220703
1711476136.0795352,-1.9976564645767212,-42.46299362182617,59.02265167236328,-1.009528636932373,-30.75627326965332,65.25670623779297,-2.1412479877471924,-30.012516021728516,63.98235321044922,1.4298481941223145,-43.29856491088867,58.26985549926758
1711476136.0895443,-1.3609375953674316,-41.59549331665039,58.94155502319336,-0.8542156219482422,-30.661428451538086,64.71233367919922,-1.888904333114624,-29.63266944885254,63.64219665527344,0.5300045013427734,-43.78278350830078,57.90672302246094
1711476136.0994825,-0.9675002694129944,-41.16908264160156,58.67999267578125,-0.6751513481140137,-30.67455291748047,64.3252944946289,-1.5076541900634766,-29.45142364501953,63.49578857421875,0.026879500597715378,-44.06996536254883,57.66923141479492
1711476136.109523,-0.8223438262939453,-41.11752700805664,58.39670944213867,-0.48280954360961914,-30.79298973083496,64.08982849121094,-1.1278104782104492,-29.442359924316406,63.46235656738281,-0.2742142677307129,-44.38371658325195,57.41532516479492
1711476136.1195428,-0.812343955039978,-41.299400329589844,58.06983947753906,-0.358121395111084,-31.06486701965332,63.94264602661133,-0.989372968673706,-29.500484466552734,63.46235656738281,-0.3299955129623413,-44.8673095703125,57.39501190185547
1711476136.1295455,-0.9495314359664917,-41.51627731323242,57.78608703613281,-0.22312164306640625,-31.38455581665039,63.87436294555664,-0.9292166829109192,-29.61673355102539,63.54094696044922,-0.3299955129623413,-45.35856246948242,57.52204132080078
1711476136.1395333,-1.1410939693450928,-41.71549606323242,57.49155807495117,-0.0984334945678711,-31.66798973083496,63.91842269897461,-0.9412479400634766,-30.04954719543457,64.0182876586914,-0.3299955129623413,-45.811378479003906,57.65782165527344
1711476136.149552,-1.2789064645767212,-41.92705535888672,57.18077850341797,0.011098384857177734,-31.93361473083496,64.07498168945312,-1.145622968673706,-30.399078369140625,64.47689056396484,-0.5109331011772156,-46.152469635009766,57.76125717163086
1711476136.1594813,-1.309687852859497,-42.389713287353516,57.33592987060547,0.0500035285949707,-32.209083557128906,64.43170928955078,-1.2957793474197388,-30.633766174316406,64.92438507080078,-0.6617142558097839,-46.22090148925781,57.70484924316406
1711476136.1695306,-1.3254690170288086,-42.99018096923828,57.83296203613281,0.0500035285949707,-32.47908401489258,64.8946762084961,-1.422654390335083,-30.805795669555664,65.28813171386719,-0.7649955153465271,-46.125125885009766,57.46689224243164
1711476136.1795259,-1.5668752193450928,-43.2928352355957,58.04030227661133,0.0500035285949707,-32.86986541748047,65.38827514648438,-1.507498025894165,-31.000640869140625,65.62203979492188,-0.797183096408844,-46.08340835571289,57.252197265625
1711476136.189559,-1.7384377717971802,-43.50611877441406,58.01467514038086,0.14078617095947266,-33.298301696777344,65.7149887084961,-1.5454667806625366,-31.25595474243164,65.82546997070312,-0.7999956011772156,-46.1674690246582,57.14297103881836
1711476136.1995332,-1.6725001335144043,-43.76299285888672,57.83296203613281,0.20594120025634766,-33.60768127441406,65.92045593261719,-1.5121855735778809,-31.540016174316406,65.88782501220703,-0.7040579915046692,-46.54293441772461,57.07328796386719
1711476136.2094467,-1.5145313739776611,-44.92752456665039,59.46390151977539,0.2790665626525879,-33.8704948425293,65.97186279296875,-1.4759355783462524,-31.775325775146484,65.88750457763672,-0.6371830105781555,-47.10200119018555,57.41236114501953
1711476136.2195323,-1.1917188167572021,-47.018150329589844,61.82234191894531,0.3500032424926758,-34.05861282348633,65.72077178955078,-1.429060697555542,-32.000640869140625,65.861572265625,-0.6906205415725708,-48.70372009277344,59.16969299316406
1711476136.2295363,-0.8707815408706665,-50.03877639770508,65.68218231201172,0.4960966110229492,-34.24595642089844,65.38155364990234,-1.4299979209899902,-32.38204574584961,65.98094177246094,-0.7295267581939697,-50.97575378417969,61.99704360961914
1711476136.239561,-0.630781352519989,-53.52970886230469,69.82374572753906,0.6732845306396484,-34.61345672607422,65.11421203613281,-1.3646855354309082,-32.950016021728516,66.2037582397461,-0.7843705415725708,-53.936378479003906,65.60110473632812
1711476136.2495391,-0.28093770146369934,-57.09939956665039,74.07858276367188,0.9709405899047852,-35.08439636230469,65.10482788085938,-1.2962480783462524,-33.63017272949219,66.47203826904297,-0.8042142987251282,-57.31481170654297,69.66470336914062
1711476136.2595458,-0.0721876323223114,-60.37799072265625,78.4074935913086,1.2285971641540527,-35.55205154418945,65.21858215332031,-1.1871856451034546,-34.207984924316406,66.70391845703125,-0.8298393487930298,-60.61403274536133,73.77250671386719
1711476136.2695284,-0.05671888589859009,-63.20799255371094,82.66077423095703,1.5721917152404785,-36.01470947265625,65.43733215332031,-1.0601544380187988,-34.58970642089844,66.93594360351562,-0.8210893273353577,-63.70199966430664,78.02845001220703
1711476136.2799635,-0.2500002086162567,-65.28424072265625,86.42280578613281,1.8665671348571777,-36.478145599365234,65.72623443603516,-0.942966878414154,-34.87454605102539,67.02750396728516,-0.7301518321037292,-66.20293426513672,82.14157104492188
1711476136.289557,-0.49421894550323486,-66.76986694335938,90.07796478271484,2.0479726791381836,-36.91330337524414,66.03358459472656,-0.7998418807983398,-35.16251754760742,67.11016845703125,-0.6723392605781555,-68.15168762207031,86.03189086914062
1711476136.2995586,-0.6860938668251038,-67.61924743652344,93.23373413085938,2.234377861022949,-37.29345703125,66.23420715332031,-0.7429668307304382,-35.30079650878906,67.12001037597656,-0.6332768201828003,-69.38949584960938,89.69766235351562
1711476136.309552,-0.7976564764976501,-67.86283111572266,96.2629623413086,2.4181294441223145,-37.54893112182617,66.32139587402344,-0.7199981808662415,-35.420013427734375,67.12751007080078,-0.5846831202507019,-69.97450256347656,92.87438201904297
1711476136.3195598,-0.7821875810623169,-67.39627838134766,99.06686401367188,2.47328519821167,-37.699241638183594,66.31998443603516,-0.7199981808662415,-35.51829528808594,67.06234741210938,-0.578433096408844,-69.99746704101562,95.76610565185547
1711476136.3296127,-0.7823440432548523,-66.28814697265625,101.55390167236328,2.520315647125244,-37.81955337524414,66.18170928955078,-0.6979668140411377,-35.59986114501953,67.01704406738281,-0.5212455987930298,-69.35105895996094,98.47657012939453
1711476136.3395329,-0.7823440432548523,-64.72628021240234,103.50733947753906,2.531566619873047,-37.868770599365234,65.99889373779297,-0.7578104734420776,-35.66001510620117,66.98906707763672,-0.4481205940246582,-68.184814453125,100.89376831054688
1711476136.349569,-0.7723438739776611,-62.72970962524414,105.06906127929688,2.5300049781799316,-37.89814758300781,65.64873504638672,-0.7792168855667114,-35.73017120361328,66.91062927246094,-0.3410893380641937,-66.5357437133789,102.8561019897461
1711476136.3595538,-0.7723438739776611,-60.27689743041992,106.1156234741211,2.5617218017578125,-37.89752197265625,65.29405212402344,-0.8224982023239136,-35.8001708984375,66.83297729492188,-0.20952682197093964,-64.512939453125,104.33641052246094
1711476136.3695593,-0.7723438739776611,-57.42237091064453,106.53045654296875,2.5678157806396484,-37.894554138183594,65.00296020507812,-0.8435916900634766,-35.85110855102539,66.6968765258789,-0.09452681988477707,-61.93747329711914,105.27188110351562
1711476136.379565,-0.7723438739776611,-54.0484619140625,106.22577667236328,2.590627670288086,-37.93751907348633,64.6740493774414,-0.908748209476471,-35.87001419067383,66.49860382080078,0.005473177880048752,-58.99325180053711,105.6003189086914
1711476136.389545,-0.7723438739776611,-50.256744384765625,105.04920959472656,2.6265668869018555,-37.93751907348633,64.41545104980469,-0.9918730854988098,-35.9407958984375,66.34860229492188,0.12625442445278168,-55.671844482421875,105.20782470703125
1711476136.3998537,-0.7723438739776611,-46.420806884765625,102.8968734741211,2.6859402656555176,-38.03877258300781,64.17123413085938,-1.0899981260299683,-35.96345520019531,66.25423431396484,0.2260981947183609,-51.89278030395508,103.99406433105469
1711476136.4095643,-0.7107813358306885,-42.62986755371094,99.8309326171875,2.7384424209594727,-38.17424011230469,63.95467758178711,-1.1992168426513672,-36.0518913269043,66.17094421386719,0.26609817147254944,-47.93262481689453,101.69844818115234
1711476136.4195702,-0.6596876978874207,-38.97221374511719,95.99076843261719,2.773909568786621,-38.402366638183594,63.71952438354492,-1.2665605545043945,-36.15423583984375,66.12251281738281,0.2676606774330139,-44.07215881347656,98.4686050415039
1711476136.4295623,-0.5631251931190491,-35.45846176147461,91.13780975341797,2.8400039672851562,-38.60502243041992,63.54732894897461,-1.3159356117248535,-36.35954284667969,66.11328887939453,0.27766069769859314,-40.33808898925781,94.37828826904297
1711476136.439539,-0.4953126311302185,-32.18315124511719,84.99765014648438,2.8690671920776367,-38.90033721923828,63.38608169555664,-1.356091856956482,-36.65157699584961,66.11235046386719,0.26578566431999207,-36.76074981689453,89.04688262939453
1711476136.4495084,-0.41093766689300537,-29.22892951965332,84.99765014648438,2.9398465156555176,-39.22939682006836,63.27342224121094,-1.3651543855667114,-36.9425163269043,66.11235046386719,0.2182856798171997,-33.41090393066406,83.1131362915039
1711476136.4595964,-0.2817189693450928,-27.089399337768555,72.64437103271484,3.0356287956237793,-39.66689682006836,63.17280578613281,-1.4051544666290283,-37.26189041137695,66.11235046386719,0.18000441789627075,-30.567466735839844,76.7259521484375
1711476136.4695656,-0.2520313858985901,-25.538930892944336,68.94874572753906,3.2006287574768066,-40.0970573425293,63.10249328613281,-1.4346855878829956,-37.65470504760742,66.11235046386719,0.3148481547832489,-29.274030685424805,73.73579406738281
1711476136.4795728,-0.6123440265655518,-24.689712524414062,67.06092834472656,3.2076597213745117,-40.247989654541016,63.17264938354492,-1.4007792472839355,-37.83189392089844,65.8425064086914,0.4970356523990631,-28.541996002197266,72.42548370361328
1711476136.4895642,-1.106562614440918,-24.378929138183594,65.93484497070312,2.8943777084350586,-40.195960998535156,63.06717300415039,-1.645154356956482,-37.541419982910156,65.04391479492188,0.31297314167022705,-27.7841854095459,70.98172760009766
1711476136.4995449,-1.4825001955032349,-24.578462600708008,65.33749389648438,2.6717233657836914,-39.93439865112305,62.74186325073242,-1.8787479400634766,-37.292518615722656,64.17906951904297,-0.014058074913918972,-27.060592651367188,69.45563507080078
1711476136.5095599,-1.6081252098083496,-24.94736671447754,65.03140258789062,2.298753261566162,-39.720489501953125,62.27202606201172,-2.131404161453247,-37.020328521728516,63.44563674926758,-0.3012455701828003,-26.439496994018555,68.06656646728516
1711476136.5195456,-1.2925001382827759,-25.413148880004883,65.06952667236328,1.864848256111145,-39.62111282348633,61.79842758178711,-2.3987481594085693,-37.02657699584961,62.82297897338867,-0.48124557733535767,-26.211841583251953,66.98079681396484
1711476136.5296001,-0.9248439073562622,-25.413148880004883,65.06952667236328,1.555628776550293,-39.59236526489258,61.24342727661133,-2.629998207092285,-37.3257942199707,62.27891540527344,-0.6914017796516418,-26.048402786254883,66.22297668457031
1711476136.5395632,-0.9093753099441528,-26.27440071105957,65.18655395507812,1.3748478889465332,-39.689083099365234,60.76560974121094,-2.7470293045043945,-37.89439010620117,61.857666015625,-0.801089346408844,-26.128246307373047,65.79547882080078
1711476136.549566,-1.2600001096725464,-26.63908576965332,65.04483032226562,1.334848403930664,-39.91001892089844,60.3638916015625,-2.7084357738494873,-38.422203063964844,61.40578842163086,-0.7124955654144287,-26.396530151367188,65.66500854492188
1711476136.559577,-1.1721875667572021,-27.025962829589844,64.93452453613281,1.3712549209594727,-40.317054748535156,60.13889694213867,-2.622498035430908,-38.87767028808594,61.05500793457031,-0.6212456226348877,-26.876686096191406,65.74547576904297
1711476136.569557,-0.9721877574920654,-27.277524948120117,64.90483856201172,1.4162540435791016,-40.78721237182617,59.80546188354492,-2.490779399871826,-39.31548309326172,60.72798156738281,-0.5137455463409424,-27.53168487548828,65.97126007080078
1711476136.5795846,-0.83921879529953,-27.586585998535156,64.90483856201172,1.4671921730041504,-41.216583251953125,59.53373718261719,-2.240779399871826,-39.969390869140625,60.43594741821289,-0.3568705916404724,-28.211217880249023,66.11032104492188
1711476136.5895646,-0.8223438262939453,-27.940650939941406,64.90483856201172,1.4800047874450684,-41.57908630371094,59.24373245239258,-2.08890438079834,-40.49205017089844,60.19110107421875,-0.1968705654144287,-28.842777252197266,66.15188598632812
1711476136.5995758,-0.8998438715934753,-28.241430282592773,64.92233276367188,1.4893794059753418,-41.927677154541016,58.85310745239258,-1.924998164176941,-41.007205963134766,59.88625717163086,-0.10749557614326477,-29.39746856689453,66.10562896728516
1711476136.6095693,-0.9676563739776611,-28.895334243774414,65.01327514648438,1.4625048637390137,-42.2615852355957,58.49764633178711,-1.728748083114624,-41.45173645019531,59.49298095703125,-0.0471830740571022,-29.87918472290039,65.99828338623047
1711476136.6195505,-1.0593751668930054,-29.734710693359375,65.21780395507812,1.464848518371582,-42.61845779418945,58.18483352661133,-1.5515605211257935,-41.92845153808594,59.03610610961914,0.06828567385673523,-30.32449722290039,65.85641479492188
1711476136.6298432,-1.2089065313339233,-30.571115493774414,65.21780395507812,1.4425039291381836,-43.01095962524414,57.806396484375,-1.3642168045043945,-42.44063949584961,58.46156692504883,0.21734818816184998,-30.809499740600586,65.67657470703125
1711476136.6395864,-1.3287502527236938,-31.36002540588379,65.27249145507812,1.457502841949463,-43.417991638183594,57.44483184814453,-1.1595293283462524,-42.95610809326172,57.98969268798828,0.35328567028045654,-31.28512191772461,65.4959487915039
1711476136.6495476,-1.3571876287460327,-32.167057037353516,65.20624542236328,1.4700031280517578,-43.929866790771484,57.00733184814453,-0.8984357118606567,-43.548763275146484,57.37344741821289,0.4984419047832489,-31.82012176513672,65.3687515258789
1711476136.6596153,-1.3600001335144043,-32.9720573425293,65.10733032226562,1.4548468589782715,-44.63720703125,56.7768669128418,-0.6789043545722961,-44.371891021728516,57.11531448364258,0.708441972732544,-32.33137130737305,65.24860382080078
1711476136.669559,-1.3628127574920654,-33.79783630371094,64.93217468261719,1.4303159713745117,-45.99908447265625,58.00748825073242,-0.46546682715415955,-45.92970275878906,58.61063003540039,0.905160665512085,-32.89043426513672,65.06016540527344
1711476136.6795597,-1.4389064311981201,-34.699241638183594,64.82421112060547,1.2339091300964355,-48.402835845947266,60.18998718261719,-0.1246856153011322,-48.974857330322266,60.85657501220703,1.139848232269287,-33.50199890136719,64.9537582397461
1711476136.6895554,-1.7403125762939453,-35.70783615112305,65.0535888671875,1.132817268371582,-51.8123664855957,63.62858200073242,0.20250186324119568,-53.06814193725586,64.24313354492188,1.3517231941223145,-34.20652770996094,64.93251037597656
1711476136.6995597,-2.0279691219329834,-36.84205627441406,65.54499053955078,1.1709403991699219,-55.45346450805664,67.70327758789062,0.40031448006629944,-57.51907730102539,68.0357894897461,1.4207857847213745,-35.06637191772461,65.15281677246094
1711476136.7095733,-2.2910940647125244,-37.952056884765625,66.15327453613281,1.2401604652404785,-59.25205612182617,72.02655029296875,0.5601581931114197,-61.98158264160156,72.01595306396484,1.6628170013427734,-35.88808822631836,65.35844421386719
1711476136.719562,-2.483750343322754,-38.95564651489258,66.75045776367188,1.3592219352722168,-62.64705276489258,76.33405303955078,0.580001950263977,-65.75157928466797,76.1182861328125,1.8764108419418335,-36.52714920043945,65.55516052246094
1711476136.7295606,-2.7537500858306885,-39.889869689941406,67.25202941894531,1.575784683227539,-65.3876724243164,80.53873443603516,0.5467207431793213,-68.70907592773438,79.93719482421875,2.1625044345855713,-36.93418502807617,65.71157836914062
1711476136.739556,-2.829218864440918,-40.66361999511719,67.58358764648438,1.6978168487548828,-67.58657836914062,84.24561309814453,0.5026581883430481,-70.88423919677734,84.1260986328125,2.4970357418060303,-37.33590316772461,65.84095001220703
1711476136.7496078,-2.7825002670288086,-41.37236404418945,67.74014282226562,1.7400026321411133,-69.07986450195312,87.7874984741211,0.5500019192695618,-72.40313720703125,87.73360443115234,2.861879587173462,-37.61777877807617,65.90172576904297
1711476136.7606657,-2.7295315265655518,-41.8804931640625,67.73889923095703,1.6829729080200195,-69.86799621582031,91.13513946533203,0.5810956358909607,-73.15735626220703,91.01235961914062,3.3040668964385986,-37.85090637207031,65.91017150878906
1711476136.7695723,-2.5985937118530273,-42.22471237182617,67.58202362060547,1.5715670585632324,-69.88752746582031,94.32093048095703,0.580001950263977,-73.22470092773438,94.0173568725586,3.828754425048828,-38.01106262207031,65.85953521728516
1711476136.7795682,-2.381406307220459,-42.515647888183594,67.26264953613281,1.4929723739624023,-69.29142761230469,97.26811218261719,0.5332831740379333,-72.66064453125,96.7975082397461,4.37734842300415,-38.10090637207031,65.76406860351562
1711476136.7895892,-2.0346877574920654,-42.74689865112305,66.88983917236328,1.4332842826843262,-68.2042465209961,99.72998809814453,0.43468937277793884,-71.66423797607422,99.12438201904297,4.897035598754883,-38.157466888427734,65.56282043457031
1711476136.799558,-1.6918751001358032,-42.9351806640625,66.37874603271484,1.3743782043457031,-66.7812728881836,101.8545150756836,0.256720632314682,-70.24142456054688,101.32781982421875,5.472036361694336,-38.182464599609375,65.33203887939453
1711476136.809634,-1.382656455039978,-43.137210845947266,65.92295837402344,1.3296914100646973,-64.84017944335938,103.51248168945312,0.013595670461654663,-68.2236099243164,102.84860229492188,5.931410789489746,-38.13371658325195,65.01860809326172
1711476136.8195138,-1.1089065074920654,-43.32924270629883,65.45280456542969,1.2784409523010254,-62.45299530029297,104.67373657226562,-0.2940605580806732,-65.85563659667969,103.84750366210938,6.345004558563232,-38.13215255737305,64.7264175415039
1711476136.8295746,-0.8714064955711365,-43.60283660888672,65.0340576171875,1.2326598167419434,-59.51830291748047,105.19530487060547,-0.5228105187416077,-62.87611389160156,104.2292251586914,6.741723537445068,-38.094810485839844,64.35000610351562
1711476136.8395793,-0.715312659740448,-43.82111740112305,64.62764739990234,1.1835980415344238,-56.06377029418945,105.04186248779297,-0.689529299736023,-59.50954055786133,103.86282348632812,7.05812931060791,-38.094810485839844,64.01937866210938
1711476136.8495677,-0.637187659740448,-44.06721115112305,64.25358581542969,1.1748480796813965,-52.40971374511719,103.86357879638672,-0.7992169260978699,-55.89470291137695,102.5993881225586,7.335629940032959,-38.15184020996094,63.77172088623047
1711476136.8595672,-0.5859376788139343,-44.32908630371094,63.90874481201172,1.1023473739624023,-48.579864501953125,101.93451690673828,-0.8135917782783508,-52.02939224243164,100.14563751220703,7.563910484313965,-38.2696533203125,63.48438262939453
1711476136.869569,-0.5659376382827759,-44.67689895629883,63.57780456542969,1.0848474502563477,-44.829864501953125,99.2862319946289,-0.7999980449676514,-48.319549560546875,96.9403305053711,7.6846923828125,-38.4393424987793,63.30438995361328
1711476136.8796508,-0.6264063715934753,-44.67689895629883,63.57780456542969,1.0043787956237793,-41.113929748535156,95.61561584472656,-0.7699981331825256,-44.09282684326172,92.77188110351562,7.787191390991211,-38.67887496948242,63.14422607421875
1711476136.8895772,-0.792812705039978,-45.47736740112305,63.07234191894531,1.0167217254638672,-38.84642791748047,92.31295776367188,-0.8282792568206787,-40.29548645019531,88.35843658447266,7.673441410064697,-39.1502799987793,63.08829116821289
1711476136.8995852,-1.0029689073562622,-46.08689880371094,62.68186950683594,1.2118792533874512,-38.40127182006836,89.30342864990234,-0.9190607070922852,-36.947200775146484,82.4798583984375,7.331723690032959,-39.67527770996094,63.00062942504883
1711476136.909578,-1.451718807220459,-46.70518112182617,62.12108612060547,1.1415672302246094,-37.76268005371094,85.236083984375,-1.166091799736023,-33.96767044067383,75.84235382080078,6.85375452041626,-40.15777587890625,62.63313293457031
1711476136.9195719,-1.9664064645767212,-47.178932189941406,61.21608352661133,0.9614109396934509,-37.07814407348633,81.2298355102539,-1.502341866493225,-31.845794677734375,69.89547729492188,5.924222946166992,-40.6524658203125,62.10110855102539
1711476136.929585,-2.639531373977661,-47.67924499511719,60.17342758178711,0.4303169250488281,-36.24408721923828,77.18717193603516,-1.7456231117248535,-30.395328521728516,66.720947265625,4.956567287445068,-41.284027099609375,61.50282287597656
1711476136.9397664,-3.442187786102295,-47.89720916748047,59.24921417236328,-0.4909348487854004,-35.15986633300781,73.4688949584961,-1.7426544427871704,-30.784860610961914,66.78063201904297,4.035629749298096,-42.00371551513672,60.86266326904297
1711476136.949563,-4.090000629425049,-47.625179290771484,58.83186721801758,-1.2753081321716309,-34.05314636230469,70.17185974121094,-2.766716957092285,-31.73485565185547,66.89297485351562,3.150160789489746,-42.768558502197266,60.37141799926758
1711476136.9595807,-4.228750228881836,-46.78346252441406,58.69358444213867,-1.8153095245361328,-33.15970993041992,67.85404968261719,-3.4146857261657715,-32.02095031738281,66.40689086914062,2.388442039489746,-43.105594635009766,59.92891311645508
1711476136.9695501,-3.898125171661377,-45.44893264770508,58.90015411376953,-2.318747043609619,-32.58002471923828,66.6232681274414,-3.5273420810699463,-31.84986114501953,65.48188018798828,2.1489107608795166,-43.07668685913086,59.47907257080078
1711476136.9795737,-3.207343816757202,-43.945335388183594,59.06593322753906,-2.5353097915649414,-32.31455612182617,65.9543685913086,-3.4262478351593018,-31.47454833984375,64.32032012939453,1.7781295776367188,-43.06668472290039,59.22219467163086
1711476136.9895926,-2.363281488418579,-42.381744384765625,59.08249282836914,-2.539839744567871,-32.161895751953125,65.39311218261719,-3.1242167949676514,-30.794857025146484,63.72016906738281,1.1351608037948608,-43.276214599609375,58.95704650878906
1711476136.9995365,-1.5717190504074097,-41.20002365112305,59.02702331542969,-2.291402816772461,-31.97580337524414,64.96029663085938,-2.599060535430908,-30.23345184326172,63.443603515625,0.494379460811615,-43.58183670043945,58.68391418457031
1711476137.0095732,-1.0421878099441528,-40.59018325805664,58.90498733520508,-2.0553088188171387,-31.91689682006836,64.61264038085938,-2.1198418140411377,-29.87110710144043,63.44235610961914,0.41781699657440186,-43.75715255737305,58.65719985961914
1711476137.019597,-0.9139063954353333,-40.380332946777344,58.68483352661133,-1.9195270538330078,-31.89236831665039,64.52139282226562,-1.5214043855667114,-29.83845329284668,63.38719940185547,0.3582857549190521,-43.95231246948242,58.58531951904297
1711476137.0295942,-0.9401562809944153,-40.4547119140625,58.39952087402344,-1.8481208086013794,-31.92470932006836,64.40420532226562,-1.2945294380187988,-29.774078369140625,63.37172317504883,0.3500044643878937,-44.2032470703125,58.55250930786133
1711476137.0395737,-1.0914063453674316,-40.67033767700195,58.0574951171875,-1.7282772064208984,-32.00048828125,64.34420776367188,-1.2017168998718262,-29.864545822143555,63.46844482421875,0.2139107584953308,-44.415435791015625,58.55250930786133
1711476137.04959,-1.2190628051757812,-40.95799255371094,57.72562026977539,-1.6696834564208984,-32.12861633300781,64.42935943603516,-1.101248025894165,-30.0384521484375,63.55391311645508,0.09125450253486633,-44.7149658203125,58.61781692504883
1711476137.0606751,-1.2737500667572021,-41.21814727783203,57.42390441894531,-1.6699957847595215,-32.27565002441406,64.642333984375,-1.2281230688095093,-30.173763275146484,64.0089111328125,-0.08655799925327301,-44.84980773925781,58.63016128540039
1711476137.069651,-1.161094069480896,-41.74252700805664,57.81515121459961,-1.6699957847595215,-32.40752029418945,64.92436218261719,-1.4524980783462524,-30.329233169555664,64.43094635009766,-0.42312052845954895,-45.0018424987793,58.63016128540039
1711476137.079597,-1.2504687309265137,-42.19814682006836,58.24296188354492,-1.6699957847595215,-32.62580490112305,65.3420181274414,-1.7051541805267334,-30.447200775146484,64.85485076904297,-0.6360892057418823,-45.03168869018555,58.54250717163086
1711476137.089611,-1.5093752145767212,-42.41283416748047,58.41796112060547,-1.7293715476989746,-32.89408493041992,65.7785873413086,-1.8198418617248535,-30.56892204284668,65.197509765625,-0.7110892534255981,-45.04637145996094,58.49720001220703
1711476137.0995784,-1.6287503242492676,-42.53658676147461,58.44248962402344,-1.745152473449707,-33.263145446777344,66.14108276367188,-1.895154356956482,-30.771575927734375,65.45266723632812,-0.7692142724990845,-45.26387023925781,58.45250701904297
1711476137.1095958,-1.548125147819519,-42.77611541748047,58.23499298095703,-1.6495275497436523,-33.474239349365234,66.27233123779297,-1.9485918283462524,-30.930328369140625,65.51876068115234,-0.7799955010414124,-45.606842041015625,58.47907257080078
1711476137.1196554,-1.4256250858306885,-43.63549041748047,59.58858108520508,-1.5496826171875,-33.654396057128906,66.27999114990234,-1.9551541805267334,-31.04548454284668,65.4978256225586,-0.7129642367362976,-46.1702766418457,58.61172866821289
1711476137.1295915,-1.1896874904632568,-45.32252502441406,61.39827346801758,-1.4795279502868652,-33.76017761230469,66.07357788085938,-1.9551541805267334,-31.246734619140625,65.44156646728516,-0.7901517748832703,-47.81121826171875,60.46579360961914
1711476137.1395748,-0.8643752336502075,-48.25862121582031,64.68515014648438,-1.3890576362609863,-33.923927307128906,65.76233673095703,-1.9973417520523071,-31.480642318725586,65.4503173828125,-0.8479642271995544,-49.68511962890625,62.8760986328125
1711476137.1495805,-0.5248439311981201,-52.05424499511719,68.86686706542969,-1.1760902404785156,-34.252052307128906,65.4610824584961,-2.0151543617248535,-31.96829605102539,65.69094848632812,-0.9354642033576965,-52.19731140136719,65.49984741210938
1711476137.159584,-0.08250012993812561,-55.80736541748047,73.35468292236328,-0.8354640007019043,-34.739864349365234,65.34405517578125,-1.9832793474197388,-32.62892150878906,66.05984497070312,-0.9873392581939697,-55.64731216430664,69.2828140258789
1711476137.1696033,0.24499982595443726,-59.28346252441406,77.76311492919922,-0.540463924407959,-35.31939697265625,65.49624633789062,-1.8193730115890503,-33.207672119140625,66.38125610351562,-0.9374954700469971,-59.3126220703125,73.39297485351562
1711476137.1795895,0.3376561403274536,-62.17331314086914,82.0384292602539,-0.15655755996704102,-35.85564422607422,65.7471694946289,-1.6917169094085693,-33.88173294067383,66.66797637939453,-0.9501517415046692,-62.78683853149414,77.57735443115234
1711476137.189588,0.14624983072280884,-64.41033935546875,85.85218811035156,0.26719093322753906,-36.40095901489258,66.12420654296875,-1.5842169523239136,-34.34111022949219,66.94891357421875,-0.9499954581260681,-65.40933990478516,81.59031677246094
1711476137.1995788,-0.14187514781951904,-66.07675170898438,89.32858276367188,0.5839109420776367,-36.942989349365234,66.45608520507812,-1.3782793283462524,-34.69001770019531,67.08985137939453,-0.8628079891204834,-67.5665283203125,85.62594604492188
1711476137.20958,-0.4515627324581146,-67.0714340209961,92.54171752929688,0.9546924233436584,-37.42314529418945,66.712646484375,-1.2070292234420776,-34.96407699584961,67.17860412597656,-0.783745527267456,-68.96731567382812,88.9861068725586
1711476137.2195861,-0.5245314836502075,-67.33846282958984,95.708740234375,1.2843799591064453,-37.822208404541016,66.90530395507812,-1.0598417520523071,-35.16626739501953,67.22407531738281,-0.7484329342842102,-69.78621673583984,92.10172271728516
1711476137.2295837,-0.5600002408027649,-67.02925109863281,98.62889862060547,1.5510964393615723,-38.12986755371094,66.9699935913086,-0.8807793259620667,-35.33079528808594,67.23751068115234,-0.7248392105102539,-69.90028381347656,95.24610900878906
1711476137.2395263,-0.5150002241134644,-66.02471160888672,101.22967529296875,1.7937541007995605,-38.29986572265625,66.87764739990234,-0.7826542854309082,-35.506107330322266,67.22016143798828,-0.7003080248832703,-69.29481506347656,98.15485382080078
1711476137.2496095,-0.5123439431190491,-64.61705780029297,103.25108337402344,1.9496917724609375,-38.38986587524414,66.68843078613281,-0.718904435634613,-35.66032791137695,67.18360900878906,-0.662651777267456,-68.1012191772461,100.6717300415039
1711476137.2596543,-0.5123439431190491,-62.78518295288086,104.87014770507812,2.0204734802246094,-38.42924118041992,66.3638916015625,-0.6904667615890503,-35.805328369140625,67.10000610351562,-0.6428080201148987,-66.63152313232422,102.55985260009766
1711476137.2696135,-0.5123439431190491,-60.48174285888672,106.05577087402344,2.1393799781799316,-38.469085693359375,65.99671173095703,-0.6478105783462524,-35.946266174316406,67.01203918457031,-0.5826517939567566,-64.74887084960938,104.13923645019531
1711476137.279592,-0.5123439431190491,-57.61814880371094,106.5903091430664,2.2348475456237793,-38.45236587524414,65.6106185913086,-0.5946854948997498,-36.04657745361328,66.88578796386719,-0.45562049746513367,-62.24730682373047,105.20829010009766
1711476137.289648,-0.5464063882827759,-54.353153228759766,106.4124984741211,2.3340654373168945,-38.45236587524414,65.2121810913086,-0.5799980759620667,-36.06001281738281,66.70703887939453,-0.33733928203582764,-59.41481018066406,105.71891784667969
1711476137.299596,-0.5717189311981201,-50.61737060546875,105.4056167602539,2.410004138946533,-38.431739807128906,64.86701965332031,-0.569998025894165,-36.09001159667969,66.45938110351562,-0.23843298852443695,-55.99715805053711,105.46453094482422
1711476137.3095903,-0.5971877574920654,-46.97361755371094,103.58218383789062,2.4703168869018555,-38.44173812866211,64.493896484375,-0.569998025894165,-36.110172271728516,66.31407165527344,-0.18749549984931946,-52.23012161254883,104.34767150878906
1711476137.3196144,-0.6075002551078796,-43.27049255371094,101.05795288085938,2.531566619873047,-38.488616943359375,64.185302734375,-0.569998025894165,-36.1361083984375,66.185791015625,-0.17483925819396973,-48.48324966430664,102.4011001586914
1711476137.3296196,-0.5484377145767212,-39.51752471923828,97.31248474121094,2.6151609420776367,-38.524864196777344,63.91233444213867,-0.6009355187416077,-36.24017333984375,66.08844757080078,-0.1634330004453659,-44.742313385009766,99.52188110351562
1711476137.3396208,-0.5198439955711365,-35.89533996582031,92.23858642578125,2.7295351028442383,-38.67220687866211,63.64202117919922,-0.655154287815094,-36.414546966552734,66.04235076904297,-0.15530800819396973,-40.9298095703125,95.5714111328125
1711476137.349614,-0.4315626621246338,-32.621273040771484,86.14968872070312,2.837190628051758,-38.86674118041992,63.43405532836914,-0.6592167615890503,-36.626888275146484,66.02125549316406,-0.15483924746513367,-37.30152893066406,90.46157836914062
1711476137.359601,-0.34203141927719116,-29.476118087768555,79.27327728271484,2.885315418243408,-39.06346130371094,63.26716995239258,-0.7410919666290283,-36.83595275878906,66.01235961914062,-0.21155798435211182,-34.142311096191406,85.73017120361328
1711476137.3696048,-0.4795314371585846,-27.06424331665039,73.69624328613281,2.9120349884033203,-39.19783020019531,63.25233459472656,-0.7751542329788208,-37.02204895019531,65.94860076904297,-0.09905800223350525,-32.212623596191406,82.2632827758789
1711476137.3795948,-0.9082815647125244,-25.207212448120117,69.53530883789062,2.6535964012145996,-39.04658508300781,63.33342742919922,-0.8873417973518372,-36.88298416137695,65.49251556396484,-0.013589221052825451,-30.832468032836914,79.84907531738281
1711476137.3895876,-1.4885938167572021,-24.39627456665039,67.37952423095703,2.2034406661987305,-38.65986633300781,63.25155258178711,-1.1795294284820557,-36.4073600769043,64.51860046386719,-0.2459329515695572,-29.138559341430664,77.27454376220703
1711476137.3996193,-1.9576563835144043,-24.217681884765625,66.11296081542969,1.6198468208312988,-38.05111312866211,63.02983093261719,-1.5432792901992798,-35.837669372558594,63.52672576904297,-0.6259329319000244,-27.774341583251953,74.80172729492188
1711476137.4096115,-2.1131253242492676,-24.398305892944336,65.44686889648438,1.0075044631958008,-37.49455261230469,62.59983444213867,-1.873279094696045,-36.097984313964844,62.60782241821289,-1.0618704557418823,-26.6513729095459,72.45626068115234
1711476137.4196222,-1.736719012260437,-24.65752410888672,65.09296417236328,0.3398466110229492,-37.12111282348633,62.17420959472656,-2.007966995239258,-37.114078521728516,61.65516662597656,-1.460932970046997,-25.51121711730957,70.57422637939453
1711476137.4295943,-1.1031252145767212,-24.935178756713867,64.90045928955078,-0.14437198638916016,-37.060489654541016,61.95857620239258,-2.097029447555542,-38.4954833984375,60.63875961303711,-1.852651596069336,-24.782934188842773,69.11656951904297
1711476137.4395971,-0.36078140139579773,-25.210180282592773,64.81483459472656,-0.39968252182006836,-37.15955352783203,61.76123809814453,-2.063279390335083,-40.1690788269043,59.60500717163086,-2.2049953937530518,-24.164186477661133,68.02360534667969
1711476137.4496136,0.24843737483024597,-25.652523040771484,64.79312133789062,-0.5479645729064941,-37.36033630371094,61.61639404296875,-1.842966914176941,-42.0132942199707,58.62095260620117,-2.4635891914367676,-23.833560943603516,67.36016082763672
1711476137.4596272,0.6001560688018799,-26.034555435180664,64.82093048095703,-0.7529640197753906,-37.54283142089844,61.45639419555664,-1.6354668140411377,-43.83345031738281,57.58219528198242,-2.6748392581939697,-23.783246994018555,67.00360107421875
1711476137.4696126,0.637656033039093,-26.366119384765625,64.8224868774414,-1.0373401641845703,-37.822208404541016,61.29671096801758,-1.4778103828430176,-45.24188995361328,57.07719421386719,-2.813901662826538,-23.99980926513672,66.94313049316406
1711476137.4801216,0.48312485218048096,-26.711273193359375,64.86030578613281,-1.2065577507019043,-38.176116943359375,61.22030258178711,-1.442497968673706,-46.237674713134766,57.11000442504883,-2.9443705081939697,-24.380903244018555,67.12750244140625
1711476137.4896133,0.2993747591972351,-27.0417423248291,64.87593078613281,-1.3249969482421875,-38.61236572265625,61.13311767578125,-1.5537478923797607,-46.881107330322266,57.31813430786133,-2.9823391437530518,-24.877309799194336,67.4596939086914
1711476137.4996152,0.0817185640335083,-27.383148193359375,64.92046356201172,-1.335153579711914,-39.08174133300781,61.0748291015625,-1.6426541805267334,-47.38579559326172,57.38610076904297,-2.9799954891204834,-25.464183807373047,67.94781494140625
1711476137.509619,-0.04328146576881409,-27.766584396362305,64.92984008789062,-1.3404655456542969,-39.52580261230469,61.06608200073242,-1.6760917901992798,-47.802982330322266,57.31250762939453,-2.9901516437530518,-25.996685028076172,68.30032348632812
1711476137.5195987,-0.1618751883506775,-28.267993927001953,64.94248962402344,-1.3320279121398926,-39.91814422607422,61.02499008178711,-1.6951543092727661,-48.04642105102539,57.12828826904297,-2.9899954795837402,-26.48918342590332,68.49063110351562
1711476137.5296173,-0.24812518060207367,-28.79549217224121,64.94248962402344,-1.3051533699035645,-40.225650787353516,60.80780029296875,-1.7146855592727661,-48.216575622558594,56.78141784667969,-2.963120460510254,-26.958402633666992,68.58126068115234
1711476137.539587,-0.29843762516975403,-29.294084548950195,64.94248962402344,-1.2999963760375977,-40.44845962524414,60.49858093261719,-1.731560468673706,-48.461421966552734,56.44594192504883,-2.954838991165161,-27.464967727661133,68.58016967773438
1711476137.5496016,-0.32000020146369934,-29.757524490356445,64.94248962402344,-1.2999963760375977,-40.70502471923828,60.01264953613281,-1.735154390335083,-48.65907669067383,56.081886291503906,-3.0023393630981445,-27.91012191772461,68.49156951904297
1711476137.5596654,-0.32000020146369934,-30.148929595947266,64.94248962402344,-1.2999963760375977,-40.91142654418945,59.36655044555664,-1.7609354257583618,-48.84642028808594,55.61032485961914,-2.953120470046997,-28.400278091430664,68.33141326904297
1711476137.5696151,-0.32000020146369934,-30.608306884765625,64.94248962402344,-1.2999963760375977,-41.46955490112305,58.93904495239258,-1.7651543617248535,-49.21860885620117,55.33672332763672,-2.9206204414367676,-28.86184310913086,68.18079376220703
1711476137.5795996,-0.27203142642974854,-31.078147888183594,64.90327453613281,-1.2999963760375977,-42.72705078125,60.07108688354492,-1.7356231212615967,-50.41376876831055,56.96000671386719,-2.8343706130981445,-29.44246482849121,67.99984741210938
1711476137.5896373,-0.2723439037799835,-31.5601806640625,64.89358520507812,-1.3770270347595215,-45.15877151489258,61.8873291015625,-1.4068732261657715,-52.31861114501953,59.75829315185547,-2.6809327602386475,-30.05574607849121,67.92922973632812
1711476137.599646,-0.3895314037799835,-31.97752571105957,64.91249084472656,-0.9345268607139587,-48.89549255371094,64.33248901367188,-0.8224982023239136,-54.72829818725586,63.49594497680664,-2.5154643058776855,-30.704185485839844,67.91250610351562
1711476137.609603,-0.6956252455711365,-32.30221176147461,64.89468383789062,0.10828495025634766,-53.425960540771484,67.93670654296875,-0.45218557119369507,-57.70735549926758,67.90829467773438,-2.4354641437530518,-31.330589294433594,68.00640869140625
1711476137.6196172,-1.1515625715255737,-33.09830856323242,65.61483764648438,1.197817325592041,-58.00330352783203,72.03873443603516,-0.13218551874160767,-60.78829574584961,72.40922546386719,-2.4348392486572266,-31.83277702331543,68.05094146728516
1711476137.629633,-1.7479687929153442,-34.042057037353516,66.51265716552734,2.337503433227539,-62.01517868041992,76.2818603515625,-0.012654364109039307,-64.16548919677734,76.72454071044922,-2.4264018535614014,-32.18309020996094,67.99188995361328
1711476137.639619,-1.8979688882827759,-35.07783508300781,67.49046325683594,3.05422306060791,-65.27408599853516,80.08295440673828,-0.12249812483787537,-66.8822021484375,80.74485778808594,-2.2790579795837402,-32.51637268066406,67.97250366210938
1711476137.649604,-2.0759377479553223,-35.98268127441406,68.18108367919922,3.5109424591064453,-67.80705261230469,84.0129623413086,-0.2521856129169464,-69.31938934326172,84.65267181396484,-2.1923391819000244,-32.93637466430664,67.97250366210938
1711476137.6596475,-2.359687566757202,-36.65768051147461,68.57467651367188,3.742971658706665,-69.41627502441406,87.55935668945312,-0.29515430331230164,-70.9481430053711,88.11954498291016,-1.9870268106460571,-33.35481262207031,68.045166015625
1711476137.6696093,-2.369062662124634,-37.190338134765625,68.66077423095703,3.8617231845855713,-70.26752471923828,90.90139770507812,-0.20515426993370056,-71.87939453125,91.47125244140625,-1.6299954652786255,-33.81371307373047,68.15719604492188
1711476137.679628,-2.247187614440918,-37.562679290771484,68.55545806884766,3.86000394821167,-70.31502532958984,94.10186767578125,-0.19999802112579346,-72.00126647949219,94.59688568115234,-1.176558017730713,-34.241058349609375,68.2740707397461
1711476137.6896293,-2.135625123977661,-37.89705276489258,68.3137435913086,3.8031294345855713,-69.68345642089844,97.09732818603516,-0.2670292556285858,-71.4922103881836,97.36656951904297,-0.7320266962051392,-34.58543395996094,68.32766723632812
1711476137.69961,-1.8870315551757812,-38.11830520629883,67.95921325683594,3.71687912940979,-68.4931411743164,99.59420776367188,-0.3173418343067169,-70.53782653808594,100.03985595703125,-0.18593300879001617,-34.882938385009766,68.33016967773438
1711476137.7096758,-1.587187647819519,-38.40439987182617,67.50656127929688,3.6682844161987305,-66.98110961914062,101.6993637084961,-0.3151543438434601,-69.13861083984375,102.04798126220703,0.3167232871055603,-35.12934494018555,68.26063537597656
1711476137.7196116,-1.2729688882827759,-38.652679443359375,67.03749084472656,3.6225035190582275,-64.97549438476562,103.3615493774414,-0.3828105330467224,-67.25485229492188,103.6657943725586,0.7846920490264893,-35.2601203918457,68.02626037597656
1711476137.7296073,-1.0423439741134644,-38.93564987182617,66.58452606201172,3.591566324234009,-62.59018325805664,104.5207748413086,-0.4476543068885803,-64.84391784667969,104.71954345703125,1.2818797826766968,-35.377464294433594,67.66735076904297
1711476137.7396345,-0.806250274181366,-39.184085845947266,66.14592742919922,3.5525035858154297,-59.36064910888672,105.05374145507812,-0.5954667925834656,-61.92345428466797,105.18844604492188,1.7126609086990356,-35.474185943603516,67.14766693115234
1711476137.7496116,-0.6523439288139343,-39.43049240112305,65.71920776367188,3.4617233276367188,-55.895957946777344,104.7970199584961,-0.7495293021202087,-58.66080093383789,104.91313934326172,2.1142234802246094,-35.54386901855469,66.70297241210938
1711476137.759685,-0.5523439049720764,-39.72892761230469,65.2562484741211,3.3687543869018555,-52.13392639160156,103.69171142578125,-0.8553105592727661,-55.2784538269043,103.8287582397461,2.459223508834839,-35.66371154785156,66.2292251586914
1711476137.7696261,-0.46812519431114197,-40.03721237182617,64.8001480102539,3.28859806060791,-48.32908630371094,101.53904724121094,-0.9057793021202087,-51.817203521728516,101.62406921386719,2.7970361709594727,-35.776058197021484,65.8717269897461
1711476137.7796512,-0.3907814621925354,-40.429866790771484,64.34733581542969,3.1931281089782715,-44.56924057006836,98.7310791015625,-0.9367167949676514,-47.72188949584961,98.75875854492188,3.071723461151123,-35.9905891418457,65.52485656738281
1711476137.7896073,-0.3809376060962677,-40.91986846923828,63.94999313354492,2.982971668243408,-40.85283279418945,94.83858489990234,-0.9099981784820557,-43.656734466552734,94.79625701904297,3.3481297492980957,-36.16215515136719,65.23188781738281
1711476137.7996342,-0.41265636682510376,-41.48518371582031,63.58655548095703,2.7964091300964355,-37.23330307006836,89.87748718261719,-0.9018730521202087,-39.79548645019531,89.8806381225586,3.622504711151123,-36.53184127807617,65.02328491210938
1711476137.809668,-0.48390641808509827,-42.14471435546875,63.28593063354492,2.6450037956237793,-33.80439758300781,83.57154846191406,-0.7984355092048645,-36.378299713134766,83.83173370361328,3.8331298828125,-36.91449737548828,64.96204376220703
1711476137.8196375,-0.6565627455711365,-42.83815002441406,63.04280471801758,2.480940818786621,-30.985334396362305,77.48499298095703,-0.8082792162895203,-33.25673294067383,77.55719757080078,4.059535980224609,-37.364810943603516,64.8806381225586
1711476137.8296406,-0.9204688668251038,-43.52940368652344,62.80124282836914,2.415003776550293,-30.41439437866211,73.93592834472656,-0.875154435634613,-30.648765563964844,71.77328491210938,4.135316848754883,-37.932308197021484,64.81735229492188
1711476137.8396637,-1.2112500667572021,-44.37705612182617,62.33140182495117,2.570316791534424,-30.191741943359375,71.74248504638672,-1.0251543521881104,-28.954078674316406,67.97766876220703,3.959223508834839,-38.63153076171875,64.64688110351562
1711476137.8496182,-1.6871875524520874,-45.19330596923828,61.74421691894531,2.2559404373168945,-29.880022048950195,69.68701934814453,-1.038435697555542,-28.874860763549805,67.29000854492188,3.7628173828125,-39.33184051513672,64.2009506225586
1711476137.859638,-2.1493749618530273,-45.7537727355957,61.20530700683594,1.8723464012145996,-29.57642936706543,67.69186401367188,-1.5574979782104492,-29.790483474731445,67.408447265625,3.406254768371582,-39.89762496948242,63.57016372680664
1711476137.8696113,-2.408437728881836,-45.865177154541016,60.48030471801758,1.503129005432129,-29.270023345947266,66.37686157226562,-1.6796857118606567,-30.363298416137695,67.14188385009766,3.0782861709594727,-40.09074401855469,62.71016311645508
1711476137.8796356,-2.440000057220459,-45.695648193359375,59.67781066894531,1.198441982269287,-29.201425552368164,65.70279693603516,-1.6581231355667114,-30.65110969543457,66.43407440185547,3.03875470161438,-39.98434066772461,61.54689025878906
1711476137.889646,-2.285156488418579,-45.3726806640625,59.20999526977539,0.9460973739624023,-29.317989349365234,65.32108306884766,-1.436716914176941,-30.605642318725586,65.56016540527344,3.0300047397613525,-40.11918640136719,60.21578598022461
1711476137.8996105,-2.1089065074920654,-44.557838439941406,58.96281051635742,0.9248470664024353,-29.524864196777344,65.1065444946289,-1.2301543951034546,-30.49423599243164,64.76250457763672,3.045161247253418,-41.05449676513672,58.83047866821289
1711476137.9096193,-1.7803126573562622,-44.186744689941406,58.66796112060547,1.0823464393615723,-29.85095977783203,64.95388793945312,-1.0524982213974,-30.478139877319336,64.22579193115234,2.8492236137390137,-42.62590408325195,57.40328598022461
1711476137.9196362,-1.620781421661377,-43.927520751953125,58.44186782836914,1.2223482131958008,-30.16377067565918,64.84249114990234,-0.8871856331825256,-30.472360610961914,63.98501205444336,2.6993799209594727,-44.401058197021484,56.41188430786133
1711476137.9296649,-1.6123437881469727,-44.10580825805664,58.17826843261719,1.4221906661987305,-30.53033447265625,64.83483123779297,-0.8021855354309082,-30.363922119140625,63.95235061645508,2.6089110374450684,-45.782466888427734,55.80329132080078
1711476137.9396362,-1.6692187786102295,-44.38017654418945,58.11484146118164,1.5770339965820312,-30.89752197265625,64.83483123779297,-0.7599979639053345,-30.633453369140625,64.02578735351562,2.5900049209594727,-46.69059371948242,55.372982025146484
1711476137.94962,-1.5114063024520874,-44.79658508300781,58.11077880859375,1.7410969734191895,-31.282989501953125,64.943115234375,-0.7567167282104492,-30.99485969543457,64.21407318115234,2.6521923542022705,-47.21699523925781,55.08329391479492
1711476137.9601715,-1.492343783378601,-44.79658508300781,58.11077880859375,1.861097812652588,-31.685333251953125,65.10935974121094,-0.6576542258262634,-31.532827377319336,64.60407257080078,2.655161142349243,-47.57090759277344,54.83844757080078
1711476137.969642,-1.492343783378601,-45.542991638183594,57.95109176635742,2.0021915435791016,-32.156585693359375,65.2404556274414,-0.6087480783462524,-32.06861114501953,64.9675064086914,2.6095361709594727,-47.87090301513672,54.58094787597656
1711476137.9796448,-1.3693753480911255,-45.80455017089844,57.75233840942383,2.1246910095214844,-32.66408157348633,65.37826538085938,-0.5078105330467224,-32.59111022949219,65.23078918457031,2.514536142349243,-48.16075134277344,54.29673385620117
1711476137.9896533,-1.2153127193450928,-46.015804290771484,57.50937271118164,2.3526597023010254,-33.20189666748047,65.53030395507812,-0.38968563079833984,-33.09392166137695,65.51032257080078,2.3907861709594727,-48.33621597290039,54.01235580444336
1711476137.999619,-1.023593783378601,-46.13127136230469,57.11389923095703,2.5498485565185547,-33.67049026489258,65.62014770507812,-0.24999812245368958,-33.58235549926758,65.74156951904297,2.1848485469818115,-48.3773078918457,53.80016326904297
1711476138.0096447,-0.7514064311981201,-46.24064636230469,56.71030807495117,2.7703166007995605,-34.107364654541016,65.66405487060547,-0.12296676635742188,-34.04735565185547,65.94953918457031,2.0987548828125,-48.53981018066406,53.55454635620117
1711476138.0198677,-0.5914064049720764,-46.61674499511719,56.52483367919922,2.9276609420776367,-34.35970687866211,65.68561553955078,0.046095699071884155,-34.47016906738281,66.07937622070312,2.317192316055298,-48.92012023925781,53.54579162597656
1711476138.0296268,-0.43109387159347534,-47.4139289855957,57.69265365600586,2.954690456390381,-34.53611755371094,65.68545532226562,0.1800018548965454,-34.81548309326172,66.18828582763672,2.30437970161438,-49.32074737548828,53.570167541503906
1711476138.039642,-0.2659377455711365,-48.9642448425293,59.70686721801758,2.9600048065185547,-34.636898040771484,65.53092193603516,0.1579706370830536,-35.031734466552734,66.2584457397461,2.2037549018859863,-50.48418426513672,55.25876235961914
1711476138.049644,-0.11203140765428543,-51.02424240112305,63.18655776977539,2.9135966300964355,-34.7409553527832,65.32561492919922,0.08359566330909729,-35.2398567199707,66.41188049316406,1.9231297969818115,-52.274967193603516,58.03297805786133
1711476138.0596194,-0.32140642404556274,-53.9290885925293,67.57374572753906,2.9896903038024902,-34.94142532348633,65.28311157226562,0.0473456084728241,-35.45595169067383,66.59485626220703,1.508754849433899,-54.51090621948242,61.60688781738281
1711476138.0696409,-0.5489065051078796,-57.22377395629883,72.32701873779297,3.0256295204162598,-35.2147102355957,65.49311065673828,0.014845728874206543,-35.6617317199707,66.822509765625,1.1662547588348389,-57.59231185913086,66.27657318115234
1711476138.0796318,-0.7635939121246338,-60.37596130371094,76.8035888671875,3.1468796730041504,-35.49486541748047,65.79608154296875,-0.05546689033508301,-35.73814010620117,66.95391845703125,1.10000479221344,-60.90059280395508,71.0456314086914
1711476138.089641,-0.8685940504074097,-63.28064727783203,80.99124908447266,3.287191390991211,-35.770179748535156,66.189208984375,-0.19921690225601196,-35.8118896484375,67.01469421386719,1.2371922731399536,-63.93621063232422,75.37844848632812
1711476138.0996435,-0.8700001239776611,-65.61267852783203,84.69717407226562,3.391566276550293,-36.000492095947266,66.45826721191406,-0.3553105890750885,-35.81001281738281,67.05094909667969,1.325473666191101,-66.82168579101562,79.93203735351562
1711476138.1096458,-0.9960940480232239,-67.36158752441406,88.30343627929688,3.3900046348571777,-36.11924362182617,66.64936828613281,-0.4607793390750885,-35.746734619140625,67.06751251220703,1.3870360851287842,-69.04199981689453,83.67047119140625
1711476138.119658,-1.0587501525878906,-68.38735961914062,91.78842163085938,3.3900046348571777,-36.14924240112305,66.71436309814453,-0.6776543259620667,-35.633453369140625,67.06751251220703,1.38516104221344,-70.63949584960938,87.12860107421875
1711476138.1296463,-1.182031273841858,-68.6662826538086,95.0864028930664,3.319690227508545,-36.111270904541016,66.7199935913086,-0.8804666996002197,-35.49345397949219,67.01922607421875,1.4693799018859863,-71.58340454101562,90.58454895019531
1711476138.1402817,-1.258750319480896,-68.6662826538086,95.0864028930664,3.2745361328125,-36.05095672607422,66.58358764648438,-1.1084357500076294,-35.35017395019531,66.97000885009766,1.641567349433899,-71.81449890136719,93.86969757080078
1711476138.1496332,-1.2600001096725464,-67.58502197265625,100.462646484375,3.1026601791381836,-35.962364196777344,66.38951873779297,-1.3879668712615967,-35.1847038269043,66.90657043457031,1.79141104221344,-71.380126953125,96.80016326904297
1711476138.1596956,-1.2600001096725464,-66.26126861572266,102.63624572753906,2.930471897125244,-35.91877365112305,66.10249328613281,-1.641560435295105,-35.09907531738281,66.82813262939453,1.9600048065185547,-70.458251953125,99.41453552246094
1711476138.1696444,-1.2223440408706665,-64.58033752441406,104.35342407226562,2.813754081726074,-35.872833251953125,65.80748748779297,-1.8640605211257935,-35.03017044067383,66.72625732421875,2.117192268371582,-69.0387191772461,101.4822006225586
1711476138.179636,-1.2223440408706665,-62.13846206665039,105.63936614990234,2.754535675048828,-35.84236526489258,65.43233489990234,-2.067497968673706,-34.9429817199707,66.60047912597656,2.235785961151123,-67.38621520996094,103.12016296386719
1711476138.1896622,-1.2176564931869507,-56.29533767700195,99.72015380859375,2.714848518371582,-36.20689392089844,65.25389862060547,-2.3051540851593018,-35.00017166137695,66.5612564086914,2.235161066055298,-64.63090515136719,103.97313690185547
1711476138.1996348,-1.397031545639038,-50.85221481323242,84.55718231201172,2.8009414672851562,-36.3279914855957,65.23092651367188,-2.376091957092285,-35.290794372558594,66.6432876586914,2.5498485565185547,-57.91903305053711,95.04844665527344
1711476138.2096305,-1.340000033378601,-46.490962982177734,77.26233673095703,2.5220346450805664,-36.32752227783203,65.1848373413086,-2.394217014312744,-35.05673599243164,66.41563415527344,2.8101611137390137,-52.90184020996094,82.08063507080078
1711476138.2196345,-1.0812503099441528,-45.86611557006836,75.09827423095703,2.6540660858154297,-36.32142639160156,65.251708984375,-2.6653106212615967,-34.81470489501953,66.76657104492188,2.569223642349243,-49.0726203918457,74.45220184326172
1711476138.2295778,-1.6995313167572021,-45.01470947265625,73.12921142578125,2.904067039489746,-36.763614654541016,65.14420318603516,-2.2643728256225586,-35.32563781738281,67.07469177246094,2.7964112758636475,-46.15684127807617,70.71985626220703
1711476138.2396529,-1.50265634059906,-44.28190231323242,71.33421325683594,3.1076598167419434,-37.36814880371094,64.8771743774414,-2.052654266357422,-35.76689147949219,66.89797973632812,2.628911018371582,-44.62012481689453,68.59062957763672
1711476138.2496088,-1.0276564359664917,-43.527835845947266,69.51264953613281,3.6075046062469482,-37.95799255371094,64.58670043945312,-1.5234357118606567,-36.149391174316406,66.8092269897461,2.4612550735473633,-43.622623443603516,67.18484497070312
1711476138.2596824,-0.34812524914741516,-42.87955856323242,67.90077209472656,4.190161228179932,-38.576271057128906,64.23857879638672,-1.1143732070922852,-36.6204833984375,66.70219421386719,2.4139108657836914,-42.53340148925781,66.48688507080078
1711476138.2696705,0.4062497615814209,-42.34065246582031,66.80764770507812,4.760785102844238,-39.11549377441406,63.98093032836914,-0.6957793235778809,-37.02720260620117,66.6501693725586,1.8692234754562378,-41.94668960571289,66.19297790527344
1711476138.27966,0.7937498688697815,-41.51580810546875,66.36467742919922,5.2701592445373535,-39.31830596923828,63.97077178955078,-0.4420293867588043,-37.51532745361328,66.7409439086914,2.4540672302246094,-42.675907135009766,66.63485717773438
1711476138.2896633,0.3640623390674591,-40.60862350463867,66.20327758789062,5.380160808563232,-39.56892395019531,64.14201354980469,-0.011716783046722412,-37.7611083984375,66.82125854492188,2.4951610565185547,-42.71839904785156,66.49750518798828
1711476138.299634,-0.3582814335823059,-40.33815002441406,66.3302993774414,5.482659339904785,-39.55158615112305,64.13998413085938,-0.10531052947044373,-37.54907989501953,66.51078796386719,2.474067211151123,-42.613399505615234,66.36859893798828
1711476138.3096619,-0.845625102519989,-40.35080337524414,66.50984191894531,5.541722774505615,-39.552364349365234,64.25123596191406,-0.08359178900718689,-37.375328063964844,66.310791015625,2.3304736614227295,-42.336997985839844,65.98516082763672
1711476138.3196383,-0.8600002527236938,-40.45986557006836,66.79983520507812,5.430471897125244,-39.536895751953125,64.30638885498047,-0.07937312126159668,-37.184234619140625,66.14250183105469,2.171254873275757,-42.04231262207031,65.74533081054688
1711476138.329669,-1.0500001907348633,-40.55283737182617,66.8968734741211,5.302972793579102,-39.50236511230469,64.33999633789062,-0.29202938079833984,-37.07469940185547,66.04407501220703,2.1182861328125,-41.59793472290039,65.60438537597656
1711476138.3396707,-1.360468864440918,-40.61893081665039,66.94171142578125,5.213441848754883,-39.4123649597168,64.28311157226562,-0.3864043951034546,-37.0523567199707,65.99234771728516,2.068911075592041,-41.00637435913086,65.58250427246094
1711476138.3496592,-1.4000000953674316,-40.645179748535156,66.82952117919922,5.027658939361572,-39.39814758300781,64.23670959472656,-0.39140433073043823,-37.11204528808594,65.98625183105469,1.976410984992981,-40.54356384277344,65.58250427246094
1711476138.359674,-1.4000000953674316,-40.61033630371094,66.62234497070312,4.833285808563232,-39.38236618041992,64.13701629638672,-0.45312315225601196,-37.16392135620117,65.94391632080078,1.8781297206878662,-40.42325210571289,65.52391052246094
1711476138.3696678,-1.531406283378601,-40.53565216064453,66.33702087402344,4.704692363739014,-39.35173797607422,64.11483764648438,-0.48749807476997375,-37.24173355102539,65.8493881225586,1.8384424448013306,-40.45215606689453,65.52250671386719
1711476138.379657,-1.5500003099441528,-40.41987228393555,66.08577728271484,4.508910179138184,-39.30439758300781,64.08405303955078,-0.4851543605327606,-37.27001190185547,65.69532012939453,1.789223551750183,-40.394813537597656,65.47250366210938
1711476138.3896463,-1.5500003099441528,-40.287994384765625,65.79702758789062,4.273285865783691,-39.17251968383789,64.14218139648438,-0.439685583114624,-37.2845458984375,65.52001190185547,1.7581298351287842,-40.35887145996094,65.47250366210938
1711476138.3996625,-1.574062705039978,-40.17845916748047,65.59452056884766,4.019534587860107,-38.96846008300781,64.13998413085938,-0.439998060464859,-37.290016174316406,65.34078979492188,1.6421923637390137,-40.1290283203125,65.4881362915039
1711476138.4096642,-1.600000262260437,-40.07783889770508,65.33452606201172,3.6212539672851562,-38.81221008300781,64.15733337402344,-0.439998060464859,-37.263919830322266,65.119384765625,1.5239109992980957,-39.81059265136719,65.51016235351562
1711476138.419641,-1.5503126382827759,-39.78299331665039,65.25343322753906,3.247504234313965,-38.56939697265625,64.16999053955078,-0.3909355401992798,-37.262359619140625,64.9585952758789,1.406254768371582,-39.65761947631836,65.51016235351562
1711476138.4296649,-1.5489065647125244,-39.11049270629883,65.31108856201172,2.7846908569335938,-38.34205627441406,64.20014190673828,-0.3799980878829956,-37.262359619140625,64.83750915527344,1.248129963874817,-39.47996520996094,65.51922607421875
1711476138.4396877,-1.3673440217971802,-38.276432037353516,65.34687042236328,2.27750301361084,-38.06642532348633,64.20999145507812,-0.3799980878829956,-37.262359619140625,64.66360473632812,1.1960985660552979,-39.33293151855469,65.5201644897461
1711476138.4496648,-1.203906536102295,-37.61861801147461,65.35592651367188,1.705472469329834,-37.84705352783203,64.20999145507812,-0.3382793068885803,-37.33563995361328,64.49219512939453,1.1482861042022705,-39.267311096191406,65.5201644897461
1711476138.4596636,-1.0653126239776611,-37.23580551147461,65.37030792236328,1.1696910858154297,-37.611114501953125,64.21468353271484,-0.3101542592048645,-37.451263427734375,64.40048217773438,1.1500048637390137,-39.22340393066406,65.52485656738281
1711476138.4696634,-0.8362501859664917,-37.04424285888672,65.37248992919922,0.5370354652404785,-37.44439697265625,64.2349853515625,-0.26499807834625244,-37.5792350769043,64.27297973632812,1.1500048637390137,-39.188716888427734,65.53016662597656
1711476138.4796755,-0.7304689288139343,-36.95814895629883,65.37248992919922,0.019066333770751953,-37.31377029418945,64.2746810913086,-0.18937304615974426,-37.74032974243164,64.08609771728516,1.1756298542022705,-39.14449691772461,65.53016662597656
1711476138.489571,-0.6875002384185791,-36.92299270629883,65.37248992919922,-0.38984060287475586,-37.26689529418945,64.31436157226562,-0.10109186172485352,-37.923763275146484,63.92734909057617,1.1751610040664673,-39.09809112548828,65.53016662597656
1711476138.4996138,-0.6623439192771912,-36.91752624511719,65.37248992919922,-0.6562471389770508,-37.262367248535156,64.341552734375,-0.049216896295547485,-38.125484466552734,63.73860549926758,1.137661099433899,-39.0548095703125,65.53016662597656
1711476138.5096807,-0.7090626955032349,-36.91752624511719,65.37248992919922,-0.7664012908935547,-37.262367248535156,64.3799819946289,-0.19484177231788635,-38.39470291137695,63.56672668457031,1.0935986042022705,-39.014183044433594,65.53016662597656
1711476138.5196717,-0.7300001382827759,-36.95674133300781,65.37248992919922,-0.775153636932373,-37.262367248535156,64.44029998779297,-0.39359182119369507,-38.59970474243164,63.55234909057617,1.0654735565185547,-38.96434020996094,65.53016662597656
1711476138.5296748,-0.759375274181366,-36.95518112182617,65.37248992919922,-0.6923389434814453,-37.262367248535156,64.47451782226562,-0.577810525894165,-38.80610656738281,63.55234909057617,1.0500048398971558,-38.910438537597656,65.5401611328125
1711476138.539654,-0.7600001692771912,-36.96736526489258,65.38702392578125,-0.6081223487854004,-37.27970886230469,64.51045989990234,-0.7048417925834656,-38.93673324584961,63.55234909057617,1.0500048398971558,-38.87449645996094,65.5401611328125
1711476138.5496707,-0.7314063906669617,-36.979557037353516,65.40249633789062,-0.5509328842163086,-37.28752136230469,64.54186248779297,-0.7251542806625366,-39.01548385620117,63.57969665527344,1.0500048398971558,-38.87480926513672,65.5596923828125
1711476138.559662,-0.7323439121246338,-36.98518371582031,65.40249633789062,-0.5399966239929199,-37.30939865112305,64.56436157226562,-0.7251542806625366,-39.02001190185547,63.57750701904297,1.0228172540664673,-38.864810943603516,65.56016540527344
1711476138.5696657,-0.7323439121246338,-37.03596115112305,65.4084243774414,-0.5399966239929199,-37.337364196777344,64.57998657226562,-0.7001543045043945,-39.02001190185547,63.62797546386719,0.9715673923492432,-38.864810943603516,65.56016540527344
1711476138.57967,-0.7678127288818359,-37.05033874511719,65.43248748779297,-0.5489015579223633,-37.37845993041992,64.58451843261719,-0.6899980902671814,-38.97267150878906,63.654541015625,0.9434423446655273,-38.864810943603516,65.57015991210938
1711476138.5896592,-0.7967188954353333,-37.085182189941406,65.43733978271484,-0.5551528930664062,-37.39268112182617,64.60999298095703,-0.7074980139732361,-38.965641021728516,63.71641540527344,0.9081298112869263,-38.864810943603516,65.57015991210938
1711476138.599656,-0.8285939693450928,-37.14580535888672,65.46155548095703,-0.527651309967041,-37.40752029418945,64.61420440673828,-0.7051543593406677,-38.942359924316406,63.77328872680664,0.8954735994338989,-38.864810943603516,65.57015991210938
1711476138.609672,-0.8300000429153442,-37.18846130371094,65.47030639648438,-0.5173397064208984,-37.427520751953125,64.63998413085938,-0.7468730211257935,-38.97001647949219,63.85860061645508,0.8492235541343689,-38.864810943603516,65.57015991210938
1711476138.6205838,-0.8371877670288086,-37.24658966064453,65.48249053955078,-0.47765254974365234,-37.427520751953125,64.64686584472656,-0.7551541924476624,-38.990482330322266,63.92438507080078,0.8135985732078552,-38.864810943603516,65.58157348632812
1711476138.629657,-0.8400002121925354,-37.30283737182617,65.49484252929688,-0.4643702507019043,-37.43986511230469,64.67467498779297,-0.785154402256012,-38.99001693725586,63.96907424926758,0.7890673279762268,-38.84012222290039,65.58016967773438
1711476138.6396759,-0.8400002121925354,-37.31517791748047,65.51248931884766,-0.4518723487854004,-37.46517562866211,64.68639373779297,-0.785154402256012,-38.99001693725586,64.00704193115234,0.77516108751297,-38.82481384277344,65.60797882080078
1711476138.649676,-0.8400002121925354,-37.34611892700195,65.52405548095703,-0.44640302658081055,-37.47752380371094,64.71764373779297,-0.785154402256012,-38.95298767089844,64.04297637939453,0.7700048685073853,-38.82481384277344,65.61016082763672
1711476138.6597462,-0.8400002121925354,-37.348148345947266,65.54702758789062,-0.429995059967041,-37.49877166748047,64.71998596191406,-0.7743731141090393,-38.95235824584961,64.07907104492188,0.7700048685073853,-38.82481384277344,65.61016082763672
1711476138.6696768,-0.8442190289497375,-37.375179290771484,65.56249237060547,-0.42546510696411133,-37.497520446777344,64.76467895507812,-0.7599979639053345,-38.95235824584961,64.11860656738281,0.7700048685073853,-38.82481384277344,65.62906646728516
1711476138.679673,-0.8634376525878906,-37.375179290771484,65.5804672241211,-0.39499521255493164,-37.517520904541016,64.79373931884766,-0.7599979639053345,-38.95235824584961,64.16453552246094,0.7700048685073853,-38.82481384277344,65.63016510009766
1711476138.6896627,-0.884062647819519,-37.38518142700195,65.60077667236328,-0.36890268325805664,-37.53799057006836,64.84186553955078,-0.7753106951713562,-38.95235824584961,64.24391174316406,0.7700048685073853,-38.82481384277344,65.63328552246094
1711476138.6996856,-0.9092187881469727,-37.424713134765625,65.60249328613281,-0.3198409080505371,-37.53752136230469,64.89982604980469,-0.7951542735099792,-38.95235824584961,64.32923126220703,0.7700048685073853,-38.82481384277344,65.64563751220703
1711476138.7096782,-0.9100001454353333,-37.4251823425293,65.62062072753906,-0.2828097343444824,-37.56861877441406,64.96499633789062,-0.7951542735099792,-38.95235824584961,64.3923568725586,0.7700048685073853,-38.81684112548828,65.6501693725586
1711476138.7196598,-0.9100001454353333,-37.456275939941406,65.62248992919922,-0.21577835083007812,-37.56752014160156,65.0021743774414,-0.8148416876792908,-38.95235824584961,64.4156265258789,0.7700048685073853,-38.8148078918457,65.6712646484375
1711476138.7296822,-0.9100001454353333,-37.45518493652344,65.62248992919922,-0.14765262603759766,-37.57752227783203,65.04139709472656,-0.8151543140411377,-38.95235824584961,64.43750762939453,0.7700048685073853,-38.80418395996094,65.670166015625
1711476138.7396436,-0.9100001454353333,-37.47517776489258,65.64093017578125,-0.07452726364135742,-37.59455490112305,65.05921173095703,-0.8151543140411377,-38.95235824584961,64.45313262939453,0.7700048685073853,-38.8048095703125,65.68375396728516
1711476138.7496607,-0.9100001454353333,-37.49299621582031,65.64249420166016,-0.015151500701904297,-37.61830139160156,65.06998443603516,-0.8151543140411377,-38.942359924316406,64.47953796386719,0.7864110469818115,-38.8048095703125,65.69437408447266
1711476138.7596815,-0.9100001454353333,-37.51518249511719,65.64733123779297,0.04234790802001953,-37.65220642089844,65.09123992919922,-0.7999980449676514,-38.9307975769043,64.47750854492188,0.796098530292511,-38.8048095703125,65.70016479492188
1711476138.7696786,-0.9134376049041748,-37.56611633300781,65.65249633789062,0.08375406265258789,-37.69845962524414,65.09373474121094,-0.7999980449676514,-38.922359466552734,64.51235961914062,0.7951610088348389,-38.8048095703125,65.70016479492188
1711476138.7796848,-0.9300001859664917,-37.59846496582031,65.65249633789062,0.11125326156616211,-37.758460998535156,65.10577392578125,-0.7999980449676514,-38.922359466552734,64.51750946044922,0.8146922588348389,-38.8048095703125,65.71813201904297
1711476138.789681,-0.9300001859664917,-37.6500244140625,65.65249633789062,0.13094186782836914,-37.78111267089844,65.11998748779297,-0.8151543140411377,-38.922359466552734,64.54719543457031,0.8151610493659973,-38.8048095703125,65.72016906738281
1711476138.7996075,-0.9456253051757812,-37.71955490112305,65.66140747070312,0.13766050338745117,-37.85923767089844,65.12748718261719,-0.8192169666290283,-38.922359466552734,64.56891632080078,0.8151610493659973,-38.8048095703125,65.73016357421875
1711476138.8096635,-0.9500003457069397,-37.76971435546875,65.6624984741211,0.1475048065185547,-37.91017532348633,65.13998413085938,-0.8351543545722961,-38.922359466552734,64.57750701904297,0.8151610493659973,-38.79996871948242,65.73016357421875
1711476138.819692,-0.9525001049041748,-37.80549621582031,65.66531372070312,0.16297340393066406,-37.91752243041992,65.14295959472656,-0.8351543545722961,-38.922359466552734,64.62469482421875,0.8151610493659973,-38.7948112487793,65.74954223632812
1711476138.829682,-0.9700000286102295,-37.82252502441406,65.67249298095703,0.21125316619873047,-37.94830322265625,65.15998840332031,-0.8351543545722961,-38.922359466552734,64.6618881225586,0.8210985660552979,-38.7948112487793,65.75735473632812
1711476138.8396862,-0.9762501120567322,-37.835182189941406,65.67249298095703,0.2667236328125,-37.9475212097168,65.15998840332031,-0.8351543545722961,-38.922359466552734,64.72640991210938,0.835161030292511,-38.7948112487793,65.76016235351562
1711476138.8496845,-0.9884375333786011,-37.835182189941406,65.67249298095703,0.318911075592041,-37.95970916748047,65.19233703613281,-0.8351543545722961,-38.912357330322266,64.80906677246094,0.8567235469818115,-38.7948112487793,65.76266479492188
1711476138.85967,-1.0100001096725464,-37.835182189941406,65.6824951171875,0.36750316619873047,-37.96580505371094,65.18998718261719,-0.8454668521881104,-38.912357330322266,64.86907196044922,0.8734424114227295,-38.7948112487793,65.78219604492188
1711476138.8696692,-1.0142189264297485,-37.84080505371094,65.6824951171875,0.38609743118286133,-37.97752380371094,65.19905090332031,-0.8451542258262634,-38.912357330322266,64.9040756225586,0.8851611018180847,-38.7948112487793,65.78016662597656
1711476138.879692,-1.039062738418579,-37.85127258300781,65.6824951171875,0.42125463485717773,-37.99986267089844,65.20999145507812,-0.8515605330467224,-38.912357330322266,64.92750549316406,0.8992236256599426,-38.7948112487793,65.78016662597656
1711476138.8897076,-1.059843897819519,-37.87705993652344,65.6824951171875,0.42000293731689453,-37.997520446777344,65.2170181274414,-0.8671855926513672,-38.912357330322266,64.93063354492188,0.9173485636711121,-38.7948112487793,65.78016662597656
1711476138.8996797,-1.086719036102295,-37.875179290771484,65.6824951171875,0.4417228698730469,-37.997520446777344,65.23967742919922,-0.8651542663574219,-38.912357330322266,64.95750427246094,0.9454735517501831,-38.78480911254883,65.78907012939453
1711476138.9096892,-1.1081252098083496,-37.877681732177734,65.69139862060547,0.4400038719177246,-38.012367248535156,65.24498748779297,-0.8860918879508972,-38.912357330322266,64.95750427246094,0.9914110898971558,-38.78480911254883,65.79016876220703
1711476138.9196947,-1.114375352859497,-37.88518142700195,65.69248962402344,0.45406579971313477,-38.0222053527832,65.27091979980469,-0.8851543068885803,-38.912357330322266,64.97750854492188,1.046567440032959,-38.78480911254883,65.79016876220703
1711476138.929675,-1.1500000953674316,-37.90268325805664,65.69248962402344,0.4600048065185547,-38.04939651489258,65.26998901367188,-0.8851543068885803,-38.90142059326172,64.98329162597656,1.095160961151123,-38.80152893066406,65.79016876220703
1711476138.9396894,-1.1684376001358032,-37.91518020629883,65.69248962402344,0.4600048065185547,-38.047523498535156,65.30030059814453,-0.9056231379508972,-38.89236068725586,64.99969482421875,1.1373486518859863,-38.802467346191406,65.80016326904297
1711476138.949691,-1.1998438835144043,-37.93611526489258,65.69248962402344,0.4700040817260742,-38.047523498535156,65.33061218261719,-0.9051543474197388,-38.89236068725586,65.01969909667969,1.1551611423492432,-38.802467346191406,65.80016326904297
1711476138.9596825,-1.212031602859497,-37.9351806640625,65.69248962402344,0.4700040817260742,-38.067832946777344,65.35030364990234,-0.9340605139732361,-38.89236068725586,65.01750946044922,1.1551611423492432,-38.802467346191406,65.80016326904297
1711476138.9696925,-1.2300002574920654,-37.9451789855957,65.70093536376953,0.4700040817260742,-38.083614349365234,65.38327026367188,-0.9398419260978699,-38.89236068725586,65.04766082763672,1.1551611423492432,-38.7657470703125,65.80016326904297
1711476138.9796722,-1.2300002574920654,-37.967994689941406,65.70248413085938,0.4700040817260742,-38.107521057128906,65.41217803955078,-0.9451544284820557,-38.89236068725586,65.05751037597656,1.1551611423492432,-38.76481246948242,65.80016326904297
1711476138.9896963,-1.2300002574920654,-37.98518371582031,65.70248413085938,0.4700040817260742,-38.149864196777344,65.4318618774414,-0.9657794237136841,-38.88673400878906,65.05751037597656,1.1551611423492432,-38.755279541015625,65.80016326904297
1711476138.9997005,-1.2300002574920654,-38.0272102355957,65.70248413085938,0.4700040817260742,-38.16877365112305,65.46029663085938,-0.9651544094085693,-38.88235855102539,65.09188842773438,1.1551611423492432,-38.75168228149414,65.80016326904297
1711476139.0096774,-1.2300002574920654,-38.02518081665039,65.70248413085938,0.4700040817260742,-38.19080352783203,65.47858428955078,-0.9681231379508972,-38.88235855102539,65.1042251586914,1.1551611423492432,-38.72480773925781,65.80016326904297
1711476139.0196748,-1.2498438358306885,-38.05674362182617,65.70248413085938,0.4778170585632324,-38.23814392089844,65.489990234375,-0.9974979758262634,-38.88235855102539,65.123291015625,1.1551611423492432,-38.72480773925781,65.80016326904297
1711476139.0296955,-1.2500003576278687,-38.09611511230469,65.72249603271484,0.48000335693359375,-38.25048828125,65.51061248779297,-0.9984356760978699,-38.88235855102539,65.14750671386719,1.1551611423492432,-38.704811096191406,65.80016326904297
1711476139.0396862,-1.265312671661377,-38.11893081665039,65.72249603271484,0.48000335693359375,-38.28799057006836,65.5099868774414,-1.0260919332504272,-38.879234313964844,65.18501281738281,1.1551611423492432,-38.690277099609375,65.81016540527344
1711476139.0496764,-1.2699999809265137,-38.207054138183594,65.72249603271484,0.48000335693359375,-38.31127166748047,65.51889038085938,-1.0251543521881104,-38.86235809326172,65.232666015625,1.1551611423492432,-38.66481018066406,65.81016540527344
1711476139.0596983,-1.2699999809265137,-38.253150939941406,65.72249603271484,0.48000335693359375,-38.32752227783203,65.53076934814453,-1.0406231880187988,-38.86235809326172,65.28516387939453,1.1448485851287842,-38.61621856689453,65.81016540527344
1711476139.069706,-1.2699999809265137,-38.2789306640625,65.72249603271484,0.48000335693359375,-38.35127258300781,65.52999114990234,-1.045154333114624,-38.86235809326172,65.32235717773438,1.1400047540664673,-38.60481262207031,65.81016540527344
1711476139.0797455,-1.2699999809265137,-38.315494537353516,65.72249603271484,0.48328399658203125,-38.35752487182617,65.53873443603516,-1.057966947555542,-38.86235809326172,65.37860107421875,1.1323485374450684,-38.54496765136719,65.81016540527344
1711476139.0896308,-1.274375319480896,-38.32518005371094,65.72249603271484,0.4900026321411133,-38.379398345947266,65.54998779296875,-1.075154185295105,-38.86235809326172,65.38219451904297,1.1200047731399536,-38.5179328918457,65.81016540527344
1711476139.0996833,-1.2893750667572021,-38.33658981323242,65.72249603271484,0.49422264099121094,-38.37751770019531,65.54998779296875,-1.093122959136963,-38.86235809326172,65.40969848632812,1.1200047731399536,-38.49481201171875,65.81016540527344
1711476139.1096838,-1.290000081062317,-38.335182189941406,65.72249603271484,0.5000042915344238,-38.37751770019531,65.55545806884766,-1.1257795095443726,-38.86235809326172,65.40750885009766,1.1200047731399536,-38.49481201171875,65.81016540527344
1711476139.1197026,-1.3092190027236938,-38.34736633300781,65.72249603271484,0.5117225646972656,-38.38752365112305,65.56998443603516,-1.1514043807983398,-38.86235809326172,65.4284439086914,1.1200047731399536,-38.49481201171875,65.81016540527344
1711476139.129703,-1.3100000619888306,-38.34939956665039,65.72249603271484,0.5100035667419434,-38.39658737182617,65.56998443603516,-1.1762481927871704,-38.86235809326172,65.43282318115234,1.1200047731399536,-38.49481201171875,65.81016540527344
1711476139.1396804,-1.3100000619888306,-38.35517883300781,65.72577667236328,0.5423474311828613,-38.39752197265625,65.5763931274414,-1.184685468673706,-38.86235809326172,65.43750762939453,1.1200047731399536,-38.49481201171875,65.81016540527344
1711476139.1497076,-1.3100000619888306,-38.361900329589844,65.73249816894531,0.540003776550293,-38.40673828125,65.58999633789062,-1.2071856260299683,-38.86235809326172,65.44188690185547,1.1200047731399536,-38.49481201171875,65.81016540527344
1711476139.1596997,-1.3100000619888306,-38.36518096923828,65.73249816894531,0.579535961151123,-38.40752029418945,65.58999633789062,-1.205154299736023,-38.86235809326172,65.45751190185547,1.13516104221344,-38.49481201171875,65.81016540527344
1711476139.169709,-1.3100000619888306,-38.3748664855957,65.73249816894531,0.6082844734191895,-38.427520751953125,65.58999633789062,-1.2114042043685913,-38.86235809326172,65.45751190185547,1.13516104221344,-38.49481201171875,65.81016540527344
1711476139.1796877,-1.3100000619888306,-38.37518310546875,65.73249816894531,0.6254720687866211,-38.427520751953125,65.58999633789062,-1.2151541709899902,-38.852359771728516,65.463134765625,1.1451611518859863,-38.49481201171875,65.81016540527344
1711476139.1897018,-1.3100000619888306,-38.37518310546875,65.73249816894531,0.6664109230041504,-38.427520751953125,65.59999084472656,-1.2151541709899902,-38.844078063964844,65.47750854492188,1.1451611518859863,-38.49481201171875,65.81016540527344
1711476139.1997108,-1.3100000619888306,-38.37518310546875,65.73249816894531,0.6935977935791016,-38.427520751953125,65.59999084472656,-1.2151541709899902,-38.832359313964844,65.47750854492188,1.1451611518859863,-38.49481201171875,65.81484985351562
1711476139.209702,-1.3100000619888306,-38.37518310546875,65.73249816894531,0.7207846641540527,-38.427520751953125,65.59999084472656,-1.2151541709899902,-38.82376480102539,65.48751068115234,1.1451611518859863,-38.49481201171875,65.8201675415039
1711476139.2196932,-1.3100000619888306,-38.38236999511719,65.73249816894531,0.7635974884033203,-38.43751907348633,65.60482788085938,-1.2151541709899902,-38.82236099243164,65.49594116210938,1.1451611518859863,-38.49481201171875,65.8201675415039
1711476139.22969,-1.2920314073562622,-38.38518142700195,65.73249816894531,0.8096909523010254,-38.43751907348633,65.60999298095703,-1.2151541709899902,-38.81235885620117,65.49751281738281,1.1451611518859863,-38.49481201171875,65.8201675415039
1711476139.2396884,-1.2923439741134644,-38.38518142700195,65.73249816894531,0.8432841300964355,-38.43751907348633,65.60999298095703,-1.2151541709899902,-38.802669525146484,65.49751281738281,1.1451611518859863,-38.49481201171875,65.8201675415039
1711476139.2497137,-1.281406283378601,-38.38518142700195,65.73249816894531,0.885317325592041,-38.43751907348633,65.62185668945312,-1.2151541709899902,-38.8023567199707,65.5182876586914,1.1451611518859863,-38.49481201171875,65.8201675415039
1711476139.2596958,-1.282343864440918,-38.38518142700195,65.73249816894531,0.9239101409912109,-38.43751907348633,65.61998748779297,-1.2151541709899902,-38.79939270019531,65.51750183105469,1.1451611518859863,-38.49481201171875,65.8201675415039
1711476139.2697031,-1.282343864440918,-38.38518142700195,65.74140167236328,0.9520339965820312,-38.43751907348633,65.61998748779297,-1.2151541709899902,-38.7923583984375,65.51750183105469,1.1451611518859863,-38.50981140136719,65.8201675415039
1711476139.2796993,-1.282343864440918,-38.38862228393555,65.74249267578125,0.9762549996376038,-38.450645446777344,65.6299819946289,-1.2151541709899902,-38.786888122558594,65.5378189086914,1.1668798923492432,-38.51246643066406,65.8201675415039
1711476139.2897017,-1.282343864440918,-38.39518356323242,65.74249267578125,0.9900045394897461,-38.457523345947266,65.6299819946289,-1.2151541709899902,-38.77235794067383,65.53750610351562,1.167661190032959,-38.51887512207031,65.8201675415039
1711476139.2997108,-1.282343864440918,-38.39518356323242,65.75233459472656,1.0078167915344238,-38.457523345947266,65.6299819946289,-1.2151541709899902,-38.7667350769043,65.54656982421875,1.186098575592041,-38.52246856689453,65.8201675415039
1711476139.3097067,-1.282343864440918,-38.39518356323242,65.75248718261719,1.0200047492980957,-38.46111297607422,65.63998413085938,-1.2151541709899902,-38.752357482910156,65.5573501586914,1.1851611137390137,-38.532466888427734,65.8201675415039
1711476139.3196883,-1.282343864440918,-38.39971160888672,65.75248718261719,1.0240674018859863,-38.46752166748047,65.63998413085938,-1.2151541709899902,-38.746578216552734,65.55751037597656,1.1851611137390137,-38.54496765136719,65.8201675415039
1711476139.3296676,-1.282343864440918,-38.41518020629883,65.75248718261719,1.0400032997131348,-38.46752166748047,65.64795684814453,-1.2151541709899902,-38.74235534667969,65.56438446044922,1.1851611137390137,-38.552467346191406,65.8201675415039
1711476139.3396244,-1.282343864440918,-38.42470932006836,65.75248718261719,1.0400032997131348,-38.47752380371094,65.64998626708984,-1.2151541709899902,-38.735328674316406,65.5875015258789,1.1851611137390137,-38.552467346191406,65.8201675415039
1711476139.3496983,-1.282343864440918,-38.4351806640625,65.75248718261719,1.0600042343139648,-38.47752380371094,65.64998626708984,-1.2254667282104492,-38.73236083984375,65.5875015258789,1.1851611137390137,-38.552467346191406,65.8201675415039
1711476139.3597162,-1.282343864440918,-38.461116790771484,65.75248718261719,1.0634422302246094,-38.47752380371094,65.65858459472656,-1.2251543998718262,-38.72235870361328,65.60797882080078,1.1934423446655273,-38.552467346191406,65.8201675415039
1711476139.3697166,-1.2964063882827759,-38.465179443359375,65.7601547241211,1.08109712600708,-38.47752380371094,65.65999603271484,-1.234060525894165,-38.72235870361328,65.60751342773438,1.1951611042022705,-38.5587158203125,65.8201675415039
1711476139.3797216,-1.3000003099441528,-38.49565124511719,65.76248931884766,1.080002784729004,-38.47752380371094,65.66311645507812,-1.2351542711257935,-38.72235870361328,65.62828826904297,1.1951611042022705,-38.56246566772461,65.8201675415039
1711476139.3896632,-1.3051563501358032,-38.498931884765625,65.76248931884766,1.0909414291381836,-38.47752380371094,65.66999053955078,-1.2421854734420776,-38.72235870361328,65.63719940185547,1.1951611042022705,-38.571998596191406,65.8201675415039
1711476139.3996723,-1.3100000619888306,-38.535179138183594,65.76248931884766,1.0900044441223145,-38.489864349365234,65.66999053955078,-1.2451545000076294,-38.72235870361328,65.64453887939453,1.1951611042022705,-38.57246398925781,65.8201675415039
1711476139.4096968,-1.3100000619888306,-38.57174301147461,65.76248931884766,1.0900044441223145,-38.48752212524414,65.67654418945312,-1.2657793760299683,-38.72235870361328,65.65750885009766,1.1951611042022705,-38.57246398925781,65.8201675415039
1711476139.4197114,-1.3100000619888306,-38.59518051147461,65.76248931884766,1.0946917533874512,-38.48752212524414,65.67998504638672,-1.265154242515564,-38.72235870361328,65.68203735351562,1.1951611042022705,-38.57246398925781,65.8201675415039
1711476139.4297101,-1.3100000619888306,-38.656429290771484,65.76248931884766,1.100003719329834,-38.48752212524414,65.68264770507812,-1.278279423713684,-38.72235870361328,65.68750762939453,1.1951611042022705,-38.580745697021484,65.8201675415039
1711476139.4397082,-1.3100000619888306,-38.670963287353516,65.76248931884766,1.100003719329834,-38.48752212524414,65.68998718261719,-1.2851542234420776,-38.72235870361328,65.69141387939453,1.1951611042022705,-38.59246826171875,65.8201675415039
1711476139.449649,-1.3100000619888306,-38.726585388183594,65.76248931884766,1.100003719329834,-38.49158477783203,65.68998718261719,-1.2851542234420776,-38.72235870361328,65.71829223632812,1.1951611042022705,-38.59246826171875,65.8201675415039
1711476139.46099,-1.3100000619888306,-38.742679595947266,65.76248931884766,1.100003719329834,-38.497520446777344,65.69905853271484,-1.2921854257583618,-38.72235870361328,65.7175064086914,1.1951611042022705,-38.59246826171875,65.8201675415039
1711476139.46972,-1.3100000619888306,-38.75518035888672,65.767333984375,1.100003719329834,-38.497520446777344,65.69998168945312,-1.295154333114624,-38.72235870361328,65.7175064086914,1.1951611042022705,-38.5999641418457,65.8201675415039
1711476139.4797213,-1.3100000619888306,-38.7611198425293,65.77249145507812,1.1100029945373535,-38.497520446777344,65.70748901367188,-1.295154333114624,-38.72235870361328,65.74891662597656,1.1951611042022705,-38.60246658325195,65.8201675415039
1711476139.4897234,-1.3100000619888306,-38.76518249511719,65.77249145507812,1.120004653930664,-38.497520446777344,65.70999145507812,-1.297810673713684,-38.72235870361328,65.74751281738281,1.1951611042022705,-38.62199783325195,65.8201675415039
1711476139.4997015,-1.3179689645767212,-38.76518249511719,65.77249145507812,1.126410961151123,-38.497520446777344,65.71623992919922,-1.3051543235778809,-38.72235870361328,65.74751281738281,1.1951611042022705,-38.63246154785156,65.8201675415039
1711476139.5097175,-1.3200002908706665,-38.76518249511719,65.77249145507812,1.1400032043457031,-38.497520446777344,65.7199935913086,-1.3051543235778809,-38.73704528808594,65.76797485351562,1.1951611042022705,-38.6424674987793,65.82859802246094
1711476139.5197065,-1.3200002908706665,-38.76518249511719,65.77249145507812,1.1245346069335938,-38.497520446777344,65.7199935913086,-1.3051543235778809,-38.740013122558594,65.76750946044922,1.1951611042022705,-38.65230941772461,65.83016967773438
1711476139.5296984,-1.3200002908706665,-38.76518249511719,65.77249145507812,1.1248469352722168,-38.497520446777344,65.73873901367188,-1.3051543235778809,-38.740013122558594,65.76750946044922,1.1951611042022705,-38.652469635009766,65.83016967773438
1711476139.5397632,-1.3200002908706665,-38.76518249511719,65.77249145507812,1.120004653930664,-38.497520446777344,65.739990234375,-1.3051543235778809,-38.74923324584961,65.76750946044922,1.1951611042022705,-38.652469635009766,65.83016967773438
1711476139.5497043,-1.3200002908706665,-38.76518249511719,65.77249145507812,1.0948467254638672,-38.497520446777344,65.739990234375,-1.289997935295105,-38.75001525878906,65.77641296386719,1.1951611042022705,-38.652469635009766,65.83016967773438
1711476139.5597296,-1.3200002908706665,-38.76518249511719,65.77249145507812,1.0948467254638672,-38.497520446777344,65.76092529296875,-1.289997935295105,-38.722984313964844,65.77750396728516,1.1951611042022705,-38.652469635009766,65.83016967773438
1711476139.5697064,-1.3200002908706665,-38.76518249511719,65.77249145507812,1.074378490447998,-38.497520446777344,65.7599868774414,-1.289997935295105,-38.72235870361328,65.77750396728516,1.1800048351287842,-38.63637161254883,65.83016967773438
1711476139.5796752,-1.3200002908706665,-38.76518249511719,65.77249145507812,1.0748481750488281,-38.497520446777344,65.7599868774414,-1.289997935295105,-38.71438980102539,65.77750396728516,1.1800048351287842,-38.62480926513672,65.83016967773438
1711476139.5897255,-1.3200002908706665,-38.76518249511719,65.77249145507812,1.0532855987548828,-38.497520446777344,65.76920318603516,-1.289997935295105,-38.71235656738281,65.78313446044922,1.1725049018859863,-38.62480926513672,65.83016967773438
1711476139.5997174,-1.3175002336502075,-38.76518249511719,65.77249145507812,1.054847240447998,-38.497520446777344,65.77999114990234,-1.289997935295105,-38.71235656738281,65.78750610351562,1.1700048446655273,-38.62480926513672,65.83016967773438
1711476139.6097326,-1.3023438453674316,-38.76518249511719,65.77249145507812,1.034848690032959,-38.497520446777344,65.77999114990234,-1.289997935295105,-38.71235656738281,65.78750610351562,1.1700048446655273,-38.62480926513672,65.83016967773438
1711476139.619719,-1.292968988418579,-38.76518249511719,65.77249145507812,1.034848690032959,-38.497520446777344,65.78780364990234,-1.289997935295105,-38.71235656738281,65.78750610351562,1.1700048446655273,-38.62480926513672,65.83016967773438
1711476139.6296458,-1.2923439741134644,-38.76518249511719,65.77249145507812,1.034848690032959,-38.497520446777344,65.78780364990234,-1.2860918045043945,-38.71235656738281,65.79016876220703,1.1700048446655273,-38.62480926513672,65.83016967773438
1711476139.6397119,-1.2923439741134644,-38.76518249511719,65.77249145507812,1.034848690032959,-38.497520446777344,65.80998992919922,-1.2799981832504272,-38.71235656738281,65.79751586914062,1.1700048446655273,-38.62480926513672,65.83016967773438
1711476139.6497083,-1.2812501192092896,-38.76518249511719,65.77249145507812,1.034848690032959,-38.497520446777344,65.81592559814453,-1.2799981832504272,-38.71235656738281,65.79751586914062,1.1700048446655273,-38.62480926513672,65.83016967773438
1711476139.659738,-1.282343864440918,-38.75346374511719,65.77249145507812,1.034848690032959,-38.505645751953125,65.82998657226562,-1.2585917711257935,-38.692359924316406,65.79751586914062,1.1700048446655273,-38.62480926513672,65.83016967773438
1711476139.6697333,-1.262500286102295,-38.74752426147461,65.77936553955078,1.034848690032959,-38.50752258300781,65.85092163085938,-1.259998083114624,-38.692359924316406,65.79751586914062,1.1700048446655273,-38.62480926513672,65.83016967773438
1711476139.67973,-1.2623438835144043,-38.74752426147461,65.78250122070312,1.034848690032959,-38.50752258300781,65.84999084472656,-1.2514042854309082,-38.68282699584961,65.79751586914062,1.1700048446655273,-38.62480926513672,65.83016967773438
1711476139.6897132,-1.2370314598083496,-38.738304138183594,65.78250122070312,1.034848690032959,-38.50752258300781,65.86920928955078,-1.2499982118606567,-38.6790771484375,65.79751586914062,1.1700048446655273,-38.62480926513672,65.83016967773438
1711476139.6997144,-1.2323439121246338,-38.737525939941406,65.78250122070312,1.034848690032959,-38.50752258300781,65.88092803955078,-1.2499982118606567,-38.66236114501953,65.79751586914062,1.1851611137390137,-38.62480926513672,65.83016967773438
1711476139.7097208,-1.2114062309265137,-38.72752380371094,65.78250122070312,1.034848690032959,-38.50752258300781,65.87998962402344,-1.2399981021881104,-38.66236114501953,65.79751586914062,1.1851611137390137,-38.651214599609375,65.83016967773438
1711476139.7197392,-1.2123438119888306,-38.7220573425293,65.78250122070312,1.034848690032959,-38.50752258300781,65.88998413085938,-1.2399981021881104,-38.66236114501953,65.79751586914062,1.1851611137390137,-38.66824722290039,65.83016967773438
1711476139.7297115,-1.2123438119888306,-38.717525482177734,65.78250122070312,1.034848690032959,-38.50752258300781,65.89873504638672,-1.2399981021881104,-38.66236114501953,65.79751586914062,1.1851611137390137,-38.682464599609375,65.83016967773438
1711476139.7397478,-1.2023440599441528,-38.717525482177734,65.78250122070312,1.0048484802246094,-38.50752258300781,65.89999389648438,-1.2399981021881104,-38.66236114501953,65.79751586914062,1.1590672731399536,-38.682464599609375,65.83016967773438
1711476139.7497218,-1.2023440599441528,-38.717525482177734,65.78250122070312,0.9895347952842712,-38.50752258300781,65.91155242919922,-1.2399981021881104,-38.66236114501953,65.80220031738281,1.1600048542022705,-38.682464599609375,65.83016967773438
1711476139.7597156,-1.2023440599441528,-38.717525482177734,65.78250122070312,0.9531283974647522,-38.50752258300781,65.90998840332031,-1.2399981021881104,-38.66236114501953,65.80751037597656,1.121098518371582,-38.64262390136719,65.83016967773438
1711476139.7697399,-1.2023440599441528,-38.717525482177734,65.78250122070312,0.9376598000526428,-38.49236297607422,65.90998840332031,-1.2399981021881104,-38.66236114501953,65.80751037597656,1.1082861423492432,-38.60356140136719,65.83016967773438
1711476139.779731,-1.2023440599441528,-38.717525482177734,65.78250122070312,0.9248470664024353,-38.50752258300781,65.90998840332031,-1.2654668092727661,-38.66236114501953,65.80751037597656,1.0731298923492432,-38.57027816772461,65.83016967773438
1711476139.789718,-1.2023440599441528,-38.717525482177734,65.78811645507812,0.9028171896934509,-38.50752258300781,65.90998840332031,-1.265154242515564,-38.66236114501953,65.80751037597656,1.0398485660552979,-38.5391845703125,65.83016967773438
1711476139.7997453,-1.2023440599441528,-38.717525482177734,65.79249572753906,0.9048485159873962,-38.50752258300781,65.90998840332031,-1.265154242515564,-38.68001174926758,65.81751251220703,1.0100047588348389,-38.5135612487793,65.83016967773438
1711476139.8097475,-1.2023440599441528,-38.717525482177734,65.79249572753906,0.8953166604042053,-38.50752258300781,65.90998840332031,-1.265154242515564,-38.684078216552734,65.81751251220703,0.9832860231399536,-38.51481246948242,65.83016967773438
1711476139.819661,-1.1817190647125244,-38.717525482177734,65.79249572753906,0.8948469161987305,-38.50752258300781,65.90998840332031,-1.2524980306625366,-38.69001388549805,65.81751251220703,0.9800048470497131,-38.51481246948242,65.83016967773438
1711476139.829717,-1.179687738418579,-38.70768356323242,65.79249572753906,0.8948469161987305,-38.50752258300781,65.90998840332031,-1.2499982118606567,-38.69001388549805,65.81751251220703,0.9800048470497131,-38.53121566772461,65.83016967773438
1711476139.8397443,-1.1412501335144043,-38.703617095947266,65.79249572753906,0.9037542343139648,-38.50752258300781,65.90998840332031,-1.2499982118606567,-38.69001388549805,65.81751251220703,0.9926610589027405,-38.537776947021484,65.83016967773438
1711476139.849777,-1.1387503147125244,-38.687522888183594,65.79249572753906,0.9157848358154297,-38.50752258300781,65.90998840332031,-1.244216799736023,-38.672359466552734,65.81751251220703,1.0600048303604126,-38.54246520996094,65.83016967773438
1711476139.8597417,-1.106250286102295,-38.687522888183594,65.79249572753906,0.9400033950805664,-38.517208099365234,65.90998840332031,-1.2399981021881104,-38.66798400878906,65.81751251220703,1.1131298542022705,-38.54246520996094,65.83016967773438
1711476139.8696957,-1.1023437976837158,-38.687522888183594,65.79249572753906,0.9806299209594727,-38.52924346923828,65.90998840332031,-1.2370294332504272,-38.65235900878906,65.81751251220703,1.1567234992980957,-38.55684280395508,65.83016967773438
1711476139.8805149,-1.0856252908706665,-38.687522888183594,65.79249572753906,0.9825038909912109,-38.527523040771484,65.90998840332031,-1.2178105115890503,-38.64813995361328,65.81751251220703,1.172036051750183,-38.57793045043945,65.83016967773438
1711476139.889726,-1.0823440551757812,-38.687522888183594,65.79249572753906,1.0098481178283691,-38.527523040771484,65.90998840332031,-1.2199980020523071,-38.633609771728516,65.81751251220703,1.195473551750183,-38.610591888427734,65.83016967773438
1711476139.8997416,-1.0823440551757812,-38.687522888183594,65.79249572753906,1.016097068786621,-38.5334587097168,65.90998840332031,-1.2199980020523071,-38.61766815185547,65.81751251220703,1.1951611042022705,-38.61762237548828,65.83016967773438
1711476139.909739,-1.0712502002716064,-38.687522888183594,65.79249572753906,1.0334420204162598,-38.54533386230469,65.90998840332031,-1.2199980020523071,-38.602359771728516,65.81751251220703,1.1951611042022705,-38.6424674987793,65.83016967773438
1711476139.919781,-1.0723439455032349,-38.687522888183594,65.79249572753906,1.061253547668457,-38.551429748535156,65.90998840332031,-1.2199980020523071,-38.59720230102539,65.81751251220703,1.1951611042022705,-38.6424674987793,65.83016967773438
1711476139.9297314,-1.0723439455032349,-38.687522888183594,65.79249572753906,1.0600042343139648,-38.56752014160156,65.90998840332031,-1.2099981307983398,-38.58235549926758,65.81751251220703,1.1951611042022705,-38.652469635009766,65.83016967773438
1711476139.9397168,-1.0723439455032349,-38.687522888183594,65.79249572753906,1.0790657997131348,-38.56752014160156,65.90998840332031,-1.1999980211257935,-38.57704544067383,65.81751251220703,1.1951611042022705,-38.657936096191406,65.83016967773438
1711476139.949755,-1.0723439455032349,-38.687522888183594,65.79249572753906,1.080002784729004,-38.58845901489258,65.90998840332031,-1.1909356117248535,-38.56236267089844,65.81751251220703,1.1951611042022705,-38.67246627807617,65.83016967773438
1711476139.9597452,-1.0723439455032349,-38.687522888183594,65.80030822753906,1.0853171348571777,-38.60205078125,65.90998840332031,-1.1899981498718262,-38.559234619140625,65.81751251220703,1.1951611042022705,-38.70121765136719,65.83016967773438
1711476139.9697244,-1.0723439455032349,-38.687522888183594,65.802490234375,1.100003719329834,-38.61751937866211,65.90998840332031,-1.1899981498718262,-38.5523567199707,65.81751251220703,1.1951611042022705,-38.712467193603516,65.83016967773438
1711476139.9797513,-1.0723439455032349,-38.687522888183594,65.802490234375,1.100003719329834,-38.638614654541016,65.89482879638672,-1.1899981498718262,-38.5523567199707,65.81751251220703,1.1951611042022705,-38.75840377807617,65.83016967773438
1711476139.9896896,-1.0723439455032349,-38.687522888183594,65.802490234375,1.1089110374450684,-38.63752365112305,65.89482879638672,-1.1899981498718262,-38.5523567199707,65.81751251220703,1.1951611042022705,-38.76246643066406,65.83016967773438
1711476140.0001864,-1.0723439455032349,-38.687522888183594,65.802490234375,1.1100029945373535,-38.65314865112305,65.89482879638672,-1.1899981498718262,-38.5523567199707,65.81751251220703,1.1951611042022705,-38.8009033203125,65.83016967773438
1711476140.0097706,-1.0723439455032349,-38.687522888183594,65.802490234375,1.1100029945373535,-38.65752029418945,65.89482879638672,-1.1899981498718262,-38.5523567199707,65.81751251220703,1.1951611042022705,-38.802467346191406,65.83016967773438
1711476140.0197563,-1.0723439455032349,-38.687522888183594,65.802490234375,1.1100029945373535,-38.65752029418945,65.89482879638672,-1.1899981498718262,-38.5523567199707,65.81751251220703,1.1951611042022705,-38.81074905395508,65.83016967773438
1711476140.0297544,-1.0723439455032349,-38.687522888183594,65.802490234375,1.0837531089782715,-38.66752243041992,65.89482879638672,-1.1899981498718262,-38.5523567199707,65.81751251220703,1.1800048351287842,-38.81246566772461,65.83016967773438
1711476140.0398414,-1.0723439455032349,-38.687522888183594,65.802490234375,1.0848474502563477,-38.69845962524414,65.89482879638672,-1.1899981498718262,-38.5523567199707,65.82750701904297,1.1739110946655273,-38.80059051513672,65.83016967773438
1711476140.0497205,-1.0723439455032349,-38.687522888183594,65.802490234375,1.0793781280517578,-38.70939636230469,65.89482879638672,-1.1899981498718262,-38.5523567199707,65.82750701904297,1.1673485040664673,-38.78480911254883,65.8337631225586
1711476140.0604465,-1.0723439455032349,-38.687522888183594,65.802490234375,1.0625028610229492,-38.70939636230469,65.89482879638672,-1.1899981498718262,-38.5523567199707,65.82750701904297,1.1600048542022705,-38.78480911254883,65.84017181396484
1711476140.0697393,-1.0831252336502075,-38.687522888183594,65.802490234375,1.0918784141540527,-38.763301849365234,65.88951873779297,-1.1899981498718262,-38.5523567199707,65.82750701904297,1.1600048542022705,-38.78480911254883,65.84017181396484
1711476140.0797565,-1.1100002527236938,-38.7064323425293,65.802490234375,1.0900044441223145,-38.78455352783203,65.88483428955078,-1.1899981498718262,-38.5523567199707,65.82750701904297,1.1600048542022705,-38.78480911254883,65.84017181396484
1711476140.0897532,-1.1439063549041748,-38.70518493652344,65.802490234375,1.0900044441223145,-38.80939865112305,65.88483428955078,-1.1899981498718262,-38.5523567199707,65.82750701904297,1.1600048542022705,-38.78480911254883,65.84017181396484
1711476140.099742,-1.1637502908706665,-38.70518493652344,65.802490234375,1.1214089393615723,-38.81549072265625,65.88483428955078,-1.1839044094085693,-38.5523567199707,65.82750701904297,1.1600048542022705,-38.77934265136719,65.84017181396484
1711476140.1097295,-1.1800003051757812,-38.70518493652344,65.802490234375,1.120004653930664,-38.82752227783203,65.88483428955078,-1.1799981594085693,-38.5523567199707,65.82750701904297,1.1600048542022705,-38.774810791015625,65.84017181396484
1711476140.1197953,-1.189844012260437,-38.70518493652344,65.802490234375,1.120004653930664,-38.837364196777344,65.88483428955078,-1.1799981594085693,-38.5523567199707,65.82750701904297,1.1600048542022705,-38.774810791015625,65.84017181396484
1711476140.1297433,-1.1948438882827759,-38.70518493652344,65.802490234375,1.1270356178283691,-38.837520599365234,65.87483978271484,-1.1799981594085693,-38.5523567199707,65.82750701904297,1.1600048542022705,-38.774810791015625,65.84017181396484
1711476140.1397622,-1.2000000476837158,-38.70518493652344,65.802490234375,1.1400032043457031,-38.84877014160156,65.87483978271484,-1.1935919523239136,-38.5523567199707,65.82750701904297,1.1600048542022705,-38.791683197021484,65.84017181396484
1711476140.1497383,-1.202968955039978,-38.70518493652344,65.802490234375,1.1432862281799316,-38.8475227355957,65.87483978271484,-1.205154299736023,-38.57173156738281,65.82750701904297,1.1753172874450684,-38.79246520996094,65.84017181396484
1711476140.159744,-1.2298437356948853,-38.70518493652344,65.81233978271484,1.1814093589782715,-38.8475227355957,65.87483978271484,-1.2149980068206787,-38.57001495361328,65.82750701904297,1.1751610040664673,-38.80168151855469,65.84017181396484
1711476140.1697557,-1.235312819480896,-38.70518493652344,65.81249237060547,1.1879730224609375,-38.8475227355957,65.87483978271484,-1.2351542711257935,-38.579078674316406,65.82750701904297,1.1751610040664673,-38.802467346191406,65.84017181396484
1711476140.1796854,-1.2600001096725464,-38.70518493652344,65.81249237060547,1.1900043487548828,-38.8475227355957,65.87483978271484,-1.2351542711257935,-38.580013275146484,65.82750701904297,1.1460986137390137,-38.77012252807617,65.84017181396484
1711476140.1897507,-1.2699999809265137,-38.71518325805664,65.81249237060547,1.1900043487548828,-38.8475227355957,65.87155151367188,-1.2351542711257935,-38.580013275146484,65.82750701904297,1.1268798112869263,-38.74964904785156,65.84017181396484
1711476140.1997423,-1.2699999809265137,-38.71518325805664,65.81249237060547,1.1900043487548828,-38.8475227355957,65.86483001708984,-1.2351542711257935,-38.580013275146484,65.83391571044922,1.0878173112869263,-38.70402526855469,65.84017181396484
1711476140.2097561,-1.2699999809265137,-38.71518325805664,65.81249237060547,1.1534404754638672,-38.8475227355957,65.86483001708984,-1.2351542711257935,-38.580013275146484,65.8375015258789,1.090004801750183,-38.67543411254883,65.84017181396484
1711476140.2197652,-1.2699999809265137,-38.71518325805664,65.81249237060547,1.1496901512145996,-38.8475227355957,65.86483001708984,-1.2351542711257935,-38.580013275146484,65.8375015258789,1.070004940032959,-38.64137268066406,65.84017181396484
1711476140.2296684,-1.2699999809265137,-38.71518325805664,65.81249237060547,1.1140656471252441,-38.8475227355957,65.86483001708984,-1.2351542711257935,-38.580013275146484,65.8375015258789,1.070004940032959,-38.59746170043945,65.84017181396484
1711476140.2397492,-1.2699999809265137,-38.71518325805664,65.81249237060547,1.1148476600646973,-38.8475227355957,65.86483001708984,-1.2351542711257935,-38.580013275146484,65.8375015258789,1.0953173637390137,-38.59074401855469,65.84017181396484
1711476140.249756,-1.2518751621246338,-38.71518325805664,65.81249237060547,1.1148476600646973,-38.8475227355957,65.86483001708984,-1.2351542711257935,-38.580013275146484,65.8375015258789,1.1218798160552979,-38.57481002807617,65.84017181396484
1711476140.2597818,-1.2523438930511475,-38.71518325805664,65.81249237060547,1.172192096710205,-38.8475227355957,65.86483001708984,-1.2351542711257935,-38.580013275146484,65.8375015258789,1.175942301750183,-38.57481002807617,65.84017181396484
1711476140.2697809,-1.2523438930511475,-38.71518325805664,65.81249237060547,1.2257862091064453,-38.8475227355957,65.86483001708984,-1.2199980020523071,-38.580013275146484,65.8375015258789,1.1789110898971558,-38.59590530395508,65.84017181396484
1711476140.2798288,-1.2523438930511475,-38.71518325805664,65.81249237060547,1.2975049018859863,-38.8475227355957,65.86483001708984,-1.2199980020523071,-38.580013275146484,65.8375015258789,1.2075047492980957,-38.62137222290039,65.84017181396484
1711476140.2896945,-1.2523438930511475,-38.71518325805664,65.81249237060547,1.367659568786621,-38.8475227355957,65.86483001708984,-1.2199980020523071,-38.580013275146484,65.8375015258789,1.2051610946655273,-38.67012023925781,65.84017181396484
1711476140.299692,-1.2523438930511475,-38.71518325805664,65.81249237060547,1.400315761566162,-38.8475227355957,65.86483001708984,-1.2199980020523071,-38.580013275146484,65.8375015258789,1.2051610946655273,-38.67246627807617,65.84017181396484
1711476140.3097637,-1.2523438930511475,-38.71518325805664,65.81249237060547,1.4306282997131348,-38.8475227355957,65.86483001708984,-1.217029333114624,-38.580013275146484,65.8375015258789,1.2051610946655273,-38.68012237548828,65.84017181396484
1711476140.319741,-1.2523438930511475,-38.71518325805664,65.81249237060547,1.4300036430358887,-38.8475227355957,65.86483001708984,-1.1899981498718262,-38.580013275146484,65.8375015258789,1.2051610946655273,-38.682464599609375,65.84017181396484
1711476140.329759,-1.2523438930511475,-38.71518325805664,65.81249237060547,1.4300036430358887,-38.83236312866211,65.86483001708984,-1.1899981498718262,-38.580013275146484,65.8375015258789,1.188910961151123,-38.677310943603516,65.84017181396484
1711476140.3398292,-1.2523438930511475,-38.71518325805664,65.81249237060547,1.4159417152404785,-38.83236312866211,65.86483001708984,-1.1899981498718262,-38.580013275146484,65.8375015258789,1.190004825592041,-38.63481140136719,65.84017181396484
1711476140.3497486,-1.2523438930511475,-38.71518325805664,65.81249237060547,1.4048480987548828,-38.83236312866211,65.86483001708984,-1.1899981498718262,-38.580013275146484,65.8375015258789,1.1684422492980957,-38.615745544433594,65.84017181396484
1711476140.3597405,-1.2523438930511475,-38.7025260925293,65.81249237060547,1.4048480987548828,-38.83236312866211,65.86483001708984,-1.1899981498718262,-38.580013275146484,65.8375015258789,1.1803174018859863,-38.59480667114258,65.84017181396484
1711476140.3697424,-1.2523438930511475,-38.69752502441406,65.81249237060547,1.4048480987548828,-38.83236312866211,65.86483001708984,-1.1899981498718262,-38.580013275146484,65.8375015258789,1.1951611042022705,-38.59480667114258,65.84017181396484
1711476140.379779,-1.2523438930511475,-38.69752502441406,65.8224868774414,1.4307856559753418,-38.83236312866211,65.86483001708984,-1.1899981498718262,-38.580013275146484,65.8375015258789,1.20937979221344,-38.59480667114258,65.84017181396484
1711476140.389761,-1.2523438930511475,-38.69752502441406,65.8224868774414,1.4400029182434082,-38.83236312866211,65.86483001708984,-1.2076544761657715,-38.60157775878906,65.8375015258789,1.2273486852645874,-38.63996505737305,65.84017181396484
1711476140.399821,-1.2523438930511475,-38.69752502441406,65.8224868774414,1.4435982704162598,-38.83236312866211,65.86483001708984,-1.2251543998718262,-38.60001754760742,65.8375015258789,1.225161075592041,-38.67403030395508,65.84017181396484
1711476140.4097412,-1.2523438930511475,-38.69752502441406,65.8224868774414,1.4600038528442383,-38.83236312866211,65.86483001708984,-1.2251543998718262,-38.60001754760742,65.8375015258789,1.225161075592041,-38.69246292114258,65.84017181396484
1711476140.4197145,-1.2523438930511475,-38.69752502441406,65.8224868774414,1.4600038528442383,-38.83236312866211,65.86483001708984,-1.2251543998718262,-38.60001754760742,65.8375015258789,1.2087548971176147,-38.69246292114258,65.84017181396484
1711476140.429748,-1.2523438930511475,-38.69752502441406,65.8224868774414,1.4600038528442383,-38.83236312866211,65.86483001708984,-1.198435664176941,-38.60001754760742,65.8375015258789,1.2100048065185547,-38.69246292114258,65.84017181396484
1711476140.4397764,-1.2523438930511475,-38.687522888183594,65.8224868774414,1.4348483085632324,-38.82017517089844,65.86483001708984,-1.1999980211257935,-38.60001754760742,65.8375015258789,1.190004825592041,-38.69246292114258,65.84017181396484
1711476140.4497652,-1.2523438930511475,-38.687522888183594,65.8224868774414,1.4028167724609375,-38.81236267089844,65.86483001708984,-1.1999980211257935,-38.60001754760742,65.8375015258789,1.190004825592041,-38.66496276855469,65.84017181396484
1711476140.459775,-1.2523438930511475,-38.687522888183594,65.8224868774414,1.379377841949463,-38.81236267089844,65.86483001708984,-1.1999980211257935,-38.60001754760742,65.8375015258789,1.15859854221344,-38.654808044433594,65.84017181396484
1711476140.4697618,-1.2523438930511475,-38.687522888183594,65.8224868774414,1.3510966300964355,-38.802364349365234,65.86483001708984,-1.1999980211257935,-38.60001754760742,65.8375015258789,1.1600048542022705,-38.59700012207031,65.84017181396484
1711476140.4797025,-1.2523438930511475,-38.687522888183594,65.8224868774414,1.3448476791381836,-38.793617248535156,65.86123657226562,-1.1999980211257935,-38.60001754760742,65.8375015258789,1.1400047540664673,-38.567935943603516,65.84017181396484
1711476140.4897473,-1.2523438930511475,-38.687522888183594,65.8224868774414,1.3310980796813965,-38.7923698425293,65.8448257446289,-1.1999980211257935,-38.60001754760742,65.8375015258789,1.1400047540664673,-38.5448112487793,65.84017181396484
1711476140.4997714,-1.2523438930511475,-38.687522888183594,65.8224868774414,1.3248467445373535,-38.7923698425293,65.8448257446289,-1.1999980211257935,-38.60001754760742,65.8375015258789,1.1279735565185547,-38.530277252197266,65.84017181396484
1711476140.5097764,-1.2523438930511475,-38.687522888183594,65.8224868774414,1.3248467445373535,-38.7923698425293,65.8448257446289,-1.1999980211257935,-38.60001754760742,65.8375015258789,1.1300047636032104,-38.52480697631836,65.84017181396484
1711476140.5197809,-1.2523438930511475,-38.679710388183594,65.8224868774414,1.3248467445373535,-38.7923698425293,65.8448257446289,-1.1999980211257935,-38.60001754760742,65.8375015258789,1.1300047636032104,-38.52480697631836,65.84017181396484
1711476140.5297804,-1.2523438930511475,-38.67752456665039,65.8224868774414,1.3248467445373535,-38.77033615112305,65.83483123779297,-1.1999980211257935,-38.60001754760742,65.8375015258789,1.1300047636032104,-38.52480697631836,65.84017181396484
1711476140.5397666,-1.2523438930511475,-38.67752456665039,65.8224868774414,1.3248467445373535,-38.77033615112305,65.83483123779297,-1.1999980211257935,-38.60001754760742,65.8375015258789,1.1551611423492432,-38.54246520996094,65.84017181396484
1711476140.5497615,-1.2523438930511475,-38.67752456665039,65.8224868774414,1.3248467445373535,-38.77236557006836,65.82483673095703,-1.1999980211257935,-38.60001754760742,65.8375015258789,1.1551611423492432,-38.54246520996094,65.84017181396484
1711476140.5597775,-1.2450001239776611,-38.67752456665039,65.8224868774414,1.321566104888916,-38.77236557006836,65.82483673095703,-1.1999980211257935,-38.62079620361328,65.8375015258789,1.1621923446655273,-38.54246520996094,65.84017181396484
1711476140.5697713,-1.2326565980911255,-38.67752456665039,65.8224868774414,1.302504539489746,-38.75345993041992,65.82483673095703,-1.1999980211257935,-38.62626647949219,65.8375015258789,1.1651610136032104,-38.54246520996094,65.84017181396484
1711476140.579758,-1.2223440408706665,-38.67752456665039,65.8224868774414,1.2995362281799316,-38.742366790771484,65.82139587402344,-1.1999980211257935,-38.65548324584961,65.8375015258789,1.1651610136032104,-38.54887390136719,65.84017181396484
1711476140.5896742,-1.2084376811981201,-38.67752456665039,65.8224868774414,1.2642216682434082,-38.72080612182617,65.81483459472656,-1.1999980211257935,-38.67329406738281,65.8375015258789,1.1651610136032104,-38.56246566772461,65.84017181396484
1711476140.5997517,-1.2023440599441528,-38.67752456665039,65.8224868774414,1.2548470497131348,-38.72236633300781,65.81483459472656,-1.1999980211257935,-38.69001388549805,65.8375015258789,1.1651610136032104,-38.56246566772461,65.84017181396484
1711476140.6097648,-1.2023440599441528,-38.67752456665039,65.8224868774414,1.2339091300964355,-38.72236633300781,65.81483459472656,-1.1681231260299683,-38.69001388549805,65.8375015258789,1.1651610136032104,-38.56246566772461,65.84017181396484
1711476140.6197996,-1.1912500858306885,-38.67752456665039,65.8224868774414,1.2348484992980957,-38.72236633300781,65.81483459472656,-1.169998049736023,-38.69001388549805,65.8375015258789,1.1651610136032104,-38.56246566772461,65.84017181396484
1711476140.6297743,-1.192343831062317,-38.67752456665039,65.8224868774414,1.2348484992980957,-38.72236633300781,65.81483459472656,-1.1276543140411377,-38.69001388549805,65.8375015258789,1.1651610136032104,-38.56543731689453,65.84017181396484
1711476140.639776,-1.192343831062317,-38.67752456665039,65.8224868774414,1.2546920776367188,-38.712364196777344,65.81483459472656,-1.129997968673706,-38.69001388549805,65.8375015258789,1.1912548542022705,-38.58559036254883,65.84017181396484
1711476140.6498241,-1.192343831062317,-38.67752456665039,65.8224868774414,1.2664103507995605,-38.712364196777344,65.81483459472656,-1.129997968673706,-38.68751525878906,65.8375015258789,1.1951611042022705,-38.5977783203125,65.84017181396484
1711476140.659918,-1.192343831062317,-38.67752456665039,65.8224868774414,1.270003318786621,-38.712364196777344,65.81483459472656,-1.129997968673706,-38.672359466552734,65.8375015258789,1.2062548398971558,-38.61246871948242,65.84017181396484
1711476140.66973,-1.192343831062317,-38.65986633300781,65.8224868774414,1.302347183227539,-38.70236587524414,65.81483459472656,-1.129997968673706,-38.672359466552734,65.8375015258789,1.2051610946655273,-38.61246871948242,65.84017181396484
1711476140.6798046,-1.192343831062317,-38.65752410888672,65.8224868774414,1.3000035285949707,-38.691585540771484,65.81483459472656,-1.1451542377471924,-38.672359466552734,65.8375015258789,1.2051610946655273,-38.62246322631836,65.84017181396484
1711476140.6898267,-1.192343831062317,-38.639869689941406,65.8224868774414,1.3000035285949707,-38.68236541748047,65.81483459472656,-1.1451542377471924,-38.672359466552734,65.8375015258789,1.2051610946655273,-38.62246322631836,65.84017181396484
1711476140.6997378,-1.192343831062317,-38.63752365112305,65.8224868774414,1.3000035285949707,-38.662052154541016,65.81483459472656,-1.129997968673706,-38.672359466552734,65.8375015258789,1.2051610946655273,-38.63246154785156,65.84017181396484
1711476140.7098107,-1.1807814836502075,-38.63752365112305,65.83061218261719,1.2840652465820312,-38.65345764160156,65.81483459472656,-1.129997968673706,-38.672359466552734,65.8375015258789,1.2051610946655273,-38.63246154785156,65.84017181396484
1711476140.719808,-1.1823439598083496,-38.63752365112305,65.83248901367188,1.2848472595214844,-38.65345764160156,65.81483459472656,-1.126091718673706,-38.672359466552734,65.8375015258789,1.2051610946655273,-38.63246154785156,65.84017181396484
1711476140.7298293,-1.1823439598083496,-38.62752151489258,65.83248901367188,1.2848472595214844,-38.62064743041992,65.81483459472656,-1.1199980974197388,-38.672359466552734,65.8375015258789,1.2051610946655273,-38.614810943603516,65.84017181396484
1711476140.7397428,-1.1823439598083496,-38.62752151489258,65.83248901367188,1.2848472595214844,-38.61236572265625,65.81483459472656,-1.141560673713684,-38.672359466552734,65.8375015258789,1.2051610946655273,-38.614810943603516,65.84017181396484
1711476140.749806,-1.1823439598083496,-38.62752151489258,65.83248901367188,1.2748479843139648,-38.59095764160156,65.81483459472656,-1.1451542377471924,-38.672359466552734,65.8375015258789,1.2051610946655273,-38.614810943603516,65.84017181396484
1711476140.7598355,-1.1823439598083496,-38.61752700805664,65.83248901367188,1.268754005432129,-38.59236145019531,65.81483459472656,-1.1451542377471924,-38.672359466552734,65.8375015258789,1.190004825592041,-38.614810943603516,65.84407043457031
1711476140.769758,-1.1739063262939453,-38.61362075805664,65.83248901367188,1.2212538719177246,-38.57236862182617,65.81483459472656,-1.1451542377471924,-38.69001388549805,65.8375015258789,1.1678173542022705,-38.614810943603516,65.85016632080078
1711476140.7798622,-1.1723437309265137,-38.600650787353516,65.83248901367188,1.1610984802246094,-38.547210693359375,65.81483459472656,-1.1451542377471924,-38.69001388549805,65.8375015258789,1.1567234992980957,-38.614810943603516,65.85016632080078
1711476140.789819,-1.1542189121246338,-38.5975227355957,65.83248901367188,1.0789108276367188,-38.54236602783203,65.81483459472656,-1.1451542377471924,-38.69001388549805,65.8375015258789,1.1400047540664673,-38.584808349609375,65.85016632080078
1711476140.799794,-1.1467188596725464,-38.578617095947266,65.83248901367188,1.0296916961669922,-38.52158737182617,65.81483459472656,-1.1451542377471924,-38.69001388549805,65.8375015258789,1.129067301750183,-38.54293441772461,65.85016632080078
1711476140.8097167,-1.1423438787460327,-38.572837829589844,65.83248901367188,0.9848476052284241,-38.52236557006836,65.81483459472656,-1.1451542377471924,-38.69001388549805,65.8375015258789,1.1189111471176147,-38.5448112487793,65.85016632080078
1711476140.8196855,-1.1106252670288086,-38.551116943359375,65.83248901367188,0.9648466110229492,-38.52236557006836,65.81483459472656,-1.1451542377471924,-38.69001388549805,65.8375015258789,1.1200047731399536,-38.5448112487793,65.85016632080078
1711476140.8298042,-1.1123440265655518,-38.53752517700195,65.83248901367188,0.9648466110229492,-38.52236557006836,65.81483459472656,-1.1451542377471924,-38.69001388549805,65.8375015258789,1.1200047731399536,-38.5448112487793,65.85016632080078
1711476140.8397598,-1.1051565408706665,-38.510807037353516,65.83248901367188,0.9648466110229492,-38.52236557006836,65.81483459472656,-1.1451542377471924,-38.69001388549805,65.8375015258789,1.1200047731399536,-38.5448112487793,65.85016632080078
1711476140.849755,-1.1023437976837158,-38.50346374511719,65.83248901367188,0.9917235970497131,-38.52236557006836,65.81483459472656,-1.1451542377471924,-38.69001388549805,65.8375015258789,1.13516104221344,-38.5448112487793,65.85016632080078
1711476140.8597393,-1.1185938119888306,-38.47752380371094,65.83248901367188,0.9900045394897461,-38.52236557006836,65.81483459472656,-1.1451542377471924,-38.69001388549805,65.8375015258789,1.13516104221344,-38.5448112487793,65.85016632080078
1711476140.8697667,-1.1200002431869507,-38.460025787353516,65.83248901367188,1.0100030899047852,-38.52236557006836,65.83170318603516,-1.1451542377471924,-38.69001388549805,65.8375015258789,1.13516104221344,-38.5448112487793,65.85016632080078
1711476140.8798182,-1.1200002431869507,-38.45752716064453,65.83248901367188,1.0100030899047852,-38.52236557006836,65.82998657226562,-1.1451542377471924,-38.673919677734375,65.8375015258789,1.13516104221344,-38.5448112487793,65.85016632080078
1711476140.8897388,-1.1200002431869507,-38.43830871582031,65.83248901367188,1.0100030899047852,-38.52236557006836,65.82998657226562,-1.1253106594085693,-38.672359466552734,65.8375015258789,1.13516104221344,-38.5448112487793,65.85016632080078
1711476140.899773,-1.080312728881836,-38.437522888183594,65.83248901367188,0.994846761226654,-38.52236557006836,65.82998657226562,-1.1081230640411377,-38.672359466552734,65.8375015258789,1.13516104221344,-38.5448112487793,65.85016632080078
1711476140.9097416,-1.0645315647125244,-38.41752624511719,65.83248901367188,0.994846761226654,-38.52236557006836,65.82998657226562,-1.0999979972839355,-38.66267395019531,65.8375015258789,1.13516104221344,-38.5448112487793,65.85016632080078
1711476140.9197812,-1.0457813739776611,-38.41752624511719,65.83248901367188,0.9825038909912109,-38.52236557006836,65.82998657226562,-1.0999979972839355,-38.65641784667969,65.8375015258789,1.13516104221344,-38.5448112487793,65.85016632080078
1711476140.929739,-1.0123440027236938,-38.40752410888672,65.83248901367188,0.9848476052284241,-38.52236557006836,65.82998657226562,-1.0999979972839355,-38.6343879699707,65.8375015258789,1.13516104221344,-38.5448112487793,65.85016632080078
1711476140.9397304,-1.0123440027236938,-38.40752410888672,65.83248901367188,0.9956287741661072,-38.52236557006836,65.82998657226562,-1.0999979972839355,-38.63235855102539,65.8375015258789,1.13516104221344,-38.5448112487793,65.85016632080078
1711476140.9497738,-0.9923440217971802,-38.40752410888672,65.83248901367188,1.0100030899047852,-38.52236557006836,65.82998657226562,-1.0999979972839355,-38.63235855102539,65.8375015258789,1.13516104221344,-38.5448112487793,65.85016632080078
1711476140.9603188,-0.9923440217971802,-38.40752410888672,65.83248901367188,1.0100030899047852,-38.52236557006836,65.82998657226562,-1.0999979972839355,-38.63235855102539,65.8375015258789,1.13516104221344,-38.5448112487793,65.85016632080078
1711476140.9698267,-0.9923440217971802,-38.4273681640625,65.83248901367188,1.015784740447998,-38.52236557006836,65.82998657226562,-1.0999979972839355,-38.62236022949219,65.8375015258789,1.13516104221344,-38.5448112487793,65.85016632080078
1711476140.979738,-0.9923440217971802,-38.4251823425293,65.83248901367188,1.0200047492980957,-38.52236557006836,65.82998657226562,-1.094685435295105,-38.61735534667969,65.8375015258789,1.13516104221344,-38.5448112487793,65.85016632080078
1711476140.9898121,-0.9923440217971802,-38.4251823425293,65.83248901367188,1.0200047492980957,-38.52236557006836,65.82998657226562,-1.0776543617248535,-38.602359771728516,65.8375015258789,1.13516104221344,-38.5448112487793,65.85016632080078
1711476140.9997404,-0.9923440217971802,-38.4251823425293,65.83248901367188,1.0200047492980957,-38.52236557006836,65.82998657226562,-1.0768729448318481,-38.602359771728516,65.8375015258789,1.13516104221344,-38.5448112487793,65.85016632080078
1711476141.0098548,-0.9923440217971802,-38.4251823425293,65.83248901367188,1.0200047492980957,-38.52236557006836,65.82998657226562,-1.0560917854309082,-38.602359771728516,65.8375015258789,1.13516104221344,-38.5448112487793,65.85016632080078
1711476141.0197663,-0.9923440217971802,-38.430179595947266,65.83248901367188,1.0200047492980957,-38.52236557006836,65.82998657226562,-1.0499980449676514,-38.602359771728516,65.8375015258789,1.13516104221344,-38.5448112487793,65.85016632080078
1711476141.0297642,-0.9923440217971802,-38.4351806640625,65.83248901367188,1.0300040245056152,-38.52236557006836,65.82998657226562,-1.0428106784820557,-38.602359771728516,65.8375015258789,1.13516104221344,-38.5448112487793,65.85016632080078
1711476141.039762,-0.9923440217971802,-38.4351806640625,65.83248901367188,1.0300040245056152,-38.52236557006836,65.82998657226562,-1.039997935295105,-38.602359771728516,65.8375015258789,1.13516104221344,-38.5448112487793,65.85016632080078
1711476141.0498052,-0.9923440217971802,-38.4351806640625,65.83248901367188,1.0381293296813965,-38.52236557006836,65.82998657226562,-1.039997935295105,-38.602359771728516,65.8375015258789,1.13516104221344,-38.56074523925781,65.85016632080078
1711476141.0598197,-0.9923440217971802,-38.4351806640625,65.83248901367188,1.0400032997131348,-38.52236557006836,65.82998657226562,-1.039997935295105,-38.602359771728516,65.8375015258789,1.13516104221344,-38.56246566772461,65.85016632080078
1711476141.069762,-0.9923440217971802,-38.4351806640625,65.83248901367188,1.0428166389465332,-38.52236557006836,65.82998657226562,-1.039997935295105,-38.602359771728516,65.8375015258789,1.13516104221344,-38.56246566772461,65.85016632080078
1711476141.0798197,-0.9923440217971802,-38.4351806640625,65.83248901367188,1.0500049591064453,-38.52236557006836,65.82998657226562,-1.039997935295105,-38.602359771728516,65.8375015258789,1.13516104221344,-38.56246566772461,65.85016632080078
1711476141.0898128,-0.9923440217971802,-38.445960998535156,65.83248901367188,1.0500049591064453,-38.52236557006836,65.82998657226562,-1.0551542043685913,-38.602359771728516,65.8375015258789,1.13516104221344,-38.56246566772461,65.85016632080078
1711476141.0997596,-0.9923440217971802,-38.4451789855957,65.83248901367188,1.054847240447998,-38.539710998535156,65.841552734375,-1.0551542043685913,-38.602359771728516,65.8375015258789,1.13516104221344,-38.56246566772461,65.85016632080078
1711476141.1097426,-1.0100001096725464,-38.45518112182617,65.83248901367188,1.0600042343139648,-38.53752136230469,65.8399887084961,-1.0551542043685913,-38.602359771728516,65.8375015258789,1.13516104221344,-38.56246566772461,65.85016632080078
1711476141.1197972,-1.0137501955032349,-38.45518112182617,65.83248901367188,1.0600042343139648,-38.54751968383789,65.8399887084961,-1.0551542043685913,-38.602359771728516,65.8375015258789,1.1379735469818115,-38.56246566772461,65.85016632080078
1711476141.1297553,-1.0300002098083496,-38.45518112182617,65.83248901367188,1.0901594161987305,-38.54751968383789,65.8399887084961,-1.0551542043685913,-38.602359771728516,65.8375015258789,1.1451611518859863,-38.56246566772461,65.85016632080078
1711476141.1397853,-1.0375001430511475,-38.46658706665039,65.83248901367188,1.0900044441223145,-38.54751968383789,65.84842681884766,-1.0551542043685913,-38.602359771728516,65.8375015258789,1.1451611518859863,-38.5760612487793,65.85016632080078
1711476141.1497638,-1.059531569480896,-38.46846008300781,65.83248901367188,1.1167216300964355,-38.54751968383789,65.84999084472656,-1.0551542043685913,-38.602359771728516,65.8375015258789,1.1521923542022705,-38.58246612548828,65.85016632080078
1711476141.1598063,-1.0712502002716064,-38.48518371582031,65.83248901367188,1.120004653930664,-38.54751968383789,65.84999084472656,-1.0756230354309082,-38.602359771728516,65.8375015258789,1.1551611423492432,-38.60059356689453,65.85016632080078
1711476141.1697903,-1.0800001621246338,-38.50580978393555,65.83248901367188,1.1226606369018555,-38.56533432006836,65.84999084472656,-1.075154185295105,-38.602359771728516,65.8375015258789,1.1551611423492432,-38.60246658325195,65.85016632080078
1711476141.1797602,-1.097343921661377,-38.50518035888672,65.83248901367188,1.1500048637390137,-38.56752014160156,65.84999084472656,-1.0974979400634766,-38.6048583984375,65.8375015258789,1.1651610136032104,-38.60887145996094,65.85016632080078
1711476141.1898003,-1.1000001430511475,-38.52518081665039,65.83248901367188,1.1500048637390137,-38.56752014160156,65.84999084472656,-1.1051545143127441,-38.62001419067383,65.8375015258789,1.1651610136032104,-38.61246871948242,65.85016632080078
1711476141.1998007,-1.1026564836502075,-38.52971267700195,65.83733367919922,1.1551594734191895,-38.56752014160156,65.84999084472656,-1.1079668998718262,-38.62001419067383,65.8375015258789,1.1651610136032104,-38.63105773925781,65.85016632080078
1711476141.2097576,-1.1100002527236938,-38.55518341064453,65.84249877929688,1.1700034141540527,-38.56752014160156,65.84999084472656,-1.1151543855667114,-38.62001419067383,65.8375015258789,1.1651610136032104,-38.63246154785156,65.85016632080078
1711476141.219764,-1.1100002527236938,-38.582366943359375,65.84249877929688,1.1742234230041504,-38.56752014160156,65.84999084472656,-1.1151543855667114,-38.62001419067383,65.8375015258789,1.1651610136032104,-38.652469635009766,65.85016632080078
1711476141.2297623,-1.119687557220459,-38.59518051147461,65.84249877929688,1.1900043487548828,-38.56752014160156,65.84999084472656,-1.1151543855667114,-38.62001419067383,65.8375015258789,1.1651610136032104,-38.66450119018555,65.85016632080078
1711476141.239758,-1.1200002431869507,-38.643775939941406,65.84249877929688,1.1900043487548828,-38.56752014160156,65.84999084472656,-1.1151543855667114,-38.62001419067383,65.8375015258789,1.1651610136032104,-38.67246627807617,65.85016632080078
1711476141.2498183,-1.128593921661377,-38.64518356323242,65.84249877929688,1.1900043487548828,-38.56752014160156,65.84999084472656,-1.1151543855667114,-38.62001419067383,65.8375015258789,1.1651610136032104,-38.684967041015625,65.85016632080078
1711476141.259785,-1.1299999952316284,-38.676273345947266,65.84249877929688,1.1900043487548828,-38.56752014160156,65.84999084472656,-1.1151543855667114,-38.62001419067383,65.8375015258789,1.1651610136032104,-38.69652557373047,65.85016632080078
1711476141.269733,-1.1360939741134644,-38.6751823425293,65.84249877929688,1.1900043487548828,-38.56752014160156,65.84999084472656,-1.1151543855667114,-38.62001419067383,65.8375015258789,1.1651610136032104,-38.7149658203125,65.85016632080078
1711476141.2797906,-1.1400002241134644,-38.707366943359375,65.85061645507812,1.1900043487548828,-38.56752014160156,65.84999084472656,-1.1151543855667114,-38.6322021484375,65.8375015258789,1.1651610136032104,-38.727779388427734,65.85016632080078
1711476141.2897651,-1.1400002241134644,-38.70518493652344,65.85249328613281,1.1900043487548828,-38.56752014160156,65.84999084472656,-1.1151543855667114,-38.6300163269043,65.8375015258789,1.1651610136032104,-38.752464294433594,65.85016632080078
1711476141.2998908,-1.1400002241134644,-38.71596145629883,65.85249328613281,1.1900043487548828,-38.56752014160156,65.84999084472656,-1.1265605688095093,-38.6300163269043,65.8375015258789,1.1651610136032104,-38.770904541015625,65.85016632080078
1711476141.3097844,-1.1400002241134644,-38.71518325805664,65.85249328613281,1.1900043487548828,-38.56752014160156,65.84999084472656,-1.1251541376113892,-38.6300163269043,65.8375015258789,1.1651610136032104,-38.77246856689453,65.85016632080078
1711476141.319748,-1.1400002241134644,-38.71518325805664,65.85249328613281,1.1900043487548828,-38.56752014160156,65.84999084472656,-1.1251541376113892,-38.6300163269043,65.8375015258789,1.1651610136032104,-38.79011917114258,65.85016632080078
1711476141.3297822,-1.1400002241134644,-38.71518325805664,65.85249328613281,1.1900043487548828,-38.57048797607422,65.84999084472656,-1.1251541376113892,-38.6300163269043,65.8375015258789,1.1651610136032104,-38.79246520996094,65.85016632080078
1711476141.3397563,-1.1500000953674316,-38.71518325805664,65.85249328613281,1.1900043487548828,-38.5775260925293,65.84999084472656,-1.1251541376113892,-38.6300163269043,65.8375015258789,1.1651610136032104,-38.79246520996094,65.85016632080078
1711476141.3498116,-1.1500000953674316,-38.71518325805664,65.85249328613281,1.1900043487548828,-38.5775260925293,65.84999084472656,-1.1251541376113892,-38.6300163269043,65.8375015258789,1.1651610136032104,-38.79246520996094,65.85016632080078
1711476141.3598235,-1.1500000953674316,-38.71518325805664,65.85249328613281,1.1900043487548828,-38.5775260925293,65.84999084472656,-1.1251541376113892,-38.6300163269043,65.8375015258789,1.1651610136032104,-38.79246520996094,65.85016632080078
1711476141.36977,-1.1500000953674316,-38.71518325805664,65.85249328613281,1.1900043487548828,-38.5775260925293,65.84999084472656,-1.1251541376113892,-38.6300163269043,65.8375015258789,1.1651610136032104,-38.79246520996094,65.85016632080078
1711476141.379795,-1.1500000953674316,-38.71518325805664,65.85249328613281,1.1639094352722168,-38.5775260925293,65.84999084472656,-1.1251541376113892,-38.6300163269043,65.8375015258789,1.1651610136032104,-38.79246520996094,65.85016632080078
1711476141.3897922,-1.1500000953674316,-38.71518325805664,65.85249328613281,1.164846420288086,-38.58486557006836,65.84999084472656,-1.1314043998718262,-38.6300163269043,65.8375015258789,1.1651610136032104,-38.774810791015625,65.85016632080078
1711476141.399783,-1.1500000953674316,-38.71518325805664,65.85249328613281,1.164846420288086,-38.587520599365234,65.84999084472656,-1.1451542377471924,-38.6300163269043,65.8375015258789,1.1651610136032104,-38.774810791015625,65.85016632080078
1711476141.409743,-1.1500000953674316,-38.71518325805664,65.85249328613281,1.164846420288086,-38.587520599365234,65.84999084472656,-1.1487480401992798,-38.6300163269043,65.8375015258789,1.1651610136032104,-38.784183502197266,65.85016632080078
1711476141.4197485,-1.1542189121246338,-38.71518325805664,65.85249328613281,1.1770343780517578,-38.587520599365234,65.84999084472656,-1.175154447555542,-38.6300163269043,65.8375015258789,1.1651610136032104,-38.79246520996094,65.85016632080078
1711476141.429778,-1.1600003242492676,-38.71518325805664,65.85249328613281,1.1900043487548828,-38.599552154541016,65.84999084472656,-1.175154447555542,-38.6300163269043,65.8375015258789,1.1651610136032104,-38.802467346191406,65.85016632080078
1711476141.4398577,-1.1600003242492676,-38.71518325805664,65.85249328613281,1.1942219734191895,-38.59751892089844,65.84999084472656,-1.175154447555542,-38.6422004699707,65.8375015258789,1.1651610136032104,-38.802467346191406,65.85016632080078
1711476141.4498394,-1.1685940027236938,-38.71518325805664,65.85249328613281,1.2190651893615723,-38.6081428527832,65.84999084472656,-1.175154447555542,-38.6400146484375,65.8375015258789,1.1651610136032104,-38.802467346191406,65.85016632080078
1711476141.4598022,-1.1700001955032349,-38.71518325805664,65.85249328613281,1.2200045585632324,-38.607521057128906,65.84999084472656,-1.175154447555542,-38.6400146484375,65.8375015258789,1.1651610136032104,-38.802467346191406,65.85016632080078
1711476141.4698355,-1.1700001955032349,-38.71518325805664,65.85249328613281,1.2285971641540527,-38.61751937866211,65.84999084472656,-1.175154447555542,-38.64282989501953,65.8375015258789,1.1651610136032104,-38.802467346191406,65.85016632080078
1711476141.479758,-1.1700001955032349,-38.71518325805664,65.85249328613281,1.2400031089782715,-38.61751937866211,65.84999084472656,-1.175154447555542,-38.6500129699707,65.8375015258789,1.1651610136032104,-38.802467346191406,65.85016632080078
1711476141.489757,-1.1700001955032349,-38.71518325805664,65.85249328613281,1.2400031089782715,-38.62752151489258,65.84999084472656,-1.175154447555542,-38.65641784667969,65.8375015258789,1.1651610136032104,-38.802467346191406,65.85016632080078
1711476141.5003355,-1.1700001955032349,-38.71518325805664,65.85249328613281,1.2400031089782715,-38.62752151489258,65.84999084472656,-1.175154447555542,-38.67001724243164,65.84766387939453,1.1651610136032104,-38.802467346191406,65.85016632080078
1711476141.5097873,-1.1700001955032349,-38.71518325805664,65.85249328613281,1.2400031089782715,-38.62752151489258,65.84999084472656,-1.175154447555542,-38.67001724243164,65.84750366210938,1.1651610136032104,-38.802467346191406,65.85016632080078
1711476141.5197587,-1.1700001955032349,-38.71518325805664,65.85249328613281,1.2400031089782715,-38.634864807128906,65.84999084472656,-1.1851543188095093,-38.67001724243164,65.84750366210938,1.1651610136032104,-38.802467346191406,65.85016632080078
1711476141.52977,-1.1700001955032349,-38.71518325805664,65.85249328613281,1.2400031089782715,-38.63752365112305,65.84999084472656,-1.1851543188095093,-38.673606872558594,65.84750366210938,1.1651610136032104,-38.802467346191406,65.85016632080078
1711476141.5397522,-1.1700001955032349,-38.71518325805664,65.85249328613281,1.2606287002563477,-38.665645599365234,65.84999084472656,-1.1851543188095093,-38.68001174926758,65.84750366210938,1.1651610136032104,-38.802467346191406,65.85016632080078
1711476141.5497632,-1.1734375953674316,-38.71518325805664,65.85249328613281,1.2600040435791016,-38.66752243041992,65.8420181274414,-1.1851543188095093,-38.68313980102539,65.84750366210938,1.1651610136032104,-38.802467346191406,65.85016632080078
1711476141.55975,-1.1800003051757812,-38.71518325805664,65.85249328613281,1.2750029563903809,-38.673927307128906,65.83483123779297,-1.1851543188095093,-38.69001388549805,65.84750366210938,1.1651610136032104,-38.802467346191406,65.85016632080078
1711476141.5698102,-1.1800003051757812,-38.71518325805664,65.85249328613281,1.2800049781799316,-38.68330383300781,65.83483123779297,-1.1851543188095093,-38.69001388549805,65.84750366210938,1.1651610136032104,-38.802467346191406,65.85016632080078
1711476141.5797653,-1.1800003051757812,-38.71518325805664,65.85249328613281,1.2800049781799316,-38.687522888183594,65.83483123779297,-1.1851543188095093,-38.69001388549805,65.84750366210938,1.17031729221344,-38.78480911254883,65.85016632080078
1711476141.5897822,-1.1800003051757812,-38.71518325805664,65.85249328613281,1.2900042533874512,-38.699554443359375,65.83483123779297,-1.1851543188095093,-38.69001388549805,65.84750366210938,1.1751610040664673,-38.78480911254883,65.85016632080078
1711476141.5997896,-1.1800003051757812,-38.71518325805664,65.85249328613281,1.2900042533874512,-38.70564651489258,65.83483123779297,-1.1771855354309082,-38.69001388549805,65.84750366210938,1.1751610040664673,-38.78480911254883,65.85016632080078
1711476141.6098087,-1.1800003051757812,-38.71518325805664,65.85249328613281,1.2900042533874512,-38.71752166748047,65.83483123779297,-1.169998049736023,-38.69001388549805,65.84750366210938,1.1751610040664673,-38.78480911254883,65.85016632080078
1711476141.6198096,-1.162500023841858,-38.71518325805664,65.85249328613281,1.2900042533874512,-38.73705291748047,65.83483123779297,-1.1664042472839355,-38.69001388549805,65.84750366210938,1.1751610040664673,-38.78480911254883,65.85016632080078
1711476141.629807,-1.1623438596725464,-38.71518325805664,65.85249328613281,1.2900042533874512,-38.73752212524414,65.83483123779297,-1.1499980688095093,-38.69001388549805,65.84750366210938,1.1751610040664673,-38.78105926513672,65.85016632080078
1711476141.6397412,-1.1578127145767212,-38.71518325805664,65.85249328613281,1.2900042533874512,-38.74533462524414,65.83483123779297,-1.1499980688095093,-38.672359466552734,65.84750366210938,1.1751610040664673,-38.76481246948242,65.85016632080078
1711476141.6498184,-1.1523441076278687,-38.71518325805664,65.85249328613281,1.2900042533874512,-38.747520446777344,65.85139465332031,-1.1499980688095093,-38.672359466552734,65.84750366210938,1.1751610040664673,-38.76481246948242,65.85016632080078
1711476141.6598253,-1.1523441076278687,-38.71518325805664,65.85249328613281,1.2900042533874512,-38.777523040771484,65.84999084472656,-1.1499980688095093,-38.672359466552734,65.85751342773438,1.1751610040664673,-38.76481246948242,65.85016632080078
1711476141.6697896,-1.1523441076278687,-38.71518325805664,65.85546112060547,1.2900042533874512,-38.777523040771484,65.86093139648438,-1.1499980688095093,-38.672359466552734,65.8611068725586,1.1751610040664673,-38.76481246948242,65.85016632080078
1711476141.679809,-1.1523441076278687,-38.71518325805664,65.87248992919922,1.2900042533874512,-38.777523040771484,65.8801498413086,-1.1499980688095093,-38.672359466552734,65.86751556396484,1.1751610040664673,-38.76199722290039,65.85016632080078
1711476141.6898293,-1.1523441076278687,-38.71518325805664,65.87639617919922,1.2648487091064453,-38.777523040771484,65.89999389648438,-1.1499980688095093,-38.672359466552734,65.88876342773438,1.1751610040664673,-38.75481033325195,65.85469818115234
1711476141.6997871,-1.1523441076278687,-38.71518325805664,65.90109252929688,1.2487530708312988,-38.777523040771484,65.89999389648438,-1.1499980688095093,-38.672359466552734,65.88750457763672,1.1600048542022705,-38.75481033325195,65.877197265625
1711476141.7097478,-1.1495312452316284,-38.71518325805664,65.92843627929688,1.2276601791381836,-38.783302307128906,65.95030212402344,-1.1499980688095093,-38.672359466552734,65.91797637939453,1.1568799018859863,-38.75481033325195,65.88516235351562
1711476141.719913,-1.1423438787460327,-38.71518325805664,65.962646484375,1.2148475646972656,-38.78752136230469,65.95999145507812,-1.1499980688095093,-38.672359466552734,65.91751098632812,1.1400047540664673,-38.75481033325195,65.90188598632812
1711476141.7297773,-1.1423438787460327,-38.71518325805664,66.0145263671875,1.2020349502563477,-38.78752136230469,65.99483489990234,-1.1499980688095093,-38.672359466552734,65.9581298828125,1.1400047540664673,-38.75481033325195,65.92047882080078
1711476141.7398171,-1.1423438787460327,-38.71518325805664,66.07889556884766,1.1948466300964355,-38.797523498535156,66.01998901367188,-1.128435492515564,-38.69142150878906,65.9675064086914,1.1400047540664673,-38.75481033325195,65.94064331054688
1711476141.7497885,-1.1423438787460327,-38.72299575805664,66.11327362060547,1.1948466300964355,-38.80486297607422,66.03404998779297,-1.129997968673706,-38.69001388549805,65.986572265625,1.1400047540664673,-38.76605987548828,65.96438598632812
1711476141.7598145,-1.1423438787460327,-38.7298698425293,66.15780639648438,1.1948466300964355,-38.81455612182617,66.07779693603516,-1.129997968673706,-38.72126770019531,66.03359985351562,1.1400047540664673,-38.786685943603516,65.97297668457031
1711476141.7697945,-1.1423438787460327,-38.73517990112305,66.1903076171875,1.1948466300964355,-38.82752227783203,66.07998657226562,-1.1199980974197388,-38.72001647949219,66.05875396728516,1.1400047540664673,-38.82621765136719,66.01032257080078
1711476141.7798002,-1.1423438787460327,-38.74095916748047,66.21670532226562,1.1948466300964355,-38.83174133300781,66.13170623779297,-1.1199980974197388,-38.75032424926758,66.14797973632812,1.1400047540664673,-38.83246612548828,66.04469299316406
1711476141.7897606,-1.1423438787460327,-38.745182037353516,66.25202941894531,1.1948466300964355,-38.84048843383789,66.14358520507812,-1.1199980974197388,-38.791107177734375,66.24203491210938,1.1551611423492432,-38.85059356689453,66.09797668457031
1711476141.7997437,-1.1423438787460327,-38.76689910888672,66.25202941894531,1.210472583770752,-38.86830139160156,66.18998718261719,-1.1129668951034546,-38.82329559326172,66.32516479492188,1.1551611423492432,-38.86262512207031,66.15750885009766
1711476141.8098717,-1.1423438787460327,-38.76518249511719,66.32733917236328,1.2100028991699219,-38.87220764160156,66.25029754638672,-1.1099982261657715,-38.880638122558594,66.37578582763672,1.1551611423492432,-38.88246536254883,66.2604751586914
1711476141.8197849,-1.1423438787460327,-38.77518081665039,66.40655517578125,1.2100028991699219,-38.88752365112305,66.33436584472656,-1.1099982261657715,-38.8961067199707,66.42594909667969,1.1551611423492432,-38.900123596191406,66.34657287597656
1711476141.829811,-1.1423438787460327,-38.797210693359375,66.50061798095703,1.2100028991699219,-38.891117095947266,66.42686462402344,-1.1099982261657715,-38.930015563964844,66.47594451904297,1.1551611423492432,-38.9024658203125,66.40547943115234
1711476141.8398285,-1.1423438787460327,-38.80518341064453,66.63249206542969,1.1896920204162598,-38.90752029418945,66.51593017578125,-1.0999979972839355,-38.98064041137695,66.55391693115234,1.1551611423492432,-38.915748596191406,66.4529800415039
1711476141.8498514,-1.1320313215255737,-38.835182189941406,66.70921325683594,1.1725044250488281,-38.91252136230469,66.57327270507812,-1.0971856117248535,-38.98001480102539,66.66250610351562,1.1551611423492432,-38.92652893066406,66.50298309326172
1711476141.8597686,-1.1323440074920654,-38.83987045288086,66.76139831542969,1.1573481559753418,-38.927520751953125,66.63046264648438,-1.0899981260299683,-39.01095199584961,66.81547546386719,1.1551611423492432,-38.962467193603516,66.58563995361328
1711476141.8698266,-1.1323440074920654,-38.86518096923828,66.84436798095703,1.1548471450805664,-38.95924377441406,66.69123840332031,-1.0853105783462524,-39.0128288269043,66.89891052246094,1.1551611423492432,-39.00059509277344,66.69375610351562
1711476141.8798323,-1.1323440074920654,-38.901275634765625,66.92530822753906,1.1370348930358887,-38.9842414855957,66.78279876708984,-1.059529185295105,-39.040016174316406,66.9898452758789,1.1551611423492432,-39.005279541015625,66.83000183105469
1711476141.8898346,-1.1323440074920654,-38.909088134765625,67.08030700683594,1.1245346069335938,-38.98752212524414,66.9068603515625,-1.0599980354309082,-39.09595489501953,67.08595275878906,1.1551611423492432,-39.04106140136719,66.93704223632812
1711476141.8998408,-1.1323440074920654,-38.9764289855957,67.21249389648438,1.1037540435791016,-39.03814697265625,67.02686309814453,-1.0599980354309082,-39.13938903808594,67.2671890258789,1.1551611423492432,-39.08543395996094,67.025634765625
1711476141.9098408,-1.1323440074920654,-39.03643035888672,67.31171417236328,1.0842227935791016,-39.06736755371094,67.0987319946289,-1.0392167568206787,-39.2298583984375,67.42501068115234,1.1500048637390137,-39.14043426513672,67.18547821044922
1711476141.9198196,-1.1323440074920654,-39.0818977355957,67.45311737060547,1.0675048828125,-39.09111404418945,67.18624114990234,-1.039997935295105,-39.32392120361328,67.5690689086914,1.1400047540664673,-39.228092193603516,67.37156677246094
1711476141.9298298,-1.1223437786102295,-39.19674301147461,67.63748931884766,1.054847240447998,-39.17408752441406,67.30233764648438,-1.0348418951034546,-39.42219924926758,67.77813720703125,1.1367236375808716,-39.31215286254883,67.4939193725586
1711476141.9398432,-1.1223437786102295,-39.276119232177734,67.7454605102539,1.0337543487548828,-39.27767562866211,67.45343017578125,-1.0199981927871704,-39.50767135620117,67.90703582763672,1.1200047731399536,-39.380279541015625,67.66031646728516
1711476141.9498477,-1.1175000667572021,-39.33299255371094,67.8693618774414,1.034848690032959,-39.337677001953125,67.56623840332031,-1.0199981927871704,-39.571266174316406,68.029541015625,1.1200047731399536,-39.446685791015625,67.87047576904297
1711476141.9600134,-1.1123440265655518,-39.39674377441406,68.06265258789062,1.0275030136108398,-39.39533615112305,67.67233276367188,-0.9889042377471924,-39.66001510620117,68.26563262939453,1.1200047731399536,-39.47652816772461,68.01000213623047
1711476141.969859,-1.1123440265655518,-39.44033432006836,68.20702362060547,1.0248470306396484,-39.44892883300781,67.82920837402344,-0.9899979829788208,-39.7706413269043,68.43094635009766,1.1100049018859863,-39.532779693603516,68.23204040527344
1711476141.979869,-1.1123440265655518,-39.471275329589844,68.3539047241211,1.0248470306396484,-39.501583099365234,67.99467468261719,-0.9653106331825256,-39.875797271728516,68.57015991210938,1.1100049018859863,-39.622154235839844,68.44673156738281
1711476141.9898376,-1.1007815599441528,-39.570491790771484,68.57015228271484,1.016097068786621,-39.55720901489258,68.11467742919922,-0.9499981999397278,-39.98173522949219,68.78250885009766,1.0850048065185547,-39.74637222290039,68.64766693115234
1711476141.9998507,-1.0918751955032349,-39.66642761230469,68.72374725341797,1.014847755432129,-39.621429443359375,68.275146484375,-0.9499981999397278,-40.05360794067383,68.96859741210938,1.06484854221344,-39.868560791015625,68.85797882080078
1711476142.0098631,-1.057187557220459,-39.75127410888672,68.8856201171875,1.0118794441223145,-39.72752380371094,68.50264739990234,-0.9296854734420776,-40.10157775878906,69.18656921386719,1.057192325592041,-39.946998596191406,68.99688720703125
1711476142.0197964,-1.0393750667572021,-39.83283996582031,69.10562133789062,0.994846761226654,-39.809085845947266,68.64498901367188,-0.9207794666290283,-40.17173385620117,69.37923431396484,1.0293798446655273,-40.017311096191406,69.21125793457031
1711476142.029845,-1.0170313119888306,-39.89580535888672,69.282958984375,0.9898471832275391,-39.867679595947266,68.84530639648438,-0.8978103995323181,-40.2728271484375,69.58625793457031,1.0162549018859863,-40.06855773925781,69.39000701904297
1711476142.039815,-0.9871876239776611,-39.92830276489258,69.52702331542969,0.9643793106079102,-39.90877151489258,69.0592041015625,-0.8592167496681213,-40.387359619140625,69.80797576904297,0.9698485136032104,-40.1619987487793,69.61329650878906
1711476142.0498347,-0.9504687786102295,-39.98283386230469,69.73233032226562,0.9648466110229492,-39.927520751953125,69.27108764648438,-0.8599981665611267,-40.48032760620117,69.99453735351562,0.9125048518180847,-40.294185638427734,69.85688018798828
1711476142.059845,-0.910625159740448,-40.07377624511719,69.98155212402344,0.9648466110229492,-39.97970962524414,69.55326843261719,-0.8546856045722961,-40.59048080444336,70.2784423828125,0.8564110994338989,-40.411373138427734,70.06594848632812
1711476142.0698607,-0.8775001764297485,-40.18705368041992,70.21499633789062,0.9648466110229492,-40.01423645019531,69.76764678955078,-0.8399981260299683,-40.68986129760742,70.5089111328125,0.814379870891571,-40.5620002746582,70.34391021728516
1711476142.0798328,-0.8542189002037048,-40.26861572265625,70.46389770507812,0.9648466110229492,-40.1165885925293,69.99874114990234,-0.8399981260299683,-40.801109313964844,70.8248519897461,0.7860986590385437,-40.698089599609375,70.62156677246094
1711476142.089861,-0.8523440361022949,-40.3609619140625,70.72000122070312,0.9648466110229492,-40.21595764160156,70.19905090332031,-0.8160918951034546,-40.9039192199707,71.16126251220703,0.7600048184394836,-40.83340835571289,70.92672729492188
1711476142.099833,-0.8420315384864807,-40.42314910888672,71.02202606201172,0.9648466110229492,-40.341739654541016,70.454833984375,-0.8099982142448425,-41.00126266479492,71.41188049316406,0.7520360350608826,-40.9237174987793,71.25735473632812
1711476142.1098475,-0.8423438668251038,-40.48518371582031,71.27092742919922,0.9648466110229492,-40.45423889160156,70.64108276367188,-0.8062481880187988,-41.090171813964844,71.7322006225586,0.7500048279762268,-41.00590515136719,71.56344604492188
1711476142.1198616,-0.8423438668251038,-40.59971618652344,71.548583984375,0.9545349478721619,-40.60752487182617,70.9181137084961,-0.7899981737136841,-41.211734771728516,72.01657104492188,0.7500048279762268,-41.13168716430664,71.87016296386719
1711476142.1298563,-0.8323439955711365,-40.705650329589844,71.78701782226562,0.9548473358154297,-40.75627136230469,71.17655181884766,-0.7799980044364929,-41.36720275878906,72.31344604492188,0.7385985851287842,-41.29387283325195,72.1734390258789
1711476142.1398923,-0.8295315504074097,-40.81439971923828,72.09123992919922,0.9548473358154297,-40.90049362182617,71.45623779296875,-0.7799980044364929,-41.50392150878906,72.66985321044922,0.7331297993659973,-41.44731140136719,72.44063568115234
1711476142.149836,-0.812343955039978,-40.89596176147461,72.39452362060547,0.9548473358154297,-41.03080368041992,71.72967529296875,-0.7590606808662415,-41.6539192199707,73.0056381225586,0.7200047969818115,-41.629966735839844,72.76329040527344
1711476142.1598425,-0.8042189478874207,-41.00799560546875,72.66514587402344,0.9548473358154297,-41.1873664855957,72.05342864990234,-0.7439044117927551,-41.80610656738281,73.310791015625,0.6981298327445984,-41.82840347290039,73.12063598632812
1711476142.1698377,-0.7923439145088196,-41.143150329589844,73.00248718261719,0.9503173828125,-41.325801849365234,72.36013793945312,-0.7371854782104492,-41.94798278808594,73.65251159667969,0.7000048160552979,-41.99543762207031,73.46735382080078
1711476142.1798694,-0.7923439145088196,-41.26252746582031,73.30812072753906,0.9339094161987305,-41.4631462097168,72.65592193603516,-0.7064043283462524,-42.10438919067383,74.00094604492188,0.7000048160552979,-42.18793487548828,73.83110046386719
1711476142.1898618,-0.7923439145088196,-41.39096450805664,73.63030242919922,0.9196901321411133,-41.60002136230469,72.9737319946289,-0.699998140335083,-42.293609619140625,74.37110900878906,0.6698485612869263,-42.357154846191406,74.2048568725586
1711476142.1998367,-0.7923439145088196,-41.499244689941406,73.97842407226562,0.9148479104042053,-41.72298812866211,73.26014709472656,-0.6717168092727661,-42.45001220703125,74.7081298828125,0.6700048446655273,-42.53480911254883,74.56094360351562
1711476142.2099028,-0.7723438739776611,-41.6226806640625,74.31452178955078,0.8928155899047852,-41.8381462097168,73.49561309814453,-0.6637480854988098,-42.633609771728516,75.05219268798828,0.6250048279762268,-42.70371627807617,74.9146957397461
1711476142.2200415,-0.7509376406669617,-41.76518249511719,74.64155578613281,0.8948469161987305,-41.94923782348633,73.81327056884766,-0.6293730139732361,-42.82688903808594,75.35110473632812,0.6100047826766968,-42.86027908325195,75.2710952758789
1711476142.229847,-0.7523439526557922,-41.89830780029297,74.92171478271484,0.8551597595214844,-42.05986404418945,74.11280059814453,-0.594529390335083,-43.0172004699707,75.68157196044922,0.5850048065185547,-43.02199935913086,75.66767120361328
1711476142.2398837,-0.7442190051078796,-42.05939865112305,75.2326431274414,0.8548474311828613,-42.19814682006836,74.4387435913086,-0.564529299736023,-43.20532989501953,76.09359741210938,0.5232861042022705,-43.19043731689453,76.0534439086914
1711476142.2498422,-0.722343921661377,-42.20627212524414,75.57374572753906,0.819847583770752,-42.34502029418945,74.7834243774414,-0.5246855616569519,-43.384857177734375,76.47453308105469,0.4765673279762268,-43.3538703918457,76.43719482421875
1711476142.2598972,-0.722343921661377,-42.36362075805664,75.93671417236328,0.8089089393615723,-42.494083404541016,75.1138916015625,-0.47062307596206665,-43.58595275878906,76.9420394897461,0.4001610279083252,-43.50730895996094,76.81297302246094
1711476142.2698762,-0.6914064288139343,-42.518306732177734,76.36467742919922,0.7464098930358887,-42.65205383300781,75.48483276367188,-0.40859177708625793,-43.750328063964844,77.36219787597656,0.2998485565185547,-43.7088737487793,77.2242202758789
1711476142.2802563,-0.6923438906669617,-42.6561164855957,76.7840576171875,0.7070350646972656,-42.786582946777344,75.8131103515625,-0.35999804735183716,-43.91376495361328,77.77235412597656,0.23359854519367218,-43.901214599609375,77.62390899658203
1711476142.2898436,-0.6612502336502075,-42.79111862182617,77.16796112060547,0.6382846832275391,-42.96548843383789,76.19811248779297,-0.32765433192253113,-44.11360549926758,78.16423034667969,0.18875481188297272,-44.13262176513672,78.04906463623047
1711476142.2998645,-0.6523439288139343,-42.92658996582031,77.51420593261719,0.5818796157836914,-43.14299011230469,76.5592041015625,-0.29999807476997375,-44.28251266479492,78.55892181396484,0.14297357201576233,-44.32355880737305,78.48141479492188
1711476142.3098614,-0.6117188930511475,-43.057838439941406,77.88436889648438,0.5093789100646973,-43.267520904541016,76.87374114990234,-0.28999805450439453,-44.481109619140625,78.97797393798828,0.14000481367111206,-44.55371856689453,78.90048217773438
1711476142.319869,-0.5612501502037048,-43.203147888183594,78.26483917236328,0.44687986373901367,-43.41127395629883,77.25077056884766,-0.28687313199043274,-44.71485900878906,79.47813415527344,0.13469229638576508,-44.77762222290039,79.33844757080078
1711476142.329867,-0.5064064264297485,-43.33627700805664,78.65342712402344,0.41297197341918945,-43.55767822265625,77.66373443603516,-0.2599981427192688,-44.945796966552734,79.94032287597656,0.11000480502843857,-44.994964599609375,79.80328369140625
1711476142.3398585,-0.4387502372264862,-43.488773345947266,79.12686157226562,0.39484739303588867,-43.71299362182617,78.09170532226562,-0.2599981427192688,-45.17751693725586,80.38640594482422,0.08625481277704239,-45.223873138427734,80.27203369140625
1711476142.349851,-0.36687523126602173,-43.615806579589844,79.56812286376953,0.39484739303588867,-43.896427154541016,78.49639129638672,-0.2093730866909027,-45.38486099243164,80.767822265625,0.025942306965589523,-45.44636917114258,80.75110626220703
1711476142.35987,-0.32343775033950806,-43.74955749511719,79.98186492919922,0.38547277450561523,-44.094085693359375,78.900146484375,-0.19343554973602295,-45.64970016479492,81.21969604492188,-0.04249519109725952,-45.67387390136719,81.19141387939453
1711476142.3698664,-0.2835939824581146,-43.90580749511719,80.3778076171875,0.38484811782836914,-44.289241790771484,79.25233459472656,-0.14640435576438904,-45.84220504760742,81.63610076904297,-0.12843269109725952,-45.90324783325195,81.66016387939453
1711476142.3798592,-0.25125011801719666,-44.0779914855957,80.78624725341797,0.34453392028808594,-44.497989654541016,79.64498901367188,-0.09546682238578796,-46.07236099243164,82.11032104492188,-0.2028076946735382,-46.112308502197266,82.1423568725586
1711476142.3898582,-0.2442188560962677,-44.23627471923828,81.1926498413086,0.3415656089782715,-44.67095947265625,80.04326629638672,0.015626847743988037,-46.27251434326172,82.6295394897461,-0.27140143513679504,-46.32902908325195,82.63345336914062
1711476142.3998654,-0.23703143000602722,-44.41221237182617,81.64077758789062,0.29047250747680664,-44.899864196777344,80.45748901367188,0.11000186204910278,-46.49298858642578,83.12844848632812,-0.30374518036842346,-46.55137252807617,83.15609741210938
1711476142.4098706,-0.19781261682510376,-44.589866638183594,82.10639953613281,0.27484655380249023,-45.08877182006836,80.89733123779297,0.1860956847667694,-46.68642044067383,83.62844848632812,-0.34905770421028137,-46.72700119018555,83.60220336914062
1711476142.4198668,-0.187968909740448,-44.7459602355957,82.50045776367188,0.2140665054321289,-45.25596237182617,81.33279418945312,0.22437691688537598,-46.89048385620117,84.04735565185547,-0.35312020778656006,-46.97137451171875,84.08282470703125
1711476142.4298687,-0.1414063572883606,-44.92221450805664,82.93468475341797,0.16281604766845703,-45.41111755371094,81.67108917236328,0.24437695741653442,-47.10594940185547,84.51156616210938,-0.3951514661312103,-47.16777801513672,84.48281860351562
1711476142.4398668,-0.08484393358230591,-45.088619232177734,83.41405487060547,0.08437871932983398,-45.57518005371094,82.11264038085938,0.2917206287384033,-47.32017135620117,85.08844757080078,-0.4490576982498169,-47.46012496948242,85.00188446044922
1711476142.4498737,-0.017031431198120117,-45.236122131347656,83.84170532226562,0.03640890121459961,-45.73423767089844,82.51686096191406,0.33640816807746887,-47.58329772949219,85.59969329833984,-0.5209327340126038,-47.69886779785156,85.56641387939453
1711476142.4598522,0.05890607833862305,-45.40643310546875,84.3042221069336,-0.017027854919433594,-45.90345764160156,83.0023422241211,0.4320332407951355,-47.79970169067383,86.1111068725586,-0.5778077244758606,-48.001529693603516,86.08969116210938
1711476142.4698544,0.12890607118606567,-45.579708099365234,84.76624298095703,-0.05109071731567383,-46.09908676147461,83.47280883789062,0.5495331287384033,-48.07548522949219,86.57469940185547,-0.6518701314926147,-48.2166862487793,86.6072006225586
1711476142.4798763,0.17218738794326782,-45.752681732177734,85.20327758789062,-0.07812023162841797,-46.31517791748047,83.9504623413086,0.6440643668174744,-48.311893463134766,87.03422546386719,-0.685620129108429,-48.455589294433594,87.06657409667969
1711476142.4898627,0.21734356880187988,-45.91033935546875,85.68405151367188,-0.1362466812133789,-46.49658203125,84.39373779296875,0.6948456764221191,-48.62079620361328,87.52313995361328,-0.7281200885772705,-48.6580924987793,87.58094787597656
1711476142.4998555,0.25796860456466675,-46.06533432006836,86.17109680175781,-0.1779651641845703,-46.684085845947266,84.80467987060547,0.7737519145011902,-48.87767028808594,88.11532592773438,-0.7534326314926147,-48.89777755737305,88.10001373291016
1711476142.5098784,0.2795310318470001,-46.217838287353516,86.6340560913086,-0.2567148208618164,-46.89017868041992,85.2560806274414,0.850783109664917,-49.14845275878906,88.6920394897461,-0.8017138838768005,-49.0999641418457,88.68485260009766
1711476142.519853,0.31906232237815857,-46.38377380371094,87.14655303955078,-0.3503084182739258,-47.086273193359375,85.70951080322266,0.9304707050323486,-49.40579605102539,89.23454284667969,-0.8060888648033142,-49.35418701171875,89.23672485351562
1711476142.5298593,0.38984358310699463,-46.54049301147461,87.63967895507812,-0.42702674865722656,-47.32205581665039,86.19795989990234,1.050001859664917,-49.63938903808594,89.78750610351562,-0.8610889315605164,-49.59074783325195,89.7409439086914
1711476142.5398757,0.4685935378074646,-46.68455505371094,88.10014343261719,-0.4968714714050293,-47.520179748535156,86.71076965332031,1.151564359664917,-49.91501998901367,90.3103256225586,-0.9107764363288879,-49.86246871948242,90.26876831054688
1711476142.5498796,0.5545310378074646,-46.86721420288086,88.57874298095703,-0.566558837890625,-47.730960845947266,87.1603012084961,1.2231268882751465,-50.126731872558594,90.80219268798828,-1.003901481628418,-50.08590316772461,90.7867202758789
1711476142.5599964,0.6174997687339783,-47.0306510925293,89.08264923095703,-0.6368708610534668,-47.92127227783203,87.61295318603516,1.3251582384109497,-50.38595199584961,91.4307861328125,-1.1306202411651611,-50.38871765136719,91.31797790527344
1711476142.5698657,0.670624852180481,-47.20377731323242,89.5462417602539,-0.6870269775390625,-48.12580108642578,88.0871810913086,1.442033290863037,-50.615482330322266,91.9509506225586,-1.2376513481140137,-50.64168167114258,91.87484741210938
1711476142.5797853,0.690937340259552,-47.41924285888672,90.08452606201172,-0.735621452331543,-48.31768035888672,88.57311248779297,1.5495332479476929,-50.89282989501953,92.4479751586914,-1.3053076267242432,-50.92918395996094,92.41250610351562
1711476142.5898716,0.7287498712539673,-47.59518051147461,90.56124114990234,-0.7781219482421875,-48.50267791748047,89.07389068603516,1.6371893882751465,-51.13658142089844,92.93266296386719,-1.3760888576507568,-51.2127799987793,92.95188903808594
1711476142.5999305,0.7276560664176941,-47.78580856323242,91.04467010498047,-0.8492159843444824,-48.67220687866211,89.59264373779297,1.7251580953598022,-51.430641174316406,93.46797943115234,-1.4598388671875,-51.48434066772461,93.48453521728516
1711476142.609879,0.7649998068809509,-47.96502685546875,91.5353012084961,-0.9292148947715759,-48.84658432006836,90.08936309814453,1.7942205667495728,-51.68110656738281,94.01329040527344,-1.5321826934814453,-51.762001037597656,94.04016876220703
1711476142.6198733,0.7823436260223389,-48.123775482177734,92.01310729980469,-1.0057783126831055,-49.0193977355957,90.51874542236328,1.855783224105835,-51.95283126831055,94.6657943725586,-1.645932674407959,-51.98777770996094,94.59172821044922
1711476142.6298966,0.8568747639656067,-48.29018020629883,92.51390075683594,-1.074526309967041,-49.21955108642578,90.96920013427734,1.950001835823059,-52.213138580322266,95.23391723632812,-1.7418702840805054,-52.261837005615234,95.15531158447266
1711476142.6398878,0.9678122997283936,-48.43955612182617,93.02687072753906,-1.1189031600952148,-49.42533493041992,91.45186614990234,2.0409395694732666,-52.465171813964844,95.79751586914062,-1.8432765007019043,-52.47981262207031,95.72672271728516
1711476142.6498597,1.080781102180481,-48.600807189941406,93.57233428955078,-1.1989021301269531,-49.680023193359375,91.95873260498047,2.122189521789551,-52.73892593383789,96.36032104492188,-1.9809327125549316,-52.774654388427734,96.33547973632812
1711476142.6598747,1.1482810974121094,-48.76518249511719,94.0813980102539,-1.2709331512451172,-49.90330505371094,92.48046112060547,2.197033166885376,-52.98032760620117,96.95500946044922,-2.1259326934814453,-53.032623291015625,96.90298461914062
1711476142.6698592,1.2264060974121094,-48.901588439941406,94.60047149658203,-1.3770270347595215,-50.11814880371094,92.96514129638672,2.235470771789551,-53.27251434326172,97.46923065185547,-2.2149953842163086,-53.3148078918457,97.47750854492188
1711476142.6798878,1.3265624046325684,-49.06393051147461,95.08390045166016,-1.465620994567871,-50.31658172607422,93.47171020507812,2.330158233642578,-53.516578674316406,98.0904769897461,-2.3121824264526367,-53.592777252197266,98.02468872070312
1711476142.6898634,1.4431248903274536,-49.21627426147461,95.61421966552734,-1.5326523780822754,-50.524864196777344,93.94967651367188,2.462033271789551,-53.832515716552734,98.61563110351562,-2.4215574264526367,-53.862152099609375,98.58313751220703
1711476142.6998136,1.5678123235702515,-49.35596466064453,96.126708984375,-1.5960907936096191,-50.73939514160156,94.45343017578125,2.582345485687256,-54.07782745361328,99.16126251220703,-2.5457763671875,-54.18324661254883,99.17235565185547
1711476142.7098694,1.6474997997283936,-49.50408935546875,96.65576934814453,-1.6332769393920898,-50.932838439941406,94.98435974121094,2.6553144454956055,-54.38673400878906,99.73235321044922,-2.6496827602386475,-54.42621994018555,99.76095581054688
1711476142.7198822,1.7298436164855957,-49.655025482177734,97.17062377929688,-1.706247329711914,-51.12236404418945,95.51998138427734,2.734689474105835,-54.67782974243164,100.32437896728516,-2.753432512283325,-54.70355987548828,100.30001068115234
1711476142.729889,1.8382811546325684,-49.825965881347656,97.67467498779297,-1.8076515197753906,-51.28814697265625,96.01795196533203,2.815626859664917,-54.95048522949219,100.86141967773438,-2.875620126724243,-54.92277908325195,100.8392333984375
1711476142.739873,1.954531192779541,-49.9736213684082,98.1703109741211,-1.9053077697753906,-51.47018051147461,96.5118637084961,2.935314416885376,-55.26532745361328,101.51187896728516,-3.0074949264526367,-55.16450119018555,101.40079498291016
1711476142.7498827,2.0395309925079346,-50.12096405029297,98.677490234375,-1.991870403289795,-51.66689682006836,96.99420928955078,3.0306267738342285,-55.49814224243164,102.09860229492188,-3.092339038848877,-55.41231155395508,101.99329376220703
1711476142.7598798,2.125624656677246,-50.29924392700195,99.24327850341797,-2.0673394203186035,-51.84408187866211,97.49124145507812,3.1162519454956055,-55.742515563964844,102.73235321044922,-3.1871824264526367,-55.67777633666992,102.64016723632812
1711476142.7698693,2.2039060592651367,-50.455650329589844,99.78905487060547,-2.173902988433838,-52.04877471923828,98.02389526367188,3.2021892070770264,-55.96907424926758,103.29063415527344,-3.299994945526123,-55.95309066772461,103.26454162597656
1711476142.7798893,2.285156011581421,-50.63690185546875,100.29437255859375,-2.285933494567871,-52.24924087524414,98.5403060913086,3.2807834148406982,-56.21861267089844,103.82656860351562,-3.420151472091675,-56.20559310913086,103.81172180175781
1711476142.7898886,2.3723435401916504,-50.783775329589844,100.79045867919922,-2.3521828651428223,-52.47377395629883,99.02076721191406,3.381720781326294,-56.492828369140625,104.36923217773438,-3.4968700408935547,-56.53981018066406,104.37313079833984
1711476142.7999349,2.4735937118530273,-50.910648345947266,101.30967712402344,-2.435152530670166,-52.71095657348633,99.50997924804688,3.5071895122528076,-56.78079605102539,105.00906372070312,-3.595463991165161,-56.802154541015625,104.9526596069336
1711476142.8098454,2.534843683242798,-51.03096008300781,101.8621826171875,-2.499682903289795,-52.94830322265625,100.03701782226562,3.631720542907715,-57.09595489501953,105.62094116210938,-3.7010891437530518,-57.11028289794922,105.60797882080078
1711476142.8198118,2.612499952316284,-51.18033981323242,102.40280151367188,-2.5868701934814453,-53.18986511230469,100.56279754638672,3.773439645767212,-57.33361053466797,106.21985626220703,-3.798276662826538,-57.37840270996094,106.22391510009766
1711476142.8298774,2.6589059829711914,-51.3212776184082,102.93608856201172,-2.676246166229248,-53.41267395019531,101.09623718261719,3.9453141689300537,-57.61486053466797,106.78250885009766,-3.9326510429382324,-57.59215545654297,106.77532196044922
1711476142.8398914,2.7118749618530273,-51.45252990722656,103.42904663085938,-2.7960896492004395,-53.634864807128906,101.63030242919922,4.055470943450928,-57.87361145019531,107.33688354492188,-4.015151500701904,-57.85356140136719,107.32563018798828
1711476142.8498764,2.774531364440918,-51.55893325805664,103.93061828613281,-2.890465259552002,-53.80189895629883,102.09999084472656,4.160783290863037,-58.1322021484375,107.93157196044922,-4.091714382171631,-58.08699417114258,107.90094757080078
1711476142.8598773,2.892343759536743,-51.685028076171875,104.45265197753906,-2.9712462425231934,-53.998146057128906,102.5709228515625,4.3609395027160645,-58.38313674926758,108.55673217773438,-4.195151329040527,-58.37324523925781,108.50532531738281
1711476142.8698761,3.0285937786102295,-51.80549621582031,105.00077056884766,-3.0501532554626465,-54.18798828125,103.1177978515625,4.549220561981201,-58.62189483642578,109.15142059326172,-4.342182636260986,-58.63356018066406,109.12641906738281
1711476142.8798575,3.114374876022339,-51.92924499511719,105.53968811035156,-3.1301522254943848,-54.388614654541016,103.65544891357422,4.689220905303955,-58.85110855102539,109.71172332763672,-4.497182846069336,-58.96246337890625,109.73470306396484
1711476142.8898826,3.2437500953674316,-52.04518127441406,106.05905151367188,-3.2195281982421875,-54.58502197265625,104.20124053955078,4.893439292907715,-59.09564208984375,110.271728515625,-4.604995250701904,-59.25246810913086,110.3307876586914
1711476142.8998847,3.358750104904175,-52.17299270629883,106.54264068603516,-3.29390287399292,-54.77970886230469,104.71530151367188,5.044220924377441,-59.38048553466797,110.84860229492188,-4.724526405334473,-59.53387451171875,110.96391296386719
1711476142.9098926,3.45953106880188,-52.30143356323242,107.04389953613281,-3.379995822906494,-54.99111557006836,105.20014953613281,5.201408386230469,-59.70064163208008,111.4782943725586,-4.83999490737915,-59.8399658203125,111.60797119140625
1711476142.9198823,3.54937481880188,-52.42033767700195,107.58889770507812,-3.4654641151428223,-55.20127487182617,105.69420623779297,5.37203311920166,-59.99439239501953,112.11141967773438,-4.974838733673096,-60.05762481689453,112.20907592773438
1711476142.9298775,3.662187337875366,-52.53143310546875,108.12826538085938,-3.5773396492004395,-55.42877197265625,106.2423324584961,5.5037522315979,-60.2337646484375,112.73798370361328,-5.091089248657227,-60.35902786254883,112.78438568115234
1711476142.9398787,3.8159375190734863,-52.67361831665039,108.69093322753906,-3.709528684616089,-55.642208099365234,106.78561401367188,5.630002021789551,-60.51048278808594,113.3475112915039,-5.270308017730713,-60.61199951171875,113.41297149658203
1711476142.949888,3.944218873977661,-52.78017807006836,109.19281005859375,-3.800778388977051,-55.86048889160156,107.30217742919922,5.803439617156982,-60.76063919067383,113.89891052246094,-5.448589324951172,-60.87480926513672,114.0596923828125
1711476142.959897,4.031562328338623,-52.881587982177734,109.66577911376953,-3.8584327697753906,-56.07048797607422,107.79280090332031,5.955314636230469,-60.9915771484375,114.49172973632812,-5.541401386260986,-61.1251220703125,114.61751556396484
1711476142.969907,4.16531229019165,-52.999244689941406,110.1887435913086,-3.9565587043762207,-56.271270751953125,108.25030517578125,6.053907871246338,-61.22454833984375,114.99954223632812,-5.642496109008789,-61.37403106689453,115.17172241210938
1711476142.9798834,4.335781574249268,-53.135807037353516,110.74812316894531,-4.05515193939209,-56.49080276489258,108.76217651367188,6.22234582901001,-61.45470428466797,115.59376525878906,-5.807964324951172,-61.66152572631836,115.74422454833984
1711476142.9898815,4.44656229019165,-53.2576789855957,111.29983520507812,-4.1504645347595215,-56.66048812866211,109.26608276367188,6.380157947540283,-61.73891830444336,116.18344116210938,-5.9604644775390625,-61.93559265136719,116.37798309326172
1711476142.9998078,4.532812118530273,-53.366275787353516,111.78781127929688,-4.233901500701904,-56.82174301147461,109.81029510498047,6.502189636230469,-61.98954391479492,116.74766540527344,-6.088901996612549,-62.26637268066406,116.99297332763672
1711476143.009936,4.644218921661377,-53.48502731323242,112.31436157226562,-4.329683780670166,-56.96876907348633,110.32623291015625,6.643283367156982,-62.26001739501953,117.361572265625,-6.252651691436768,-62.53762435913086,117.58985900878906
1711476143.0198998,4.785469055175781,-53.6064338684082,112.80108642578125,-4.433121681213379,-57.09611511230469,110.84061431884766,6.837658405303955,-62.53641891479492,117.9815673828125,-6.4228081703186035,-62.81309127807617,118.18782806396484
1711476143.029897,4.912031173706055,-53.71877670288086,113.2990493774414,-4.591403007507324,-57.26908493041992,111.36373901367188,6.980157852172852,-62.85110855102539,118.52828979492188,-6.52890157699585,-63.09340286254883,118.79672241210938
1711476143.0398786,5.013280868530273,-53.82205581665039,113.83733367919922,-4.7299957275390625,-57.43595886230469,111.85264587402344,7.190470218658447,-63.09751510620117,119.16812896728516,-6.720932960510254,-63.29917907714844,119.38860321044922
1711476143.0499065,5.139374732971191,-53.887367248535156,114.37109375,-4.834682941436768,-57.59470748901367,112.37748718261719,7.430782794952393,-63.40283203125,119.80985260009766,-6.928901672363281,-63.52418518066406,119.99126434326172
1711476143.0598824,5.273749828338623,-53.96268081665039,114.86592864990234,-4.945464134216309,-57.76861572265625,112.90155792236328,7.640470504760742,-63.6439208984375,120.3665771484375,-7.115620136260986,-63.74481201171875,120.58844757080078
1711476143.0698788,5.370937824249268,-54.04564666748047,115.35108947753906,-5.085153579711914,-57.94064712524414,113.39999389648438,7.88875150680542,-63.86048126220703,120.89845275878906,-7.331870079040527,-64.00152587890625,121.1673583984375
1711476143.0799003,5.443281173706055,-54.11564636230469,115.82906341552734,-5.2114033699035645,-58.11705780029297,113.85623931884766,8.086094856262207,-64.10110473632812,121.42062377929688,-7.504213809967041,-64.24058532714844,121.7315673828125
1711476143.0899086,5.561250686645508,-54.16596603393555,116.33077239990234,-5.340151786804199,-58.28080368041992,114.31404876708984,8.349063873291016,-64.35204315185547,121.93453979492188,-7.73218297958374,-64.47683715820312,122.31108856201172
1711476143.0998654,5.688124656677246,-54.20549392700195,116.88967895507812,-5.516557693481445,-58.44970703125,114.80764770507812,8.555315017700195,-64.61673736572266,122.55642700195312,-7.95093297958374,-64.70402526855469,122.88267517089844
1711476143.109909,5.807656288146973,-54.221744537353516,117.40670776367188,-5.6937456130981445,-58.61174011230469,115.31124114990234,8.811877250671387,-64.84673309326172,123.17937469482422,-8.184840202331543,-64.96168518066406,123.43720245361328
1711476143.1201262,5.902812480926514,-54.221744537353516,117.40670776367188,-5.819528102874756,-58.75705337524414,115.81450653076172,8.987345695495605,-65.08845520019531,123.72689056396484,-8.435932159423828,-65.18730926513672,124.00751495361328
1711476143.1298852,6.017968654632568,-54.30049133300781,118.368896484375,-5.975465774536133,-58.92970657348633,116.32794952392578,9.200626373291016,-65.30158233642578,124.26984405517578,-8.672651290893555,-65.45137786865234,124.58281707763672
1711476143.1399117,6.185625076293945,-54.37580871582031,118.83999633789062,-6.152338981628418,-59.09392547607422,116.80889129638672,9.339845657348633,-65.55689239501953,124.82718658447266,-8.903902053833008,-65.70106506347656,125.20187377929688
1711476143.149883,6.344062805175781,-54.46565246582031,119.33920288085938,-6.260309219360352,-59.27799606323242,117.30484008789062,9.512188911437988,-65.79251098632812,125.33985900878906,-9.07093334197998,-65.91949462890625,125.77860260009766
1711476143.15995,6.457968711853027,-54.522682189941406,119.84967803955078,-6.399526596069336,-59.41752243041992,117.80280303955078,9.719220161437988,-66.02047729492188,125.98844146728516,-9.303119659423828,-66.13761901855469,126.32454681396484
1711476143.169911,6.657812595367432,-54.56065368652344,120.33625030517578,-6.545307636260986,-59.57377243041992,118.30452728271484,9.889845848083496,-66.23798370361328,126.54438018798828,-9.493589401245117,-66.3640365600586,126.8526611328125
1711476143.1798882,6.840625286102295,-54.58658981323242,120.78936004638672,-6.675934791564941,-59.73767852783203,118.78952026367188,10.111564636230469,-66.45001220703125,127.05266571044922,-9.739526748657227,-66.5884017944336,127.43423461914062
1711476143.189896,7.002500534057617,-54.585182189941406,121.23170471191406,-6.766557693481445,-59.85939407348633,119.25763702392578,10.317813873291016,-66.66500854492188,127.58985900878906,-9.919527053833008,-66.81106567382812,128.01329040527344
1711476143.1999085,7.2115631103515625,-54.585182189941406,121.68045806884766,-6.925778388977051,-59.96846389770508,119.72966766357422,10.556095123291016,-66.8681411743164,128.14813232421875,-10.177495002746582,-67.0469970703125,128.58641052246094
1711476143.2098975,7.377344608306885,-54.585182189941406,122.15436553955078,-7.101089954376221,-60.09157943725586,120.19029235839844,10.788595199584961,-67.09626770019531,128.70001220703125,-10.381715774536133,-67.29168701171875,129.13421630859375
1711476143.2199073,7.539844036102295,-54.595184326171875,122.6412353515625,-7.209370136260986,-60.21189498901367,120.65187072753906,11.060314178466797,-67.30048370361328,129.2882843017578,-10.66062068939209,-67.55027770996094,129.6026611328125
1711476143.2299087,7.753750324249268,-54.60456085205078,123.09857940673828,-7.357339859008789,-60.35595703125,121.11436462402344,11.329689025878906,-67.52908325195312,129.83578491210938,-10.874996185302734,-67.79480743408203,130.0870361328125
1711476143.2398896,7.864688396453857,-54.60517883300781,123.58467864990234,-7.549526691436768,-60.50939178466797,121.57217407226562,11.645002365112305,-67.71141815185547,130.37063598632812,-11.174214363098145,-68.0313720703125,130.64642333984375
1711476143.2498872,8.010781288146973,-54.60517883300781,124.02310943603516,-7.670934200286865,-60.68564224243164,122.0418701171875,11.888909339904785,-67.97439575195312,130.8907928466797,-11.395153045654297,-68.25199127197266,131.2307891845703
1711476143.2599382,8.170625686645508,-54.60517883300781,124.46358489990234,-7.823122024536133,-60.83174133300781,122.49343872070312,12.163908004760742,-68.18547821044922,131.45095825195312,-11.674683570861816,-68.49809265136719,131.7767333984375
1711476143.269911,8.301250457763672,-54.60517883300781,124.89359283447266,-8.055464744567871,-60.97439956665039,122.99466705322266,12.394375801086426,-68.44376373291016,131.94110107421875,-11.911245346069336,-68.69574737548828,132.32859802246094
1711476143.2798986,8.477500915527344,-54.60517883300781,125.34139251708984,-8.211714744567871,-61.10908508300781,123.46732330322266,12.693751335144043,-68.65048217773438,132.484375,-12.196558952331543,-68.90621948242188,132.8031463623047
1711476143.2898977,8.677031517028809,-54.60517883300781,125.77921295166016,-8.415307998657227,-61.25783157348633,123.94873046875,12.969846725463867,-68.8665771484375,133.01751708984375,-12.426403045654297,-69.10527801513672,133.33953857421875
1711476143.3001544,8.807031631469727,-54.5953369140625,126.2176513671875,-8.599371910095215,-61.39908218383789,124.39859008789062,13.225626945495605,-69.05532836914062,133.5423583984375,-12.709527015686035,-69.32184600830078,133.88563537597656
1711476143.3098927,9.00374984741211,-54.587528228759766,126.638427734375,-8.778745651245117,-61.51111602783203,124.84186553955078,13.530783653259277,-69.22454833984375,134.0675048828125,-12.939214706420898,-69.49121856689453,134.44796752929688
1711476143.3199086,9.195000648498535,-54.57455825805664,127.01483917236328,-8.975777626037598,-61.6500244140625,125.27654266357422,13.786409378051758,-69.42111206054688,134.62875366210938,-13.209839820861816,-69.68933868408203,134.98641967773438
1711476143.3299007,9.341876029968262,-54.567527770996094,127.41547393798828,-9.137808799743652,-61.77189636230469,125.70030212402344,14.079378128051758,-69.56501770019531,135.10984802246094,-13.474059104919434,-69.89402770996094,135.50485229492188
1711476143.3399448,9.596875190734863,-54.55986785888672,127.85140228271484,-9.333121299743652,-61.87845993041992,126.13327026367188,14.445002555847168,-69.7439193725586,135.64202880859375,-13.830464363098145,-70.07418823242188,135.98077392578125
1711476143.349891,9.805937767028809,-54.527835845947266,128.28375244140625,-9.51765251159668,-61.98330307006836,126.59420776367188,14.785158157348633,-69.92985534667969,136.1750030517578,-14.172026634216309,-70.28714752197266,136.4893798828125
1711476143.3600724,10.037968635559082,-54.527835845947266,128.28375244140625,-9.64280891418457,-62.07439422607422,127.01264190673828,15.12874984741211,-70.08079528808594,136.65484619140625,-14.50655746459961,-70.50293731689453,137.00360107421875
1711476143.3699,10.258750915527344,-54.49174499511719,129.09046936035156,-9.81546401977539,-62.20798873901367,127.43655395507812,15.443596839904785,-70.25579071044922,137.14642333984375,-14.788277626037598,-70.72699737548828,137.4932861328125
1711476143.379919,10.472187995910645,-54.4658088684082,129.44171142578125,-9.963434219360352,-62.30361557006836,127.86154174804688,15.746407508850098,-70.43844604492188,137.6195526123047,-15.110776901245117,-70.91387176513672,137.99095153808594
1711476143.3899312,10.677812576293945,-54.428619384765625,129.8348388671875,-10.110464096069336,-62.35643005371094,128.25779724121094,16.04218864440918,-70.6250228881836,138.04579162597656,-15.35359001159668,-71.07887268066406,138.4611053466797
1711476143.3999178,10.834376335144043,-54.38283920288086,130.24717712402344,-10.340776443481445,-62.42768096923828,128.69874572753906,16.35000228881836,-70.81111145019531,138.53875732421875,-15.671713829040527,-71.23918151855469,138.95750427246094
1711476143.4099362,11.036251068115234,-54.31002426147461,130.67185974121094,-10.503120422363281,-62.52751922607422,129.12591552734375,16.63156509399414,-71.01158142089844,139.02891540527344,-16.001869201660156,-71.39480590820312,139.45843505859375
1711476143.4199014,11.169843673706055,-54.19143295288086,131.08592224121094,-10.678589820861816,-62.62377166748047,129.57186889648438,16.941251754760742,-71.19580078125,139.53172302246094,-16.284841537475586,-71.5202865600586,139.97219848632812
1711476143.429905,11.337345123291016,-54.09846496582031,131.46592712402344,-10.903122901916504,-62.70720672607422,130.0074920654297,17.26890754699707,-71.39236450195312,140.02719116210938,-16.651870727539062,-71.68653106689453,140.45452880859375
1711476143.439932,11.558124542236328,-54.04393005371094,131.80093383789062,-11.065309524536133,-62.7593994140625,130.38998413085938,17.597034454345703,-71.55813598632812,140.49375915527344,-17.01874542236328,-71.83856201171875,140.9309539794922
1711476143.4499173,11.73140811920166,-53.98752975463867,132.15469360351562,-11.297809600830078,-62.80189514160156,130.75624084472656,17.937814712524414,-71.74002075195312,140.94969177246094,-17.35796356201172,-71.966064453125,141.39984130859375
1711476143.4600112,11.989843368530273,-53.91127395629883,132.52015686035156,-11.48515510559082,-62.87799072265625,131.12608337402344,18.385156631469727,-71.89188385009766,141.48281860351562,-17.7528076171875,-72.1216812133789,141.88470458984375
1711476143.469869,12.196094512939453,-53.79924011230469,132.8915557861328,-11.671870231628418,-62.99658203125,131.51983642578125,18.770469665527344,-71.99752044677734,141.94876098632812,-18.108901977539062,-72.27246856689453,142.38876342773438
1711476143.480104,12.450780868530273,-53.66877746582031,133.26797485351562,-11.893903732299805,-63.10158157348633,131.91905212402344,19.13172149658203,-72.09735870361328,142.41671752929688,-18.444995880126953,-72.39965057373047,142.86985778808594
1711476143.4899228,12.657344818115234,-53.5697135925293,133.66671752929688,-12.063276290893555,-63.14267349243164,132.31936645507812,19.485939025878906,-72.2146987915039,142.896728515625,-18.809995651245117,-72.50606536865234,143.29937744140625
1711476143.499921,12.861248970031738,-53.49049377441406,134.03326416015625,-12.262185096740723,-63.17751693725586,132.71920776367188,19.820314407348633,-72.35001373291016,143.32220458984375,-19.183902740478516,-72.67168426513672,143.76736450195312
1711476143.509955,13.130781173706055,-53.375022888183594,134.36138916015625,-12.448904037475586,-63.18299102783203,133.13233947753906,20.15172004699707,-72.43892669677734,143.7112579345703,-19.553590774536133,-72.83480834960938,144.21734619140625
1711476143.5199244,13.369219779968262,-53.255489349365234,134.67483520507812,-12.616559982299805,-63.19752502441406,133.45858764648438,20.517501831054688,-72.52079772949219,144.11485290527344,-19.997339248657227,-72.99496459960938,144.63063049316406
1711476143.5299397,13.623437881469727,-53.12533950805664,134.98062133789062,-12.831403732299805,-63.23783493041992,133.8188934326172,20.892189025878906,-72.61782836914062,144.57876586914062,-20.438743591308594,-73.19683837890625,145.09375
1711476143.539959,13.883593559265137,-53.00299835205078,135.33123779296875,-12.955310821533203,-63.26924514770508,134.17498779296875,21.303909301757812,-72.74173736572266,144.99407958984375,-20.82265281677246,-73.34762573242188,145.58360290527344
1711476143.5499163,14.070937156677246,-52.86940002441406,135.6162567138672,-13.136870384216309,-63.29314422607422,134.56874084472656,21.731252670288086,-72.86017608642578,145.38812255859375,-21.167028427124023,-73.48214721679688,146.05235290527344
1711476143.5599453,14.274686813354492,-52.7203369140625,135.9539031982422,-13.325621604919434,-63.33346176147461,134.93341064453125,22.117502212524414,-72.95266723632812,145.84234619140625,-21.539213180541992,-73.60855865478516,146.44578552246094
1711476143.5699244,14.52031421661377,-52.57440185546875,136.29232788085938,-13.495309829711914,-63.39814758300781,135.33184814453125,22.494531631469727,-73.10376739501953,146.27703857421875,-21.90437126159668,-73.73324584960938,146.8584442138672
1711476143.5799177,14.72437572479248,-52.38752365112305,136.63201904296875,-13.741715431213379,-63.49892807006836,135.6548309326172,22.89297103881836,-73.26048278808594,146.70704650878906,-22.34937286376953,-73.86122131347656,147.2601776123047
1711476143.589944,14.968907356262207,-52.21127700805664,136.9518585205078,-13.934528350830078,-63.56767272949219,135.9732666015625,23.27219009399414,-73.36985778808594,147.11985778808594,-22.768590927124023,-73.97137451171875,147.70220947265625
1711476143.5999107,15.171563148498535,-52.0428352355957,137.2692108154297,-14.172183990478516,-63.64470672607422,136.30967712402344,23.64750099182129,-73.45236206054688,147.5236053466797,-23.2126522064209,-74.08777618408203,148.1532745361328
1711476143.6099114,15.461406707763672,-51.85643005371094,137.55311584472656,-14.383275032043457,-63.67673873901367,136.6313934326172,24.069847106933594,-73.56673431396484,147.96876525878906,-23.646873474121094,-74.19621276855469,148.60031127929688
1711476143.6199315,15.66718864440918,-51.70362091064453,137.81390380859375,-14.607027053833008,-63.68751907348633,136.9507598876953,24.527502059936523,-73.68407440185547,148.3723602294922,-24.07327651977539,-74.25247192382812,149.03704833984375
1711476143.6299322,15.950000762939453,-51.54080581665039,138.09344482421875,-14.850933074951172,-63.71752166748047,137.2821807861328,25.004690170288086,-73.80220794677734,148.72796630859375,-24.484214782714844,-74.30793762207031,149.4114227294922
1711476143.639936,16.151405334472656,-51.379398345947266,138.33749389648438,-15.065776824951172,-63.73767852783203,137.60609436035156,25.480470657348633,-73.89126586914062,149.13345336914062,-24.964370727539062,-74.36027526855469,149.7737579345703
1711476143.6499214,16.428438186645508,-51.22877502441406,138.65780639648438,-15.29374885559082,-63.77830505371094,137.9546661376953,25.942346572875977,-73.9720458984375,149.49330139160156,-25.457340240478516,-74.44855499267578,150.1536102294922
1711476143.6599283,16.653282165527344,-51.09189987182617,138.94265747070312,-15.501873016357422,-63.80221176147461,138.2498321533203,26.355937957763672,-74.0379867553711,149.84625244140625,-25.930932998657227,-74.57231140136719,150.56484985351562
1711476143.6699119,16.89109230041504,-50.95658874511719,139.23297119140625,-15.709840774536133,-63.83799362182617,138.59420776367188,26.735939025878906,-74.13064575195312,150.1887664794922,-26.38484001159668,-74.68106079101562,150.97047424316406
1711476143.6799452,17.100624084472656,-50.79643249511719,139.52687072753906,-15.885465621948242,-63.87752151489258,138.89170837402344,27.164846420288086,-74.20579528808594,150.5345458984375,-26.822181701660156,-74.73121643066406,151.3496856689453
1711476143.6899471,17.353593826293945,-50.633148193359375,139.79249572753906,-16.12436866760254,-63.95705032348633,139.177490234375,27.582191467285156,-74.26924133300781,150.9015655517578,-27.250465393066406,-74.7657470703125,151.74000549316406
1711476143.6999393,17.548282623291016,-50.42658996582031,140.0885772705078,-16.29140281677246,-63.99986267089844,139.48248291015625,28.081565856933594,-74.3118896484375,151.34124755859375,-27.74515151977539,-74.79902648925781,152.10235595703125
1711476143.7099311,17.795936584472656,-50.237369537353516,140.29812622070312,-16.47718048095703,-64.03360748291016,139.76998901367188,28.57250213623047,-74.33547973632812,151.70953369140625,-28.200620651245117,-74.84809112548828,152.42047119140625
1711476143.7198539,17.99968719482422,-50.018306732177734,140.58123779296875,-16.70515251159668,-64.04220581054688,140.05577087402344,29.035783767700195,-74.37033081054688,152.03126525878906,-28.691402435302734,-74.9224624633789,152.77484130859375
1711476143.7299364,18.278593063354492,-49.80846405029297,140.77374267578125,-16.908123016357422,-64.04751586914062,140.38372802734375,29.50656509399414,-74.4150161743164,152.35235595703125,-29.144840240478516,-75.01652526855469,153.15048217773438
1711476143.739933,18.490623474121094,-49.61783981323242,141.0292205810547,-17.148588180541992,-64.05064392089844,140.67015075683594,29.957815170288086,-74.4598617553711,152.69595336914062,-29.59233856201172,-75.09949493408203,153.4768829345703
1711476143.7499433,18.814374923706055,-49.39314651489258,141.2068634033203,-17.351715087890625,-64.05752563476562,140.97389221191406,30.427032470703125,-74.56095123291016,153.02093505859375,-30.00312042236328,-75.14730834960938,153.84469604492188
1711476143.7600024,19.065780639648438,-49.19752502441406,141.454833984375,-17.59999656677246,-64.05752563476562,141.25123596191406,30.97984504699707,-74.64080047607422,153.37892150878906,-30.54781150817871,-75.19761657714844,154.19798278808594
1711476143.7699385,19.340625762939453,-48.98893356323242,141.64060974121094,-17.801870346069336,-64.05752563476562,141.48170471191406,31.508440017700195,-74.68783569335938,153.7129669189453,-31.081403732299805,-75.21247100830078,154.5540771484375
1711476143.780607,19.574220657348633,-48.811119079589844,141.91326904296875,-18.028900146484375,-64.05752563476562,141.75482177734375,32.0173454284668,-74.71001434326172,154.02781677246094,-31.624996185302734,-75.25230407714844,154.88282775878906
1711476143.7899227,19.817188262939453,-48.63627624511719,142.12030029296875,-18.18999481201172,-64.05752563476562,141.9732666015625,32.497501373291016,-74.73064422607422,154.33267211914062,-32.14921569824219,-75.28949737548828,155.20892333984375
1711476143.7999413,20.028282165527344,-48.45658874511719,142.35076904296875,-18.36015510559082,-64.04190063476562,142.20684814453125,32.98390579223633,-74.73001098632812,154.60501098632812,-32.640464782714844,-75.29544067382812,155.51719665527344
1711476143.8099644,20.276094436645508,-48.289241790771484,142.52749633789062,-18.581087112426758,-64.04236602783203,142.4265594482422,33.45078659057617,-74.7332992553711,154.8879852294922,-33.12327575683594,-75.34637451171875,155.8223419189453
1711476143.8199375,20.525470733642578,-48.07939910888672,142.72030639648438,-18.73124885559082,-64.03189086914062,142.69483947753906,33.942657470703125,-74.74923706054688,155.15016174316406,-33.644527435302734,-75.39715576171875,156.12799072265625
1711476143.829938,20.755157470703125,-47.88924026489258,142.93670654296875,-18.959373474121094,-64.03236389160156,142.92857360839844,34.42781448364258,-74.76860809326172,155.41563415527344,-34.18999481201172,-75.45387268066406,156.4562530517578
1711476143.8399208,21.002033233642578,-47.678775787353516,143.1090545654297,-19.140623092651367,-64.0204849243164,143.20327758789062,34.942970275878906,-74.77861022949219,155.70391845703125,-34.72890090942383,-75.52090454101562,156.75157165527344
1711476143.8499315,21.256563186645508,-47.46940231323242,143.30328369140625,-19.363433837890625,-64.00424194335938,143.42185974121094,35.44266128540039,-74.80001831054688,155.9854736328125,-35.1963996887207,-75.54512023925781,157.06515502929688
1711476143.8599622,21.495468139648438,-47.28627395629883,143.46109008789062,-19.58374786376953,-64.00236511230469,143.69139099121094,35.954063415527344,-74.80001831054688,156.26031494140625,-35.715152740478516,-75.57247161865234,157.3517303466797
1711476143.8699374,21.7784366607666,-47.06877517700195,143.5906219482422,-19.778745651245117,-63.98174285888672,143.8912353515625,36.45859909057617,-74.80001831054688,156.56875610351562,-36.22468566894531,-75.57247161865234,157.627197265625
1711476143.8799174,22.01890754699707,-46.87940216064453,143.77374267578125,-20.003746032714844,-63.9625244140625,144.08734130859375,36.91719055175781,-74.80001831054688,156.83750915527344,-36.77436828613281,-75.57887268066406,157.8712615966797
1711476143.8898554,22.24875259399414,-46.65361785888672,143.94171142578125,-20.215465545654297,-63.95236587524414,144.30076599121094,37.42656326293945,-74.80001831054688,157.1251678466797,-37.35015106201172,-75.59246826171875,158.08953857421875
1711476143.8998418,22.490781784057617,-46.44580841064453,144.0604705810547,-20.459999084472656,-63.92237091064453,144.52655029296875,37.935001373291016,-74.80001831054688,157.39892578125,-37.88890075683594,-75.59871673583984,158.39141845703125
1711476143.9099436,22.667030334472656,-46.2454948425293,144.286865234375,-20.628278732299805,-63.89080047607422,144.70138549804688,38.4915657043457,-74.80001831054688,157.67437744140625,-38.40827941894531,-75.60246276855469,158.6446990966797
1711476143.9199562,22.855470657348633,-46.07142639160156,144.42092895507812,-20.796873092651367,-63.86893081665039,144.86997985839844,39.023284912109375,-74.80001831054688,157.90704345703125,-38.91640090942383,-75.60246276855469,158.9281463623047
1711476143.9299452,23.0870304107666,-45.89533996582031,144.5604705810547,-21.008588790893555,-63.81892776489258,145.1207733154297,39.51219177246094,-74.76626586914062,158.0931396484375,-39.38874816894531,-75.60246276855469,159.16641235351562
1711476143.939953,23.250158309936523,-45.73143005371094,144.76515197753906,-21.167654037475586,-63.75143051147461,145.28013610839844,40.006717681884766,-74.76235961914062,158.3628387451172,-39.95952606201172,-75.60246276855469,159.4221954345703
1711476143.9499772,23.48000144958496,-45.54908752441406,144.8943634033203,-21.39156150817871,-63.70174026489258,145.46327209472656,40.47391128540039,-74.74376678466797,158.54080200195312,-40.48249816894531,-75.60246276855469,159.66734313964844
1711476143.9603693,23.658283233642578,-45.38861846923828,145.01983642578125,-21.532028198242188,-63.64017868041992,145.67623901367188,40.97203063964844,-74.74235534667969,158.79437255859375,-40.9810905456543,-75.60246276855469,159.90110778808594
1711476143.9699335,23.94109344482422,-45.216590881347656,145.200927734375,-21.724525451660156,-63.59173583984375,145.8495330810547,41.48344039916992,-74.74235534667969,159.0031280517578,-41.46577835083008,-75.60246276855469,160.10845947265625
1711476143.979958,24.12890625,-45.030494689941406,145.3474884033203,-21.926715850830078,-63.58783721923828,146.0965576171875,42.01609802246094,-74.73970794677734,159.2492218017578,-41.992496490478516,-75.58480834960938,160.3176727294922
1711476143.9899526,24.412500381469727,-44.85049057006836,145.44061279296875,-22.098119735717773,-63.55127716064453,146.26873779296875,42.503753662109375,-74.72251892089844,159.4378204345703,-42.484214782714844,-75.58480834960938,160.5364227294922
1711476143.9999878,24.6221866607666,-44.625022888183594,145.58233642578125,-22.339683532714844,-63.51736831665039,146.46234130859375,42.988285064697266,-74.69329833984375,159.66766357421875,-43.06406021118164,-75.58480834960938,160.7456512451172
1711476144.0099578,24.857032775878906,-44.4447135925293,145.73280334472656,-22.532184600830078,-63.50674057006836,146.63092041015625,43.41672134399414,-74.69235229492188,159.84735107421875,-43.57670974731445,-75.5548095703125,160.90281677246094
1711476144.0199332,25.082969665527344,-44.227996826171875,145.8104705810547,-22.765310287475586,-63.46236801147461,146.73390197753906,43.8548469543457,-74.68392944335938,160.0042266845703,-44.074058532714844,-75.54481506347656,161.1417236328125
1711476144.0299292,25.31609535217285,-44.03752136230469,145.89593505859375,-22.937339782714844,-63.40018081665039,146.9137420654297,44.33140563964844,-74.68235778808594,160.2142333984375,-44.534996032714844,-75.50293731689453,161.3240509033203
1711476144.0399568,25.501251220703125,-43.835182189941406,146.00421142578125,-23.089683532714844,-63.35205078125,147.08045959472656,44.829063415527344,-74.66923522949219,160.31687927246094,-45.00343322753906,-75.47386932373047,161.54173278808594
1711476144.049963,25.743595123291016,-43.63236999511719,146.13906860351562,-23.28203010559082,-63.28096008300781,147.17218017578125,45.286563873291016,-74.65470123291016,160.44265747070312,-45.464839935302734,-75.46168518066406,161.76812744140625
1711476144.0600927,25.90656280517578,-43.444400787353516,146.24734497070312,-23.426559448242188,-63.19783401489258,147.28546142578125,45.804534912109375,-74.63861083984375,160.63844299316406,-45.96311950683594,-75.39168548583984,161.94703674316406
1711476144.069963,26.064376831054688,-43.26924133300781,146.314208984375,-23.58624839782715,-63.14251708984375,147.44467163085938,46.22687911987305,-74.6014175415039,160.78720092773438,-46.44062042236328,-75.3126220703125,162.17608642578125
1711476144.0798707,26.283283233642578,-43.1131477355957,146.39935302734375,-23.77765464782715,-63.14236831665039,147.55747985839844,46.626564025878906,-74.5779800415039,160.94329833984375,-46.88749694824219,-75.21700286865234,162.3254852294922
1711476144.0899289,26.4464054107666,-42.97830581665039,146.52561950683594,-23.889371871948242,-63.12111282348633,147.64654541015625,47.05547332763672,-74.5545425415039,161.1281280517578,-47.35124588012695,-75.13434600830078,162.5243682861328
1711476144.0999553,26.65906524658203,-42.86408996582031,146.6464080810547,-24.005935668945312,-63.11345672607422,147.76841735839844,47.48906326293945,-74.5223617553711,161.21751403808594,-47.8326530456543,-75.08465576171875,162.69766235351562
1711476144.109966,26.904844284057617,-42.728153228759766,146.71905517578125,-24.156400680541992,-63.10236358642578,147.91656494140625,47.94718933105469,-74.46798706054688,161.3226776123047,-48.27077865600586,-75.04481506347656,162.8039093017578
1711476144.1199484,27.136253356933594,-42.60361862182617,146.7866973876953,-24.264680862426758,-63.08189392089844,148.0037384033203,48.42453384399414,-74.38595581054688,161.50828552246094,-48.785621643066406,-75.01980590820312,162.99063110351562
1711476144.129959,27.34812355041504,-42.49440002441406,146.83155822753906,-24.36968421936035,-63.06142807006836,148.06451416015625,48.823909759521484,-74.30516815185547,161.6693878173828,-49.20234298706055,-74.99324798583984,163.12782287597656
1711476144.1399357,27.496252059936523,-42.402523040771484,146.91217041015625,-24.52171516418457,-63.0523681640625,148.1276397705078,49.17921829223633,-74.2098617553711,161.75064086914062,-49.613433837890625,-74.93262481689453,163.2185821533203
1711476144.1499345,27.707813262939453,-42.2750244140625,147.015625,-24.68702507019043,-63.03893280029297,148.2448272705078,49.51094055175781,-74.1326675415039,161.87298583984375,-49.99421691894531,-74.8432388305664,163.3485870361328
1711476144.1599464,27.81656265258789,-42.14518356323242,147.11639404296875,-24.795778274536133,-63.02970886230469,148.40670776367188,49.855628967285156,-74.09485626220703,162.0492401123047,-50.390621185302734,-74.76980590820312,163.50079345703125
1711476144.1699605,27.95187759399414,-42.0306510925293,147.1834259033203,-24.921247482299805,-62.99032974243164,148.5153045654297,50.19078063964844,-74.07892608642578,162.1887664794922,-50.772186279296875,-74.70497131347656,163.59657287597656
1711476144.1799877,28.124845504760742,-41.92190170288086,147.23046875,-25.06562042236328,-62.96626663208008,148.57998657226562,50.5329704284668,-74.03282928466797,162.31797790527344,-51.15781021118164,-74.65419006347656,163.69407653808594
1711476144.1899445,28.223125457763672,-41.79486846923828,147.275146484375,-25.206558227539062,-62.95236587524414,148.63967895507812,50.88140869140625,-73.97329711914062,162.4954833984375,-51.50468444824219,-74.61465454101562,163.8223419189453
1711476144.1999385,28.32750129699707,-41.64814758300781,147.32467651367188,-25.314682006835938,-62.89220428466797,148.7202911376953,51.21390914916992,-73.91532897949219,162.607666015625,-51.85015106201172,-74.61167907714844,163.9668731689453
1711476144.2099452,28.46390724182129,-41.518306732177734,147.39451599121094,-25.46421241760254,-62.82595443725586,148.82264709472656,51.55000305175781,-73.8236083984375,162.68438720703125,-52.20046615600586,-74.56293487548828,164.04672241210938
1711476144.2199643,28.59312629699707,-41.389244079589844,147.46734619140625,-25.620933532714844,-62.78017807006836,148.92904663085938,51.85328674316406,-73.75314331054688,162.77220153808594,-52.502967834472656,-74.53778076171875,164.1281280517578
1711476144.2299619,28.676719665527344,-41.23955535888672,147.5582733154297,-25.723121643066406,-62.70142364501953,148.98764038085938,52.164222717285156,-73.72422790527344,162.88095092773438,-52.770774841308594,-74.49699401855469,164.1995391845703
1711476144.2399638,28.76921844482422,-41.1126823425293,147.61920166015625,-25.805932998657227,-62.64236068725586,149.03921508789062,52.45219421386719,-73.70236206054688,163.02313232421875,-53.1221809387207,-74.44434356689453,164.3215789794922
1711476144.2499688,28.879844665527344,-41.02580261230469,147.66140747070312,-25.901248931884766,-62.64236068725586,149.08872985839844,52.735939025878906,-73.69361114501953,163.0843963623047,-53.42265319824219,-74.36996459960938,164.46046447753906
1711476144.259993,28.982032775878906,-40.947837829589844,147.67984008789062,-26.014373779296875,-62.62236785888672,149.15216064453125,53.02047348022461,-73.68907928466797,163.12518310546875,-53.7662467956543,-74.29544067382812,164.53392028808594
1711476144.2699559,29.07843780517578,-40.846900939941406,147.70343017578125,-26.10999870300293,-62.62236785888672,149.23233032226562,53.24296951293945,-73.6523666381836,163.17922973632812,-54.10077667236328,-74.22433471679688,164.59173583984375
1711476144.2799668,29.15937614440918,-40.724403381347656,147.71685791015625,-26.18577766418457,-62.61205291748047,149.32920837402344,53.531410217285156,-73.63142395019531,163.23423767089844,-54.42030715942383,-74.17012786865234,164.6514129638672
1711476144.2899656,29.24828338623047,-40.6265869140625,147.7451629638672,-26.267183303833008,-62.58533477783203,149.40858459472656,53.75656509399414,-73.58283233642578,163.31439208984375,-54.70874786376953,-74.14324951171875,164.7454833984375
1711476144.3000417,29.32609748840332,-40.56080627441406,147.7810821533203,-26.315462112426758,-62.58236312866211,149.44281005859375,54.01031494140625,-73.51205444335938,163.41952514648438,-54.953433990478516,-74.13574981689453,164.8623504638672
1711476144.3099866,29.415626525878906,-40.5189323425293,147.7917022705078,-26.335466384887695,-62.56142807006836,149.4706268310547,54.19000244140625,-73.47454833984375,163.4884490966797,-55.16718673706055,-74.11371612548828,164.96360778808594
1711476144.3209152,29.51031494140625,-40.46174621582031,147.82029724121094,-26.371713638305664,-62.55986785888672,149.50013732910156,54.42234802246094,-73.37126922607422,163.525634765625,-55.39374923706055,-74.10481262207031,165.0003204345703
1711476144.3299494,29.60609245300293,-40.39893341064453,147.85592651367188,-26.415306091308594,-62.54064178466797,149.51498413085938,54.58937454223633,-73.3240737915039,163.54751586914062,-55.578433990478516,-74.0826187133789,165.04095458984375
1711476144.340004,29.68765640258789,-40.32955551147461,147.8903045654297,-26.48218536376953,-62.52064895629883,149.5513916015625,54.825782775878906,-73.2812728881836,163.57577514648438,-55.73686981201172,-74.0748062133789,165.0637664794922
1711476144.3499548,29.789846420288086,-40.23924255371094,147.94061279296875,-26.546403884887695,-62.52236557006836,149.575927734375,54.98687744140625,-73.26235961914062,163.58750915527344,-55.916873931884766,-74.01465606689453,165.11703491210938
1711476144.360041,29.87796974182129,-40.222835540771484,147.98826599121094,-26.60796356201172,-62.48533248901367,149.60919189453125,55.15125274658203,-73.26235961914062,163.61155700683594,-56.07984161376953,-73.9996566772461,165.1592254638672
1711476144.369976,29.96968650817871,-40.19752502441406,148.0234375,-26.642181396484375,-62.4508056640625,149.63467407226562,55.302032470703125,-73.24345397949219,163.63299560546875,-56.214683532714844,-73.98043823242188,165.23016357421875
1711476144.3799562,30.04875373840332,-40.17439651489258,148.04592895507812,-26.65796661376953,-62.43549346923828,149.68093872070312,55.43046951293945,-73.24235534667969,163.65110778808594,-56.40046691894531,-73.92387390136719,165.3020477294922
1711476144.389943,30.10202980041504,-40.16752624511719,148.0584259033203,-26.67296600341797,-62.40158462524414,149.73280334472656,55.535316467285156,-73.24235534667969,163.67079162597656,-56.5340576171875,-73.92028045654297,165.3550262451172
1711476144.3999686,30.16781234741211,-40.14814758300781,148.08123779296875,-26.67514991760254,-62.38220977783203,149.763427734375,55.62437438964844,-73.22235870361328,163.7045440673828,-56.66343307495117,-73.86918640136719,165.3798370361328
1711476144.4099922,30.188438415527344,-40.134403228759766,148.08248901367188,-26.708274841308594,-62.36892318725586,149.78997802734375,55.7528190612793,-73.22235870361328,163.7334442138672,-56.821712493896484,-73.79386901855469,165.40016174316406
1711476144.4199505,30.18765640258789,-40.11924362182617,148.08811950683594,-26.72515106201172,-62.33220672607422,149.82046508789062,55.860313415527344,-73.22235870361328,163.7534637451172,-56.94718551635742,-73.76824951171875,165.42001342773438
1711476144.429971,30.207969665527344,-40.091434478759766,148.1024932861328,-26.767026901245117,-62.31861877441406,149.82420349121094,55.92328643798828,-73.21891784667969,163.7978057861328,-57.04045867919922,-73.76199340820312,165.42266845703125
1711476144.4400077,30.227657318115234,-40.0875244140625,148.1024932861328,-26.793277740478516,-62.31236267089844,149.8482666015625,55.959693908691406,-73.19235229492188,163.81752014160156,-57.11250305175781,-73.72355651855469,165.44187927246094
1711476144.44995,30.232343673706055,-40.06283950805664,148.1024932861328,-26.845151901245117,-62.29001998901367,149.84999084472656,55.9993782043457,-73.19235229492188,163.84954833984375,-57.19624710083008,-73.70856475830078,165.44015502929688
1711476144.4599943,30.26906394958496,-40.053932189941406,148.11248779296875,-26.913902282714844,-62.28580856323242,149.85389709472656,56.02000427246094,-73.19235229492188,163.85751342773438,-57.26405715942383,-73.70480346679688,165.4601593017578
1711476144.4699745,30.26766014099121,-40.01752471923828,148.11248779296875,-26.99703025817871,-62.28236770629883,149.86997985839844,56.059688568115234,-73.19235229492188,163.873291015625,-57.34062194824219,-73.70480346679688,165.4601593017578
1711476144.4800282,30.28843879699707,-39.97830581665039,148.11248779296875,-27.031557083129883,-62.27533721923828,149.86997985839844,56.109066009521484,-73.19235229492188,163.88063049316406,-57.37624740600586,-73.6958999633789,165.46751403808594
1711476144.489894,30.30765724182129,-39.967525482177734,148.1217041015625,-27.035152435302734,-62.27236557006836,149.86997985839844,56.17031478881836,-73.18751525878906,163.89752197265625,-57.41171646118164,-73.69012451171875,165.48016357421875
1711476144.499964,30.31203269958496,-39.918304443359375,148.12249755859375,-27.04546546936035,-62.26064682006836,149.8795166015625,56.20469284057617,-73.18235778808594,163.90188598632812,-57.43359375,-73.67481231689453,165.48016357421875
1711476144.5100613,30.337656021118164,-39.914241790771484,148.12249755859375,-27.04515266418457,-62.26236343383789,149.87998962402344,56.24078369140625,-73.18235778808594,163.91751098632812,-57.43999481201172,-73.67481231689453,165.48016357421875
1711476144.519957,30.34015655517578,-39.87861633300781,148.12249755859375,-27.06702995300293,-62.26236343383789,149.87998962402344,56.2556266784668,-73.18235778808594,163.91751098632812,-57.44687271118164,-73.67481231689453,165.48016357421875
1711476144.5299916,30.357656478881836,-39.874088287353516,148.12249755859375,-27.065149307250977,-62.25736618041992,149.87998962402344,56.27000427246094,-73.18235778808594,163.92752075195312,-57.44999313354492,-73.66637420654297,165.48016357421875
1711476144.5400004,30.365468978881836,-39.85752868652344,148.12249755859375,-27.065149307250977,-62.25236511230469,149.87998962402344,56.2912483215332,-73.17423248291016,163.92752075195312,-57.46546173095703,-73.66481018066406,165.48016357421875
1711476144.5498743,30.384063720703125,-39.83815002441406,148.12249755859375,-27.065149307250977,-62.25236511230469,149.87998962402344,56.29422378540039,-73.17235565185547,163.93643188476562,-57.46999740600586,-73.65496826171875,165.48016357421875
1711476144.5599847,30.387657165527344,-39.8375244140625,148.09014892578125,-27.065149307250977,-62.25236511230469,149.87998962402344,56.30000305175781,-73.17235565185547,163.93751525878906,-57.46999740600586,-73.65481567382812,165.48016357421875
1711476144.5699575,30.387657165527344,-39.8375244140625,147.9120330810547,-27.065149307250977,-62.23174285888672,149.8598175048828,56.23359680175781,-73.16455078125,163.80657958984375,-57.45640182495117,-73.59214782714844,165.45767211914062
1711476144.5799751,30.35500144958496,-39.8375244140625,147.63812255859375,-27.065149307250977,-62.19502639770508,149.8404541015625,56.18296813964844,-73.09954833984375,163.68141174316406,-57.44483947753906,-73.45027923583984,165.43251037597656
1711476144.5899618,30.340003967285156,-39.8375244140625,147.37234497070312,-27.065149307250977,-62.16361618041992,149.8348388671875,56.144065856933594,-73.05423736572266,163.58172607421875,-57.44483947753906,-73.25496673583984,165.43251037597656
1711476144.599963,30.340003967285156,-39.8375244140625,147.09420776367188,-27.065149307250977,-62.15658187866211,149.8348388671875,56.14484786987305,-72.94611358642578,163.5723419189453,-57.44483947753906,-73.09152221679688,165.43251037597656
1711476144.6099815,30.340003967285156,-39.8375244140625,146.83766174316406,-27.065149307250977,-62.15236282348633,149.8348388671875,56.14484786987305,-72.79782104492188,163.5723419189453,-57.44483947753906,-73.01403045654297,165.43251037597656
1711476144.619976,30.340003967285156,-39.8375244140625,146.57342529296875,-27.065149307250977,-62.15236282348633,149.8348388671875,56.14484786987305,-72.74470520019531,163.55235290527344,-57.44483947753906,-72.99481201171875,165.43251037597656
1711476144.629982,30.340003967285156,-39.8375244140625,146.37062072753906,-27.065149307250977,-62.15236282348633,149.8348388671875,56.14484786987305,-72.73236083984375,163.55235290527344,-57.44483947753906,-72.99481201171875,165.43251037597656
1711476144.6399887,30.340003967285156,-39.8375244140625,146.15577697753906,-27.065149307250977,-62.15236282348633,149.8348388671875,56.14484786987305,-72.7732925415039,163.55235290527344,-57.44483947753906,-73.0079345703125,165.43251037597656
1711476144.6499836,30.340003967285156,-39.8375244140625,146.0340576171875,-27.065149307250977,-62.15236282348633,149.8348388671875,56.14484786987305,-72.78001403808594,163.55235290527344,-57.44483947753906,-73.0387191772461,165.43251037597656
1711476144.6599844,30.340003967285156,-39.8375244140625,145.98373413085938,-27.065149307250977,-62.15236282348633,149.8348388671875,56.14484786987305,-72.78001403808594,163.55235290527344,-57.44483947753906,-73.04246520996094,165.43251037597656
1711476144.6699874,30.340003967285156,-39.8375244140625,145.9471893310547,-27.065149307250977,-62.15236282348633,149.8348388671875,56.14484786987305,-72.78001403808594,163.55235290527344,-57.44483947753906,-73.04246520996094,165.43251037597656
1711476144.6799822,30.340003967285156,-39.8375244140625,145.89952087402344,-27.065149307250977,-62.14205551147461,149.8348388671875,56.14484786987305,-72.78001403808594,163.55235290527344,-57.44483947753906,-73.04246520996094,165.43251037597656
1711476144.6899889,30.340003967285156,-39.8375244140625,145.80421447753906,-27.065149307250977,-62.14236068725586,149.8348388671875,56.14484786987305,-72.78001403808594,163.54408264160156,-57.44483947753906,-73.04246520996094,165.43251037597656
1711476144.6999831,30.340003967285156,-39.8375244140625,145.73468017578125,-27.065149307250977,-62.14236068725586,149.8348388671875,56.14484786987305,-72.78001403808594,163.54234313964844,-57.44483947753906,-73.04246520996094,165.43251037597656
1711476144.709982,30.340003967285156,-39.8375244140625,145.72483825683594,-27.065149307250977,-62.14236068725586,149.8348388671875,56.14484786987305,-72.78001403808594,163.54234313964844,-57.44483947753906,-73.04246520996094,165.43251037597656
1711476144.7199972,30.340003967285156,-39.8375244140625,145.7520294189453,-27.065149307250977,-62.14236068725586,149.8348388671875,56.14484786987305,-72.78001403808594,163.54234313964844,-57.44483947753906,-73.04246520996094,165.43251037597656
1711476144.729994,30.340003967285156,-39.8375244140625,145.75250244140625,-27.065149307250977,-62.14236068725586,149.8348388671875,56.14484786987305,-72.78001403808594,163.54234313964844,-57.44483947753906,-73.04246520996094,165.43251037597656
1711476144.739969,30.340003967285156,-39.8375244140625,145.75250244140625,-27.065149307250977,-62.14236068725586,149.8348388671875,56.14484786987305,-72.78001403808594,163.54234313964844,-57.44483947753906,-73.04246520996094,165.43251037597656
1711476144.7499702,30.340003967285156,-39.8375244140625,145.75250244140625,-27.065149307250977,-62.14236068725586,149.8348388671875,56.14484786987305,-72.78001403808594,163.54234313964844,-57.44483947753906,-73.04246520996094,165.43251037597656
1711476144.7600024,30.340003967285156,-39.8375244140625,145.75250244140625,-27.065149307250977,-62.14236068725586,149.8348388671875,56.14484786987305,-72.78001403808594,163.54234313964844,-57.44483947753906,-73.0268325805664,165.43251037597656
1711476144.7699924,30.340003967285156,-39.8375244140625,145.75250244140625,-27.065149307250977,-62.14236068725586,149.8348388671875,56.14484786987305,-72.78001403808594,163.54234313964844,-57.44483947753906,-73.02481079101562,165.43251037597656
1711476144.7799735,30.340003967285156,-39.8375244140625,145.75250244140625,-27.065149307250977,-62.14236068725586,149.8348388671875,56.14484786987305,-72.78001403808594,163.54234313964844,-57.44483947753906,-73.02481079101562,165.43251037597656
1711476144.789994,30.340003967285156,-39.8375244140625,145.75250244140625,-27.065149307250977,-62.14236068725586,149.8348388671875,56.14484786987305,-72.78001403808594,163.54234313964844,-57.44483947753906,-73.02481079101562,165.43251037597656
1711476144.7999935,30.340003967285156,-39.8375244140625,145.75250244140625,-27.065149307250977,-62.14236068725586,149.8348388671875,56.14484786987305,-72.78001403808594,163.54234313964844,-57.44483947753906,-73.02481079101562,165.43251037597656
1711476144.8099713,30.340003967285156,-39.8375244140625,145.75250244140625,-27.065149307250977,-62.14236068725586,149.8348388671875,56.14484786987305,-72.78001403808594,163.54234313964844,-57.44483947753906,-73.02481079101562,165.43251037597656
1711476144.8199894,30.340003967285156,-39.8375244140625,145.75250244140625,-27.065149307250977,-62.14236068725586,149.8348388671875,56.14484786987305,-72.78001403808594,163.54234313964844,-57.44483947753906,-73.02481079101562,165.43251037597656
1711476144.830004,30.340003967285156,-39.8375244140625,145.75250244140625,-27.065149307250977,-62.14236068725586,149.8348388671875,56.14484786987305,-72.78001403808594,163.54234313964844,-57.44483947753906,-73.02481079101562,165.43251037597656
1711476144.839976,30.340003967285156,-39.8375244140625,145.75250244140625,-27.065149307250977,-62.14236068725586,149.8348388671875,56.14484786987305,-72.78001403808594,163.54234313964844,-57.44483947753906,-73.02481079101562,165.43251037597656
1711476144.8499963,30.340003967285156,-39.8375244140625,145.75250244140625,-27.065149307250977,-62.14236068725586,149.8348388671875,56.14484786987305,-72.78001403808594,163.54234313964844,-57.44483947753906,-73.02481079101562,165.43251037597656
1711476144.8600063,30.340003967285156,-39.8375244140625,145.75250244140625,-27.065149307250977,-62.14236068725586,149.8348388671875,56.14484786987305,-72.78001403808594,163.54234313964844,-57.44483947753906,-73.02481079101562,165.43251037597656
1711476144.8699832,30.340003967285156,-39.8375244140625,145.75250244140625,-27.065149307250977,-62.14236068725586,149.8348388671875,56.14484786987305,-72.78001403808594,163.54234313964844,-57.44483947753906,-73.02481079101562,165.43251037597656
1711476144.8799775,30.340003967285156,-39.8375244140625,145.75250244140625,-27.065149307250977,-62.14236068725586,149.8348388671875,56.14484786987305,-72.78001403808594,163.54234313964844,-57.44483947753906,-73.02481079101562,165.43251037597656
1711476144.8899708,30.340003967285156,-39.8375244140625,145.75250244140625,-27.065149307250977,-62.14236068725586,149.8348388671875,56.14484786987305,-72.78001403808594,163.54234313964844,-57.44483947753906,-73.02481079101562,165.43251037597656
1711476144.8999867,30.340003967285156,-39.8375244140625,145.75250244140625,-27.065149307250977,-62.14236068725586,149.8348388671875,56.14484786987305,-72.76283264160156,163.54234313964844,-57.44483947753906,-73.02481079101562,165.43251037597656
1711476144.9099958,30.340003967285156,-39.8375244140625,145.75250244140625,-27.065149307250977,-62.14236068725586,149.8348388671875,56.14484786987305,-72.76235961914062,163.54234313964844,-57.44483947753906,-73.02481079101562,165.43251037597656
1711476144.920006,30.340003967285156,-39.8375244140625,145.75250244140625,-27.065149307250977,-62.14236068725586,149.8348388671875,56.14484786987305,-72.76235961914062,163.54234313964844,-57.44483947753906,-73.02481079101562,165.43251037597656
1711476144.9299796,30.340003967285156,-39.8375244140625,145.75250244140625,-27.065149307250977,-62.14236068725586,149.8348388671875,56.14484786987305,-72.76235961914062,163.54234313964844,-57.44483947753906,-73.02481079101562,165.43251037597656
1711476144.940025,30.340003967285156,-39.8375244140625,145.75250244140625,-27.065149307250977,-62.14236068725586,149.8348388671875,56.14484786987305,-72.76235961914062,163.54234313964844,-57.44483947753906,-73.01840209960938,165.43251037597656
1711476144.949987,30.340003967285156,-39.8375244140625,145.75250244140625,-27.065149307250977,-62.14236068725586,149.8348388671875,56.14484786987305,-72.76235961914062,163.54234313964844,-57.44483947753906,-73.00480651855469,165.43251037597656
1711476144.959988,30.340003967285156,-39.8375244140625,145.75250244140625,-27.065149307250977,-62.14236068725586,149.8348388671875,56.14484786987305,-72.76235961914062,163.54234313964844,-57.44483947753906,-73.00480651855469,165.43251037597656
1711476144.9699976,30.340003967285156,-39.8375244140625,145.75250244140625,-27.065149307250977,-62.14236068725586,149.8348388671875,56.14484786987305,-72.76235961914062,163.54234313964844,-57.44483947753906,-73.00480651855469,165.43251037597656
1711476144.979997,30.340003967285156,-39.8375244140625,145.75250244140625,-27.065149307250977,-62.14236068725586,149.8348388671875,56.14484786987305,-72.76235961914062,163.54234313964844,-57.44483947753906,-73.00480651855469,165.43251037597656
1711476144.9899929,30.340003967285156,-39.8375244140625,145.75250244140625,-27.065149307250977,-62.14236068725586,149.8348388671875,56.14484786987305,-72.76235961914062,163.5323486328125,-57.44483947753906,-73.00184631347656,165.43251037597656
1711476145.000008,30.340003967285156,-39.8375244140625,145.75250244140625,-27.065149307250977,-62.14236068725586,149.8348388671875,56.14484786987305,-72.76235961914062,163.5323486328125,-57.44483947753906,-72.99481201171875,165.43251037597656
1711476145.0099907,30.340003967285156,-39.8375244140625,145.75250244140625,-27.065149307250977,-62.14236068725586,149.8348388671875,56.14484786987305,-72.76235961914062,163.5323486328125,-57.44483947753906,-72.98902893066406,165.4229736328125
1711476145.0200145,30.340003967285156,-39.8375244140625,145.75250244140625,-27.065149307250977,-62.14236068725586,149.8348388671875,56.14484786987305,-72.76235961914062,163.5323486328125,-57.44483947753906,-72.96324920654297,165.42251586914062
1711476145.0300202,30.340003967285156,-39.8375244140625,145.75250244140625,-27.065149307250977,-62.14236068725586,149.8348388671875,56.14484786987305,-72.76235961914062,163.5323486328125,-57.44483947753906,-72.92871856689453,165.42251586914062
1711476145.0399919,30.340003967285156,-39.8375244140625,145.75250244140625,-27.065149307250977,-62.14236068725586,149.8348388671875,56.14484786987305,-72.76235961914062,163.5323486328125,-57.44483947753906,-72.86371612548828,165.42251586914062
1711476145.0500052,30.340003967285156,-39.8375244140625,145.75250244140625,-27.065149307250977,-62.14236068725586,149.8348388671875,56.14484786987305,-72.76235961914062,163.5323486328125,-57.44483947753906,-72.78903198242188,165.42251586914062
1711476145.0599983,30.340003967285156,-39.8375244140625,145.75250244140625,-27.065149307250977,-62.14236068725586,149.8348388671875,56.14484786987305,-72.76235961914062,163.5323486328125,-57.44483947753906,-72.762939453125,165.42251586914062
1711476145.0699863,30.340003967285156,-39.8375244140625,145.75250244140625,-27.065149307250977,-62.14236068725586,149.8348388671875,56.14484786987305,-72.76235961914062,163.5323486328125,-57.44483947753906,-72.75481414794922,165.42251586914062
1711476145.079993,30.340003967285156,-39.8375244140625,145.75250244140625,-27.065149307250977,-62.13142776489258,149.8348388671875,56.14484786987305,-72.7548599243164,163.5323486328125,-57.44483947753906,-72.75481414794922,165.41749572753906
1711476145.08999,30.340003967285156,-39.8375244140625,145.75250244140625,-27.065149307250977,-62.13236618041992,149.8348388671875,56.14484786987305,-72.75235748291016,163.5323486328125,-57.44483947753906,-72.75481414794922,165.41250610351562
1711476145.0999897,30.340003967285156,-39.8375244140625,145.75250244140625,-27.065149307250977,-62.13236618041992,149.8348388671875,56.14484786987305,-72.75235748291016,163.5323486328125,-57.44483947753906,-72.75481414794922,165.41250610351562
1711476145.109999,30.340003967285156,-39.8375244140625,145.75250244140625,-27.065149307250977,-62.13236618041992,149.8348388671875,56.14484786987305,-72.75235748291016,163.5323486328125,-57.44483947753906,-72.75481414794922,165.41250610351562
1711476145.120007,30.340003967285156,-39.8375244140625,145.75250244140625,-27.065149307250977,-62.13236618041992,149.8348388671875,56.14484786987305,-72.75235748291016,163.5323486328125,-57.44483947753906,-72.75481414794922,165.41250610351562
1711476145.1300223,30.340003967285156,-39.8375244140625,145.75250244140625,-27.065149307250977,-62.13236618041992,149.8348388671875,56.14484786987305,-72.75235748291016,163.5323486328125,-57.44483947753906,-72.75481414794922,165.41250610351562
1711476145.1399906,30.340003967285156,-39.8375244140625,145.75250244140625,-27.065149307250977,-62.13236618041992,149.8348388671875,56.14484786987305,-72.75235748291016,163.5323486328125,-57.44483947753906,-72.75481414794922,165.41250610351562
1711476145.1500068,30.340003967285156,-39.8375244140625,145.75250244140625,-27.065149307250977,-62.13236618041992,149.8348388671875,56.14484786987305,-72.75235748291016,163.5323486328125,-57.44483947753906,-72.75481414794922,165.41250610351562
1711476145.1600025,30.340003967285156,-39.8375244140625,145.75250244140625,-27.065149307250977,-62.13236618041992,149.8348388671875,56.14484786987305,-72.75235748291016,163.5323486328125,-57.44483947753906,-72.75481414794922,165.41250610351562
1711476145.1700087,30.340003967285156,-39.8375244140625,145.75250244140625,-27.065149307250977,-62.13236618041992,149.8348388671875,56.14484786987305,-72.75235748291016,163.5323486328125,-57.44483947753906,-72.75481414794922,165.41250610351562
1711476145.17999,30.340003967285156,-39.8375244140625,145.75250244140625,-27.065149307250977,-62.13236618041992,149.8348388671875,56.14484786987305,-72.75235748291016,163.5323486328125,-57.44483947753906,-72.75481414794922,165.41250610351562
1711476145.190008,30.340003967285156,-39.8375244140625,145.75250244140625,-27.065149307250977,-62.13236618041992,149.8348388671875,56.14484786987305,-72.75235748291016,163.5323486328125,-57.44483947753906,-72.75481414794922,165.41250610351562
1711476145.2000043,30.340003967285156,-39.8375244140625,145.75250244140625,-27.065149307250977,-62.13236618041992,149.8348388671875,56.14484786987305,-72.75235748291016,163.5323486328125,-57.44483947753906,-72.75481414794922,165.41250610351562
1711476145.2100008,30.340003967285156,-39.8375244140625,145.75250244140625,-27.065149307250977,-62.13236618041992,149.8348388671875,56.14484786987305,-72.75235748291016,163.5323486328125,-57.44483947753906,-72.75481414794922,165.41250610351562
1711476145.2200096,30.340003967285156,-39.8375244140625,145.75250244140625,-27.065149307250977,-62.13236618041992,149.8348388671875,56.14484786987305,-72.75235748291016,163.5323486328125,-57.44483947753906,-72.75481414794922,165.41250610351562
1711476145.230004,30.340003967285156,-39.8375244140625,145.75250244140625,-27.065149307250977,-62.13236618041992,149.8348388671875,56.14484786987305,-72.75235748291016,163.5323486328125,-57.44483947753906,-72.75481414794922,165.41250610351562
1711476145.2399945,30.340003967285156,-39.8375244140625,145.75250244140625,-27.065149307250977,-62.13236618041992,149.8348388671875,56.14484786987305,-72.75235748291016,163.5323486328125,-57.44483947753906,-72.75481414794922,165.41250610351562
1711476145.2500167,30.340003967285156,-39.8375244140625,145.75250244140625,-27.065149307250977,-62.13236618041992,149.8348388671875,56.14484786987305,-72.75235748291016,163.5323486328125,-57.44483947753906,-72.75481414794922,165.41250610351562
1711476145.260001,30.340003967285156,-39.8375244140625,145.75250244140625,-27.065149307250977,-62.13236618041992,149.8348388671875,56.14484786987305,-72.75235748291016,163.5323486328125,-57.44483947753906,-72.75481414794922,165.41250610351562
1711476145.2699983,30.340003967285156,-39.8375244140625,145.75250244140625,-27.065149307250977,-62.13236618041992,149.8348388671875,56.14484786987305,-72.75235748291016,163.5323486328125,-57.44483947753906,-72.75481414794922,165.41250610351562
1711476145.2800102,30.340003967285156,-39.8375244140625,145.75250244140625,-27.065149307250977,-62.13236618041992,149.8348388671875,56.14484786987305,-72.75235748291016,163.5323486328125,-57.44483947753906,-72.75481414794922,165.41250610351562
1711476145.2900062,30.340003967285156,-39.8375244140625,145.75250244140625,-27.065149307250977,-62.13236618041992,149.8348388671875,56.14484786987305,-72.75235748291016,163.5323486328125,-57.44483947753906,-72.75481414794922,165.41250610351562
1711476145.2999992,30.340003967285156,-39.8375244140625,145.75250244140625,-27.065149307250977,-62.13236618041992,149.8348388671875,56.14484786987305,-72.75235748291016,163.5323486328125,-57.44483947753906,-72.75481414794922,165.41250610351562
1711476145.3100183,30.340003967285156,-39.8375244140625,145.75250244140625,-27.065149307250977,-62.13236618041992,149.8348388671875,56.14484786987305,-72.75235748291016,163.5323486328125,-57.44483947753906,-72.75481414794922,165.41250610351562
1711476145.3200057,30.340003967285156,-39.8375244140625,145.75250244140625,-27.065149307250977,-62.13236618041992,149.8348388671875,56.14484786987305,-72.75235748291016,163.5323486328125,-57.44483947753906,-72.75481414794922,165.41250610351562
1711476145.3299985,30.340003967285156,-39.8375244140625,145.75250244140625,-27.065149307250977,-62.13236618041992,149.8348388671875,56.14484786987305,-72.75235748291016,163.5323486328125,-57.44483947753906,-72.75481414794922,165.41250610351562
1711476145.340021,30.340003967285156,-39.8375244140625,145.75250244140625,-27.065149307250977,-62.13236618041992,149.8348388671875,56.14484786987305,-72.75235748291016,163.5323486328125,-57.44483947753906,-72.75481414794922,165.41250610351562
1711476145.3500035,30.340003967285156,-39.8375244140625,145.75250244140625,-27.065149307250977,-62.13236618041992,149.8348388671875,56.14484786987305,-72.75235748291016,163.5323486328125,-57.44483947753906,-72.75481414794922,165.41250610351562
1711476145.360018,30.340003967285156,-39.8375244140625,145.75250244140625,-27.065149307250977,-62.13236618041992,149.8348388671875,56.14484786987305,-72.75235748291016,163.5323486328125,-57.44483947753906,-72.75481414794922,165.41250610351562
1711476145.3700063,30.340003967285156,-39.8375244140625,145.75250244140625,-27.065149307250977,-62.13236618041992,149.8348388671875,56.14484786987305,-72.75235748291016,163.5323486328125,-57.44483947753906,-72.75481414794922,165.41250610351562
1711476145.3800051,30.340003967285156,-40.28065490722656,145.75250244140625,-27.065149307250977,-62.13236618041992,149.8348388671875,56.14484786987305,-72.75235748291016,163.5323486328125,-57.44483947753906,-72.75481414794922,165.41250610351562
1711476145.3900316,30.270469665527344,-40.8592414855957,145.75250244140625,-27.08312225341797,-62.13236618041992,149.8348388671875,56.17015838623047,-72.75235748291016,163.5323486328125,-57.44483947753906,-72.75481414794922,165.41250610351562
1711476145.4000256,30.28421974182129,-41.4351806640625,145.7331085205078,-27.105154037475586,-62.12517547607422,149.8348388671875,56.16999816894531,-72.73267364501953,163.5323486328125,-57.44483947753906,-72.75481414794922,165.41250610351562
1711476145.4100184,30.30750274658203,-41.78736877441406,145.73483276367188,-27.08827781677246,-62.11501693725586,149.8348388671875,56.20125198364258,-72.77751922607422,163.5323486328125,-57.44483947753906,-72.72293090820312,165.41250610351562
1711476145.4200284,30.27219009399414,-42.0462760925293,145.73483276367188,-27.089994430541992,-62.11236572265625,149.8348388671875,56.29718780517578,-72.84064483642578,163.5323486328125,-57.50202941894531,-72.72481536865234,165.40328979492188
1711476145.4300241,30.317970275878906,-42.31534194946289,145.73483276367188,-27.05828094482422,-62.11236572265625,149.8348388671875,56.42015838623047,-72.8906478881836,163.5323486328125,-57.63921356201172,-72.90168762207031,165.4025115966797
1711476145.4400504,30.32765769958496,-42.82143020629883,145.73483276367188,-27.10609245300293,-62.11236572265625,149.8348388671875,56.5462532043457,-72.90001678466797,163.54751586914062,-57.74093246459961,-72.9682388305664,165.420166015625
1711476145.4500217,30.290000915527344,-43.36674499511719,145.73483276367188,-27.125150680541992,-62.11236572265625,149.8348388671875,56.56999969482422,-72.84298706054688,163.54751586914062,-57.76999282836914,-73.07121276855469,165.420166015625
1711476145.4600227,30.290000915527344,-43.84174346923828,145.73483276367188,-27.072341918945312,-62.10033416748047,149.8348388671875,56.38578414916992,-72.8056411743164,163.54751586914062,-57.76999282836914,-73.08246612548828,165.43109130859375
1711476145.4700127,30.290000915527344,-44.19768142700195,145.73483276367188,-27.069995880126953,-62.10236358642578,149.8348388671875,56.174537658691406,-72.79064178466797,163.52828979492188,-57.76999282836914,-73.02230834960938,165.43016052246094
1711476145.480026,30.290000915527344,-44.57487106323242,145.73483276367188,-27.097026824951172,-62.10236358642578,149.8348388671875,56.05078125,-72.76329803466797,163.5009307861328,-57.76999282836914,-72.90371704101562,165.43016052246094
1711476145.4900398,30.290000915527344,-45.05205535888672,145.73483276367188,-27.09515380859375,-62.10236358642578,149.8348388671875,56.01484680175781,-72.76235961914062,163.50234985351562,-57.76999282836914,-72.82418823242188,165.43016052246094
1711476145.5000193,30.290000915527344,-45.56033706665039,145.73483276367188,-27.09515380859375,-62.09986877441406,149.8348388671875,56.032501220703125,-72.75720977783203,163.50234985351562,-57.76999282836914,-72.8248062133789,165.43016052246094
1711476145.5100172,30.290000915527344,-45.93955612182617,145.73483276367188,-27.09515380859375,-62.08237075805664,149.8348388671875,56.052032470703125,-72.75235748291016,163.50234985351562,-57.78092956542969,-72.8516845703125,165.43016052246094
1711476145.5200255,30.30765724182129,-46.30643081665039,145.73483276367188,-27.09515380859375,-62.08237075805664,149.8348388671875,56.05921936035156,-72.75235748291016,163.50234985351562,-57.77999496459961,-72.86246490478516,165.43016052246094
1711476145.5300584,30.30765724182129,-46.73189926147461,145.73483276367188,-27.105154037475586,-62.08237075805664,149.8348388671875,56.06000518798828,-72.75235748291016,163.50234985351562,-57.77999496459961,-72.86246490478516,165.43016052246094
1711476145.5400407,30.30765724182129,-47.22893142700195,145.73483276367188,-27.105154037475586,-62.07236099243164,149.8348388671875,56.06000518798828,-72.75235748291016,163.50234985351562,-57.77999496459961,-72.89402770996094,165.43016052246094
1711476145.5500312,30.30765724182129,-47.68721008300781,145.73483276367188,-27.105154037475586,-62.07236099243164,149.8348388671875,56.06000518798828,-72.75235748291016,163.50234985351562,-57.77999496459961,-72.92012786865234,165.43016052246094
1711476145.5600274,30.30765724182129,-48.13362121582031,145.73483276367188,-27.105154037475586,-62.06642532348633,149.8348388671875,56.06000518798828,-72.75235748291016,163.50234985351562,-57.77999496459961,-72.9224624633789,165.43016052246094
1711476145.5700243,30.30765724182129,-48.59486770629883,145.73483276367188,-27.105154037475586,-62.06237030029297,149.8348388671875,56.06000518798828,-72.75235748291016,163.50234985351562,-57.77999496459961,-72.9224624633789,165.43016052246094
1711476145.5800443,30.30765724182129,-49.11502456665039,145.73483276367188,-27.105154037475586,-62.06237030029297,149.8348388671875,56.06000518798828,-72.75235748291016,163.50234985351562,-57.77999496459961,-72.92605590820312,165.43016052246094
1711476145.5900702,30.30765724182129,-49.61533737182617,145.73483276367188,-27.105154037475586,-62.06237030029297,149.8348388671875,56.070003509521484,-72.76986694335938,163.50234985351562,-57.77999496459961,-72.93777465820312,165.43016052246094
1711476145.600049,30.30765724182129,-50.12299728393555,145.73483276367188,-27.105154037475586,-62.06237030029297,149.8348388671875,56.10218811035156,-72.77845764160156,163.50234985351562,-57.77999496459961,-72.95246887207031,165.43016052246094
1711476145.610021,30.30765724182129,-50.651588439941406,145.73483276367188,-27.105154037475586,-62.06237030029297,149.8348388671875,56.123435974121094,-72.78001403808594,163.50234985351562,-57.77999496459961,-72.95246887207031,165.43016052246094
1711476145.6200492,30.30765724182129,-51.18549346923828,145.73483276367188,-27.105154037475586,-62.06237030029297,149.8348388671875,56.15171813964844,-72.78001403808594,163.50234985351562,-57.77999496459961,-72.95246887207031,165.43016052246094
1711476145.6300159,30.30765724182129,-51.68002700805664,145.7987518310547,-27.105154037475586,-62.06237030029297,149.8348388671875,56.15999984741211,-72.78001403808594,163.50234985351562,-57.77999496459961,-72.93074798583984,165.43016052246094
1711476145.640013,30.31515884399414,-52.175025939941406,145.8612518310547,-27.105154037475586,-62.06237030029297,149.8348388671875,56.163597106933594,-72.79595184326172,163.50234985351562,-57.77999496459961,-72.89840698242188,165.43016052246094
1711476145.650016,30.317657470703125,-52.66799545288086,145.8824920654297,-27.105154037475586,-62.06237030029297,149.8348388671875,56.18296813964844,-72.8298568725586,163.50234985351562,-57.77999496459961,-72.87480926513672,165.43016052246094
1711476145.660043,30.317657470703125,-53.15205383300781,145.8824920654297,-27.105154037475586,-62.06237030029297,149.8348388671875,56.23328399658203,-72.84001159667969,163.50234985351562,-57.77999496459961,-72.86480712890625,165.43016052246094
1711476145.6700208,30.33484649658203,-53.5869026184082,145.82452392578125,-27.105154037475586,-62.06237030029297,149.8348388671875,56.281253814697266,-72.86001586914062,163.50234985351562,-57.77999496459961,-72.86480712890625,165.43016052246094
1711476145.6800249,30.34046745300293,-53.98768615722656,145.80999755859375,-27.105154037475586,-62.06237030029297,149.8348388671875,56.290000915527344,-72.86001586914062,163.50234985351562,-57.77999496459961,-72.86480712890625,165.43016052246094
1711476145.690036,30.34765625,-54.3486213684082,145.80484008789062,-27.105154037475586,-62.0562744140625,149.8348388671875,56.290000915527344,-72.86001586914062,163.50234985351562,-57.77999496459961,-72.85277557373047,165.43016052246094
1711476145.700041,30.353904724121094,-54.69017791748047,145.81748962402344,-27.105154037475586,-62.05236053466797,149.8348388671875,56.290000915527344,-72.86001586914062,163.50234985351562,-57.77999496459961,-72.825439453125,165.43016052246094
1711476145.7100165,30.357656478881836,-54.988460540771484,145.83499145507812,-27.105154037475586,-62.05236053466797,149.8348388671875,56.290000915527344,-72.86001586914062,163.50234985351562,-57.77999496459961,-72.81480407714844,165.43016052246094
1711476145.7200387,30.357656478881836,-55.34174728393555,145.8592071533203,-27.105154037475586,-62.05236053466797,149.8348388671875,56.290000915527344,-72.87220001220703,163.50234985351562,-57.77999496459961,-72.80792999267578,165.43016052246094
1711476145.7300553,30.357656478881836,-55.729713439941406,145.86248779296875,-27.105154037475586,-62.05236053466797,149.8348388671875,56.290000915527344,-72.88470458984375,163.50234985351562,-57.77999496459961,-72.8048095703125,165.43016052246094
1711476145.7400236,30.357656478881836,-56.127681732177734,145.86248779296875,-27.105154037475586,-62.05236053466797,149.8348388671875,56.290000915527344,-72.90158081054688,163.50234985351562,-57.77999496459961,-72.8048095703125,165.43016052246094
1711476145.7500412,30.357656478881836,-56.518775939941406,145.8491973876953,-27.105154037475586,-62.05236053466797,149.8348388671875,56.290000915527344,-72.9100112915039,163.50234985351562,-57.77999496459961,-72.8048095703125,165.43016052246094
1711476145.7602894,30.357656478881836,-56.91721725463867,145.84483337402344,-27.105154037475586,-62.05236053466797,149.8348388671875,56.290000915527344,-72.9100112915039,163.50234985351562,-57.77999496459961,-72.8048095703125,165.43016052246094
1711476145.770069,30.357656478881836,-57.32877731323242,145.84483337402344,-27.105154037475586,-62.05236053466797,149.8348388671875,56.290000915527344,-72.9100112915039,163.50234985351562,-57.77999496459961,-72.8048095703125,165.43016052246094
1711476145.780049,30.357656478881836,-57.75096130371094,145.84483337402344,-27.105154037475586,-62.05236053466797,149.8348388671875,56.290000915527344,-72.92001342773438,163.50234985351562,-57.77999496459961,-72.8048095703125,165.43016052246094
1711476145.7900531,30.357656478881836,-58.20595932006836,145.8603057861328,-27.105154037475586,-62.05236053466797,149.8348388671875,56.290000915527344,-72.94094848632812,163.50234985351562,-57.77999496459961,-72.8048095703125,165.43016052246094
1711476145.800025,30.357656478881836,-58.68096160888672,145.86248779296875,-27.105154037475586,-62.05236053466797,149.8348388671875,56.290000915527344,-72.96017456054688,163.50234985351562,-57.77999496459961,-72.8048095703125,165.43016052246094
1711476145.8100445,30.357656478881836,-59.21580505371094,145.87155151367188,-27.105154037475586,-62.05236053466797,149.8348388671875,56.290000915527344,-72.9954833984375,163.50234985351562,-57.77999496459961,-72.8048095703125,165.43016052246094
1711476145.820039,30.357656478881836,-59.77737045288086,145.87249755859375,-27.105154037475586,-62.05236053466797,149.8348388671875,56.29359436035156,-73.02188873291016,163.50234985351562,-57.77999496459961,-72.82247161865234,165.43016052246094
1711476145.830034,30.357656478881836,-60.31002426147461,145.87249755859375,-27.105154037475586,-62.04970932006836,149.8348388671875,56.305625915527344,-73.06079864501953,163.50234985351562,-57.77999496459961,-72.83246612548828,165.43016052246094
1711476145.8400474,30.357656478881836,-60.80189895629883,145.85482788085938,-27.105154037475586,-62.04236602783203,149.8348388671875,56.310001373291016,-73.1133041381836,163.50234985351562,-57.77999496459961,-72.83246612548828,165.43016052246094
1711476145.8500504,30.357656478881836,-61.34049606323242,145.86749267578125,-27.105154037475586,-62.04236602783203,149.8348388671875,56.310001373291016,-73.16236114501953,163.50234985351562,-57.77999496459961,-72.83246612548828,165.43016052246094
1711476145.860044,30.357656478881836,-61.91127395629883,145.91531372070312,-27.105154037475586,-62.04236602783203,149.8348388671875,56.320003509521484,-73.20500946044922,163.50234985351562,-57.77999496459961,-72.83747100830078,165.43016052246094
1711476145.8700478,30.357656478881836,-62.54908752441406,145.9471893310547,-27.105154037475586,-62.04236602783203,149.8348388671875,56.320003509521484,-73.22579956054688,163.4973602294922,-57.77999496459961,-72.84246063232422,165.43016052246094
1711476145.880049,30.357656478881836,-63.12143325805664,145.95248413085938,-27.105154037475586,-62.04236602783203,149.8348388671875,56.320003509521484,-73.2400131225586,163.4923553466797,-57.77999496459961,-72.85496520996094,165.43016052246094
1711476145.890051,30.357656478881836,-63.64018249511719,145.92921447753906,-27.105154037475586,-62.12486267089844,149.92904663085938,56.320003509521484,-73.2400131225586,163.4923553466797,-57.78483581542969,-72.86699676513672,165.43016052246094
1711476145.9000413,30.357656478881836,-64.09721374511719,145.9049835205078,-27.067806243896484,-62.72018051147461,150.06185913085938,56.320003509521484,-73.24470520019531,163.4923553466797,-57.79655456542969,-72.87246704101562,165.43016052246094
1711476145.9100575,30.367971420288086,-64.57440185546875,145.90484619140625,-27.12359046936035,-63.30674362182617,149.95155334472656,56.320003509521484,-73.27064514160156,163.4923553466797,-57.80999755859375,-72.88496398925781,165.43016052246094
1711476145.9200504,30.367658615112305,-65.08346557617188,145.93560791015625,-27.097496032714844,-63.85173797607422,149.84356689453125,56.320003509521484,-73.28001403808594,163.4923553466797,-57.80999755859375,-72.89730834960938,165.43016052246094
1711476145.9300575,30.367658615112305,-65.54206085205078,145.94248962402344,-27.079994201660156,-64.1925277709961,149.8248291015625,56.320003509521484,-73.28001403808594,163.4923553466797,-57.80999755859375,-72.92214965820312,165.43016052246094
1711476145.9400823,30.367658615112305,-65.94174194335938,145.94248962402344,-27.079994201660156,-64.47127532958984,149.8942108154297,56.320003509521484,-73.28298950195312,163.4923553466797,-57.80999755859375,-72.9224624633789,165.43016052246094
1711476145.9500315,30.367658615112305,-66.2861099243164,145.94248962402344,-27.079994201660156,-64.71798706054688,149.99124145507812,56.320003509521484,-73.29251098632812,163.4923553466797,-57.80999755859375,-72.9224624633789,165.43016052246094
1711476145.960046,30.367658615112305,-66.66096496582031,145.94248962402344,-27.079994201660156,-65.01439666748047,149.99200439453125,56.320003509521484,-73.31001281738281,163.4923553466797,-57.80999755859375,-72.9224624633789,165.43016052246094
1711476145.9700494,30.367658615112305,-66.95690155029297,145.94248962402344,-27.079994201660156,-65.2090835571289,149.93295288085938,56.320003509521484,-73.34423828125,163.4923553466797,-57.80999755859375,-72.91449737548828,165.43016052246094
1711476145.9800634,30.367658615112305,-67.23393249511719,145.95248413085938,-27.079994201660156,-65.34346008300781,149.9148406982422,56.34016036987305,-73.3778305053711,163.4923553466797,-57.80999755859375,-72.89480590820312,165.43016052246094
1711476145.9900763,30.367658615112305,-67.49268341064453,145.95248413085938,-27.079994201660156,-65.43673706054688,149.9304656982422,56.37531280517578,-73.40969848632812,163.4923553466797,-57.80999755859375,-72.8590316772461,165.43016052246094
1711476146.0000331,30.37390899658203,-67.64971160888672,145.95248413085938,-27.079994201660156,-65.49861907958984,149.9399871826172,56.40062713623047,-73.4559555053711,163.4923553466797,-57.80999755859375,-72.81417846679688,165.43016052246094
1711476146.010032,30.37765884399414,-67.85174560546875,145.95248413085938,-27.079994201660156,-65.52861022949219,149.9399871826172,56.44062805175781,-73.53564453125,163.4923553466797,-57.80999755859375,-72.77559661865234,165.43016052246094
1711476146.0200553,30.38218879699707,-67.94658660888672,145.95248413085938,-27.079994201660156,-65.53439331054688,149.9399871826172,56.47999954223633,-73.68360900878906,163.4923553466797,-57.80999755859375,-72.75293731689453,165.43016052246094
1711476146.0300517,30.415470123291016,-68.02220916748047,145.95248413085938,-27.079994201660156,-65.53751373291016,149.9399871826172,56.563907623291016,-73.80220794677734,163.4923553466797,-57.80999755859375,-72.75481414794922,165.43016052246094
1711476146.040035,30.41765594482422,-68.03518676757812,145.95545959472656,-27.079994201660156,-65.53751373291016,149.9399871826172,56.69609451293945,-73.87110900878906,163.4923553466797,-57.80999755859375,-72.75481414794922,165.43016052246094
1711476146.0500515,30.41765594482422,-68.07267761230469,146.01031494140625,-27.077495574951172,-65.54470825195312,149.9399871826172,56.83110046386719,-73.97142028808594,163.4923553466797,-57.80999755859375,-72.75481414794922,165.43016052246094
1711476146.0601864,30.41765594482422,-68.10909271240234,146.11170959472656,-27.069995880126953,-65.5896987915039,149.9399871826172,56.86000061035156,-74.0736083984375,163.4923553466797,-57.80999755859375,-72.75481414794922,165.43016052246094
1711476146.0700421,30.41765594482422,-68.15565490722656,146.24639892578125,-27.069995880126953,-65.66345977783203,149.9399871826172,56.86000061035156,-74.15298461914062,163.4923553466797,-57.80999755859375,-72.75481414794922,165.43016052246094
1711476146.0800538,30.41765594482422,-68.22579956054688,146.3082733154297,-27.069995880126953,-65.82345581054688,149.94732666015625,56.86000061035156,-74.21017456054688,163.4923553466797,-57.80999755859375,-72.77106475830078,165.43016052246094
1711476146.090056,30.41765594482422,-68.35580444335938,146.3125,-27.069995880126953,-66.03439331054688,149.95999145507812,56.86000061035156,-74.24376678466797,163.4923553466797,-57.80999755859375,-72.8009033203125,165.43016052246094
1711476146.1000366,30.41765594482422,-68.48501586914062,146.24827575683594,-27.069995880126953,-66.23126983642578,149.95999145507812,56.86000061035156,-74.25001525878906,163.4923553466797,-57.80999755859375,-72.81465911865234,165.43016052246094
1711476146.1100566,30.41765594482422,-68.60173797607422,146.23483276367188,-27.069995880126953,-66.5489273071289,149.96514892578125,56.86000061035156,-74.25001525878906,163.4923553466797,-57.80999755859375,-72.84902954101562,165.43016052246094
1711476146.120056,30.41765594482422,-68.77565002441406,146.3004608154297,-27.069995880126953,-66.83751678466797,149.96998596191406,56.83406066894531,-74.24016571044922,163.4923553466797,-57.80999755859375,-72.87012481689453,165.43016052246094
1711476146.130046,30.41765594482422,-68.96424102783203,146.32247924804688,-27.069995880126953,-67.23080444335938,149.96998596191406,56.82484436035156,-74.2137680053711,163.4923553466797,-57.80999755859375,-72.90105438232422,165.43016052246094
1711476146.1400628,30.41765594482422,-69.22455596923828,146.32247924804688,-27.08718490600586,-67.5595474243164,149.96998596191406,56.82484436035156,-74.1923599243164,163.4923553466797,-57.80999755859375,-72.93231201171875,165.43016052246094
1711476146.150058,30.394845962524414,-69.49346160888672,146.30484008789062,-27.085153579711914,-67.87954711914062,149.96998596191406,56.817813873291016,-74.16970825195312,163.4923553466797,-57.80999755859375,-72.96074676513672,165.43016052246094
1711476146.1604402,30.380001068115234,-69.61549377441406,146.58030700683594,-27.085153579711914,-68.1689224243164,149.96998596191406,56.80781555175781,-74.14282989501953,163.4923553466797,-57.80999755859375,-72.99949645996094,165.43016052246094
1711476146.1701021,30.380001068115234,-69.79783630371094,147.05108642578125,-27.085153579711914,-68.49626922607422,149.96998596191406,56.804847717285156,-74.14236450195312,163.4923553466797,-57.80999755859375,-73.06403350830078,165.43016052246094
1711476146.1800582,30.416250228881836,-70.09861755371094,147.51998901367188,-27.085153579711914,-68.77283477783203,149.96998596191406,56.804847717285156,-74.14236450195312,163.4923553466797,-57.81718063354492,-73.18012237548828,165.43016052246094
1711476146.1900613,30.41765594482422,-70.44908142089844,147.91656494140625,-27.085153579711914,-69.11001586914062,149.96998596191406,56.804847717285156,-74.14236450195312,163.4923553466797,-57.81999206542969,-73.2221450805664,165.43016052246094
1711476146.2000592,30.41765594482422,-70.84721374511719,148.21905517578125,-27.085153579711914,-69.50892639160156,149.96998596191406,56.804847717285156,-74.14236450195312,163.4923553466797,-57.81999206542969,-73.23981475830078,165.43016052246094
1711476146.210064,30.30000114440918,-71.03893280029297,148.70062255859375,-27.085153579711914,-69.96908569335938,149.96998596191406,56.804847717285156,-74.14236450195312,163.4923553466797,-57.81999206542969,-73.25247192382812,165.43016052246094
1711476146.2200634,30.26203155517578,-71.34955596923828,149.3523406982422,-27.103904724121094,-70.42095947265625,149.96998596191406,56.804847717285156,-74.17330169677734,163.4923553466797,-57.81999206542969,-73.25247192382812,165.43016052246094
1711476146.2300637,30.291404724121094,-71.91033935546875,149.91156005859375,-27.125150680541992,-70.86455535888672,149.96998596191406,56.804847717285156,-74.20719909667969,163.4923553466797,-57.81999206542969,-73.27246856689453,165.43016052246094
1711476146.2400622,30.34765625,-72.15689086914062,149.78858947753906,-27.10780906677246,-71.28986358642578,149.96998596191406,56.804847717285156,-74.21485900878906,163.4923553466797,-57.81999206542969,-73.28246307373047,165.43016052246094
1711476146.2500637,29.92546844482422,-72.12112426757812,149.7146759033203,-27.109996795654297,-71.7422103881836,149.96998596191406,56.86000061035156,-74.2704849243164,163.4923553466797,-57.81999206542969,-73.28246307373047,165.43016052246094
1711476146.260065,29.494529724121094,-72.22533416748047,149.71482849121094,-27.109996795654297,-72.0282974243164,149.96998596191406,56.91531753540039,-74.32095336914062,163.4923553466797,-57.81999206542969,-73.352783203125,165.43016052246094
1711476146.2700663,29.503910064697266,-72.22518157958984,149.62327575683594,-27.057964324951172,-72.05752563476562,150.04592895507812,56.92000198364258,-74.34001922607422,163.4923553466797,-57.85890197753906,-73.57215881347656,165.43016052246094
1711476146.2800462,29.697343826293945,-72.19330596923828,149.6248321533203,-27.085777282714844,-72.03158569335938,150.07998657226562,56.88906478881836,-74.36408233642578,163.4923553466797,-57.90234375,-73.83386993408203,165.43016052246094
1711476146.290064,29.73765754699707,-72.15752410888672,149.60296630859375,-27.115150451660156,-72.0323715209961,150.0026397705078,56.87687683105469,-74.43329620361328,163.4923553466797,-57.90999221801758,-74.01199340820312,165.41250610351562
1711476146.3000684,29.717498779296875,-72.1543960571289,149.59483337402344,-27.078744888305664,-71.94548797607422,149.9948272705078,56.874847412109375,-74.50767517089844,163.4923553466797,-57.88327407836914,-74.15027618408203,165.41250610351562
1711476146.3100948,29.680625915527344,-72.13752746582031,149.59483337402344,-27.079994201660156,-71.93236541748047,149.9948272705078,56.874847412109375,-74.58157348632812,163.4923553466797,-57.88484191894531,-74.16605377197266,165.41250610351562
1711476146.3200738,29.680002212524414,-72.15533447265625,149.60467529296875,-27.079994201660156,-71.93236541748047,149.9948272705078,56.874847412109375,-74.65705108642578,163.4923553466797,-57.88484191894531,-74.1724624633789,165.41250610351562
1711476146.3300843,29.666093826293945,-72.17940521240234,149.62249755859375,-27.069995880126953,-71.96501922607422,150.01202392578125,56.874847412109375,-74.70282745361328,163.4923553466797,-57.88484191894531,-74.1724624633789,165.41250610351562
1711476146.3400695,29.633596420288086,-72.1851806640625,149.62249755859375,-27.069995880126953,-72.00892639160156,150.00997924804688,56.874847412109375,-74.74923706054688,163.4923553466797,-57.88484191894531,-74.1724624633789,165.41250610351562
1711476146.350069,29.62000274658203,-72.1851806640625,149.62249755859375,-27.069995880126953,-72.00752258300781,150.01998901367188,56.874847412109375,-74.8357925415039,163.4923553466797,-57.88484191894531,-74.1724624633789,165.41250610351562
1711476146.3600693,29.62000274658203,-72.1964340209961,149.62249755859375,-27.069995880126953,-72.00752258300781,150.01998901367188,56.874847412109375,-74.94798278808594,163.4923553466797,-57.88484191894531,-74.1724624633789,165.41250610351562
1711476146.3700678,29.62000274658203,-72.19518280029297,149.62249755859375,-27.069995880126953,-72.00752258300781,150.01998901367188,56.874847412109375,-75.01438903808594,163.4923553466797,-57.88484191894531,-74.18059539794922,165.41250610351562
1711476146.380068,29.62000274658203,-72.19518280029297,149.6278076171875,-27.069995880126953,-72.00752258300781,150.01998901367188,56.874847412109375,-75.04657745361328,163.4923553466797,-57.88484191894531,-74.18246459960938,165.41250610351562
1711476146.39007,29.62000274658203,-72.19518280029297,149.64781188964844,-27.069995880126953,-72.00752258300781,150.02467346191406,56.874847412109375,-75.06002044677734,163.4923553466797,-57.88484191894531,-74.18246459960938,165.41250610351562
1711476146.4000556,29.62000274658203,-72.19518280029297,149.65249633789062,-27.069995880126953,-72.00752258300781,150.03997802734375,56.874847412109375,-75.06002044677734,163.4923553466797,-57.88484191894531,-74.18902587890625,165.41250610351562
1711476146.4100566,29.62000274658203,-72.19518280029297,149.65249633789062,-27.069995880126953,-72.00752258300781,150.03997802734375,56.874847412109375,-75.06002044677734,163.4923553466797,-57.88484191894531,-74.19246673583984,165.41250610351562
1711476146.4200718,29.62000274658203,-72.19518280029297,149.65249633789062,-27.069995880126953,-72.00752258300781,150.03997802734375,56.874847412109375,-75.06002044677734,163.4923553466797,-57.88484191894531,-74.19246673583984,165.41250610351562
1711476146.4300632,29.62000274658203,-72.19518280029297,149.65249633789062,-27.069995880126953,-72.00752258300781,150.03997802734375,56.874847412109375,-75.06002044677734,163.4923553466797,-57.88484191894531,-74.19246673583984,165.41250610351562
1711476146.4400716,29.62000274658203,-72.19518280029297,149.65249633789062,-27.069995880126953,-72.00752258300781,150.03997802734375,56.874847412109375,-75.06002044677734,163.4923553466797,-57.88484191894531,-74.19246673583984,165.41250610351562
1711476146.450063,29.62000274658203,-72.19518280029297,149.65249633789062,-27.069995880126953,-71.99063873291016,150.03997802734375,56.874847412109375,-75.06002044677734,163.4923553466797,-57.88484191894531,-74.19246673583984,165.41250610351562
1711476146.460098,29.62000274658203,-72.19518280029297,149.65249633789062,-27.069995880126953,-71.98611450195312,150.03997802734375,56.874847412109375,-75.06002044677734,163.4923553466797,-57.88484191894531,-74.19246673583984,165.41250610351562
1711476146.4700835,29.62000274658203,-72.19518280029297,149.65249633789062,-27.069995880126953,-71.98236846923828,150.04608154296875,56.874847412109375,-75.06002044677734,163.4923553466797,-57.88484191894531,-74.19246673583984,165.41250610351562
1711476146.4800837,29.62000274658203,-72.19518280029297,149.65249633789062,-27.069995880126953,-71.98236846923828,150.04998779296875,56.874847412109375,-75.06002044677734,163.4923553466797,-57.88484191894531,-74.19246673583984,165.41250610351562
1711476146.4900575,29.62000274658203,-72.19518280029297,149.65249633789062,-27.069995880126953,-71.98236846923828,150.04998779296875,56.874847412109375,-75.06002044677734,163.4923553466797,-57.88484191894531,-74.19246673583984,165.41250610351562
1711476146.5001082,29.62000274658203,-72.19518280029297,149.65249633789062,-27.069995880126953,-71.98236846923828,150.04998779296875,56.874847412109375,-75.06002044677734,163.4923553466797,-57.88484191894531,-74.19246673583984,165.41250610351562
1711476146.5100791,29.62000274658203,-72.19518280029297,149.65249633789062,-27.069995880126953,-71.98236846923828,150.04998779296875,56.874847412109375,-75.06002044677734,163.4923553466797,-57.88484191894531,-74.19246673583984,165.41250610351562
1711476146.5200708,29.62000274658203,-72.19518280029297,149.65249633789062,-27.069995880126953,-71.98236846923828,150.04998779296875,56.874847412109375,-75.06002044677734,163.4923553466797,-57.88484191894531,-74.19246673583984,165.41250610351562
1711476146.5301094,29.63609504699707,-72.19518280029297,149.63482666015625,-27.069995880126953,-71.97330474853516,150.04998779296875,56.874847412109375,-75.06002044677734,163.4923553466797,-57.88484191894531,-74.19246673583984,165.41250610351562
1711476146.5400765,29.64719009399414,-72.17752075195312,149.63482666015625,-27.084997177124023,-71.95236206054688,150.04998779296875,56.874847412109375,-75.04408264160156,163.4923553466797,-57.88484191894531,-74.19246673583984,165.41250610351562
1711476146.550076,29.64765739440918,-72.17752075195312,149.63482666015625,-27.085153579711914,-71.95236206054688,150.04998779296875,56.874847412109375,-75.02689361572266,163.4923553466797,-57.88484191894531,-74.19246673583984,165.41250610351562
1711476146.560076,29.64765739440918,-72.17752075195312,149.63482666015625,-27.085153579711914,-71.95236206054688,150.04998779296875,56.874847412109375,-75.0223617553711,163.4923553466797,-57.88484191894531,-74.19246673583984,165.41250610351562
1711476146.5700903,29.64765739440918,-72.17752075195312,149.63482666015625,-27.085153579711914,-71.95236206054688,150.04998779296875,56.874847412109375,-75.04220581054688,163.4923553466797,-57.88484191894531,-74.19246673583984,165.41250610351562
1711476146.5800614,29.64765739440918,-72.17752075195312,149.63482666015625,-27.085153579711914,-71.95236206054688,150.04998779296875,56.874847412109375,-75.05032348632812,163.4923553466797,-57.88484191894531,-74.19246673583984,165.41250610351562
1711476146.5900733,29.64765739440918,-72.17752075195312,149.63482666015625,-27.085153579711914,-71.96752166748047,150.04998779296875,56.874847412109375,-75.06157684326172,163.4923553466797,-57.88484191894531,-74.19746398925781,165.41250610351562
1711476146.600083,29.64765739440918,-72.17752075195312,149.63482666015625,-27.085153579711914,-71.96752166748047,150.04998779296875,56.874847412109375,-75.06282806396484,163.4923553466797,-57.88484191894531,-74.20246887207031,165.41250610351562
1711476146.6100676,29.64765739440918,-72.17752075195312,149.63482666015625,-27.085153579711914,-71.96752166748047,150.04998779296875,56.874847412109375,-75.07002258300781,163.4923553466797,-57.88484191894531,-74.20246887207031,165.41250610351562
1711476146.6200697,29.64765739440918,-72.17752075195312,149.63482666015625,-27.085153579711914,-71.96752166748047,150.04998779296875,56.874847412109375,-75.07002258300781,163.4923553466797,-57.88484191894531,-74.20246887207031,165.41250610351562
1711476146.6301253,29.630001068115234,-72.17752075195312,149.63482666015625,-27.085153579711914,-71.96752166748047,150.05764770507812,56.874847412109375,-75.07547760009766,163.4923553466797,-57.88484191894531,-74.21090698242188,165.41250610351562
1711476146.6400962,29.610469818115234,-72.17752075195312,149.63482666015625,-27.085153579711914,-71.97720336914062,150.064208984375,56.874847412109375,-75.10063934326172,163.4923553466797,-57.88484191894531,-74.21246337890625,165.41250610351562
1711476146.6500902,29.60234260559082,-72.17752075195312,149.63482666015625,-27.085153579711914,-71.98564147949219,150.0699920654297,56.874847412109375,-75.1287612915039,163.4923553466797,-57.88484191894531,-74.22246551513672,165.41250610351562
1711476146.6600928,29.580780029296875,-72.17752075195312,149.6512451171875,-27.085153579711914,-71.98751831054688,150.0699920654297,56.874847412109375,-75.15345764160156,163.4923553466797,-57.88484191894531,-74.23871612548828,165.41250610351562
1711476146.670111,29.560001373291016,-72.17752075195312,149.65249633789062,-27.085153579711914,-71.99752044677734,150.0699920654297,56.874847412109375,-75.17001342773438,163.4923553466797,-57.88484191894531,-74.26090240478516,165.41250610351562
1711476146.6800985,29.560001373291016,-72.17752075195312,149.65249633789062,-27.085153579711914,-71.99752044677734,150.0699920654297,56.874847412109375,-75.17688751220703,163.4923553466797,-57.88484191894531,-74.30105590820312,165.41250610351562
1711476146.690085,29.560001373291016,-72.17752075195312,149.65249633789062,-27.085153579711914,-71.99752044677734,150.07968139648438,56.874847412109375,-75.18001556396484,163.4923553466797,-57.88484191894531,-74.32199096679688,165.41250610351562
1711476146.7000678,29.560001373291016,-72.19314575195312,149.65249633789062,-27.063743591308594,-71.99752044677734,150.07998657226562,56.874847412109375,-75.18001556396484,163.4923553466797,-57.88484191894531,-74.35964965820312,165.41250610351562
1711476146.710082,29.560001373291016,-72.19518280029297,149.66249084472656,-27.059995651245117,-71.99752044677734,150.07998657226562,56.874847412109375,-75.18001556396484,163.4923553466797,-57.88484191894531,-74.37997436523438,165.41250610351562
1711476146.7200892,29.560001373291016,-72.19518280029297,149.66249084472656,-27.059995651245117,-71.99752044677734,150.07998657226562,56.874847412109375,-75.18001556396484,163.4923553466797,-57.88484191894531,-74.40215301513672,165.41250610351562
1711476146.7300777,29.560001373291016,-72.20236206054688,149.66249084472656,-27.059995651245117,-72.00299072265625,150.07998657226562,56.874847412109375,-75.18001556396484,163.4923553466797,-57.88484191894531,-74.42855834960938,165.41250610351562
1711476146.7400858,29.54281234741211,-72.2051773071289,149.66249084472656,-27.059995651245117,-72.00752258300781,150.09075927734375,56.874847412109375,-75.18001556396484,163.4923553466797,-57.88484191894531,-74.45574951171875,165.41250610351562
1711476146.7501009,29.52203369140625,-72.2051773071289,149.66249084472656,-27.052026748657227,-72.01080322265625,150.09811401367188,56.874847412109375,-75.1931381225586,163.4923553466797,-57.88484191894531,-74.50762176513672,165.41250610351562
1711476146.760103,29.50093650817871,-72.2051773071289,149.66249084472656,-27.04999542236328,-72.01751708984375,150.1099853515625,56.874847412109375,-75.21188354492188,163.4923553466797,-57.88484191894531,-74.57340240478516,165.41250610351562
1711476146.7700906,29.4765625,-72.2051773071289,149.6715545654297,-27.005308151245117,-72.01751708984375,150.1217041015625,56.874847412109375,-75.23048400878906,163.4923553466797,-57.88484191894531,-74.63230895996094,165.41250610351562
1711476146.7800972,29.46187400817871,-72.2051773071289,149.6724853515625,-26.933591842651367,-72.01751708984375,150.1199951171875,56.874847412109375,-75.26907348632812,163.4923553466797,-57.88484191894531,-74.66200256347656,165.41250610351562
1711476146.7900927,29.44062614440918,-72.2051773071289,149.6724853515625,-26.838119506835938,-72.01751708984375,150.1199951171875,56.874847412109375,-75.3056411743164,163.4923553466797,-57.88484191894531,-74.68043518066406,165.41250610351562
1711476146.800081,29.410316467285156,-72.2051773071289,149.6724853515625,-26.767967224121094,-72.01751708984375,150.12420654296875,56.874847412109375,-75.3470458984375,163.4923553466797,-57.88484191894531,-74.69215393066406,165.41250610351562
1711476146.810089,29.361093521118164,-72.2051773071289,149.6724853515625,-26.7499942779541,-72.01751708984375,150.13560485839844,56.874847412109375,-75.39314270019531,163.4923553466797,-57.88484191894531,-74.69715118408203,165.41250610351562
1711476146.8200758,29.29109764099121,-72.2051773071289,149.6724853515625,-26.7499942779541,-72.02955627441406,150.13998413085938,56.874847412109375,-75.45110321044922,163.4923553466797,-57.88484191894531,-74.71511840820312,165.41250610351562
1711476146.830091,29.22203254699707,-72.22111511230469,149.68109130859375,-26.76531219482422,-72.02751922607422,150.13998413085938,56.874847412109375,-75.51142120361328,163.4923553466797,-57.88484191894531,-74.72246551513672,165.41250610351562
1711476146.8401008,29.170623779296875,-72.22518157958984,149.69248962402344,-26.77515411376953,-72.02751922607422,150.13998413085938,56.874847412109375,-75.55157470703125,163.4923553466797,-57.88484191894531,-74.7282485961914,165.41250610351562
1711476146.8501186,29.15999984741211,-72.23455047607422,149.70248413085938,-26.795934677124023,-72.02751922607422,150.13998413085938,56.874847412109375,-75.57001495361328,163.4923553466797,-57.88484191894531,-74.74262237548828,165.41250610351562
1711476146.8600888,29.15999984741211,-72.23518371582031,149.70248413085938,-26.795150756835938,-72.02751922607422,150.13998413085938,56.874847412109375,-75.57720184326172,163.4923553466797,-57.88484191894531,-74.77059936523438,165.41250610351562
1711476146.8700917,29.15999984741211,-72.23518371582031,149.71029663085938,-26.795150756835938,-72.02751922607422,150.13998413085938,56.874847412109375,-75.58001708984375,163.4923553466797,-57.88484191894531,-74.79043579101562,165.41250610351562
1711476146.880085,29.15999984741211,-72.23518371582031,149.71249389648438,-26.795150756835938,-72.02751922607422,150.13998413085938,56.874847412109375,-75.58001708984375,163.4923553466797,-57.88484191894531,-74.79965209960938,165.41250610351562
1711476146.8900912,29.15999984741211,-72.23799896240234,149.720458984375,-26.795150756835938,-72.02751922607422,150.13998413085938,56.874847412109375,-75.58673095703125,163.4923553466797,-57.88484191894531,-74.81246948242188,165.41250610351562
1711476146.9001021,29.152971267700195,-72.24517822265625,149.7224884033203,-26.77921485900879,-72.02751922607422,150.13998413085938,56.874847412109375,-75.60001373291016,163.4923553466797,-57.88484191894531,-74.82168579101562,165.41250610351562
1711476146.9100795,29.150001525878906,-72.25658416748047,149.7362518310547,-26.777183532714844,-72.02751922607422,150.13998413085938,56.874847412109375,-75.6054916381836,163.4923553466797,-57.88484191894531,-74.83543395996094,165.41250610351562
1711476146.920104,29.150001525878906,-72.25518035888672,149.74249267578125,-26.75921630859375,-72.02751922607422,150.13998413085938,56.874847412109375,-75.61001586914062,163.4923553466797,-57.88484191894531,-74.85074615478516,165.41250610351562
1711476146.930102,29.150001525878906,-72.25518035888672,149.74249267578125,-26.746713638305664,-72.02751922607422,150.13998413085938,56.874847412109375,-75.61001586914062,163.4923553466797,-57.88484191894531,-74.87184143066406,165.41250610351562
1711476146.9401028,29.150001525878906,-72.25518035888672,149.74249267578125,-26.727806091308594,-72.02751922607422,150.13998413085938,56.874847412109375,-75.61001586914062,163.4923553466797,-57.88484191894531,-74.8896484375,165.41250610351562
1711476146.9501047,29.150001525878906,-72.25518035888672,149.74249267578125,-26.729995727539062,-72.02751922607422,150.13998413085938,56.874847412109375,-75.61001586914062,163.4923553466797,-57.88484191894531,-74.90496826171875,165.41250610351562
1711476146.9600976,29.150001525878906,-72.25518035888672,149.74249267578125,-26.729995727539062,-72.02751922607422,150.13998413085938,56.874847412109375,-75.61001586914062,163.4923553466797,-57.88484191894531,-74.91246795654297,165.41250610351562
1711476146.9701536,29.150001525878906,-72.25518035888672,149.74249267578125,-26.729995727539062,-72.02751922607422,150.13998413085938,56.874847412109375,-75.61001586914062,163.4923553466797,-57.88484191894531,-74.92214965820312,165.41250610351562
1711476146.9801066,29.150001525878906,-72.25518035888672,149.74249267578125,-26.729995727539062,-72.02751922607422,150.13998413085938,56.874847412109375,-75.61001586914062,163.4923553466797,-57.88484191894531,-74.93246459960938,165.41250610351562
1711476146.990098,29.150001525878906,-72.25518035888672,149.74249267578125,-26.729995727539062,-72.02751922607422,150.13998413085938,56.874847412109375,-75.61985778808594,163.4923553466797,-57.88484191894531,-74.95246887207031,165.41250610351562
1711476147.0000908,29.150001525878906,-72.25518035888672,149.74249267578125,-26.729995727539062,-72.03782653808594,150.13998413085938,56.874847412109375,-75.6200180053711,163.4923553466797,-57.88484191894531,-74.96246337890625,165.41250610351562
1711476147.0101004,29.150001525878906,-72.25518035888672,149.74249267578125,-26.729995727539062,-72.03752136230469,150.13998413085938,56.874847412109375,-75.6200180053711,163.4923553466797,-57.88484191894531,-74.99136352539062,165.41250610351562
1711476147.0201073,29.150001525878906,-72.25518035888672,149.74249267578125,-26.729995727539062,-72.03752136230469,150.13998413085938,56.874847412109375,-75.6200180053711,163.4923553466797,-57.88484191894531,-75.02200317382812,165.41250610351562
1711476147.0301073,29.14000129699707,-72.25518035888672,149.74249267578125,-26.729995727539062,-72.03752136230469,150.13998413085938,56.874847412109375,-75.6200180053711,163.4923553466797,-57.88484191894531,-75.0504379272461,165.41250610351562
1711476147.040091,29.14000129699707,-72.25518035888672,149.74249267578125,-26.729995727539062,-72.03752136230469,150.13998413085938,56.874847412109375,-75.62267303466797,163.4923553466797,-57.88484191894531,-75.05950164794922,165.41250610351562
1711476147.0501018,29.14000129699707,-72.25518035888672,149.74249267578125,-26.729995727539062,-72.03752136230469,150.13998413085938,56.874847412109375,-75.63002014160156,163.4923553466797,-57.88484191894531,-75.07246398925781,165.41250610351562
1711476147.0600865,29.14000129699707,-72.25518035888672,149.74249267578125,-26.729995727539062,-72.03752136230469,150.13998413085938,56.874847412109375,-75.63002014160156,163.4923553466797,-57.88484191894531,-75.07246398925781,165.41250610351562
1711476147.070109,29.14000129699707,-72.25518035888672,149.74249267578125,-26.729995727539062,-72.03752136230469,150.13998413085938,56.874847412109375,-75.63002014160156,163.4923553466797,-57.88484191894531,-75.07246398925781,165.41250610351562
1711476147.08012,29.14000129699707,-72.25518035888672,149.74249267578125,-26.729995727539062,-72.03752136230469,150.13998413085938,56.874847412109375,-75.63002014160156,163.4923553466797,-57.88484191894531,-75.08246612548828,165.41250610351562
1711476147.0901108,29.14000129699707,-72.25518035888672,149.74249267578125,-26.729995727539062,-72.03752136230469,150.13998413085938,56.874847412109375,-75.63002014160156,163.4923553466797,-57.88484191894531,-75.08246612548828,165.41250610351562
1711476147.1001084,29.14000129699707,-72.25518035888672,149.74249267578125,-26.729995727539062,-72.03752136230469,150.13998413085938,56.874847412109375,-75.63002014160156,163.4923553466797,-57.88484191894531,-75.08246612548828,165.41250610351562
1711476147.1100924,29.14000129699707,-72.25518035888672,149.74249267578125,-26.729995727539062,-72.03752136230469,150.13998413085938,56.874847412109375,-75.63002014160156,163.4923553466797,-57.88484191894531,-75.08246612548828,165.41250610351562
1711476147.1200905,29.14000129699707,-72.25518035888672,149.74249267578125,-26.729995727539062,-72.03752136230469,150.13998413085938,56.874847412109375,-75.63002014160156,163.4923553466797,-57.88484191894531,-75.08246612548828,165.41250610351562
1711476147.130106,29.14000129699707,-72.25518035888672,149.74249267578125,-26.729995727539062,-72.03752136230469,150.13998413085938,56.874847412109375,-75.6400146484375,163.4923553466797,-57.88484191894531,-75.08246612548828,165.41250610351562
1711476147.1401064,29.14000129699707,-72.25518035888672,149.74249267578125,-26.729995727539062,-72.03752136230469,150.13998413085938,56.874847412109375,-75.6400146484375,163.4923553466797,-57.88484191894531,-75.08246612548828,165.41250610351562
1711476147.1500862,29.14000129699707,-72.25518035888672,149.74249267578125,-26.729995727539062,-72.03752136230469,150.13998413085938,56.874847412109375,-75.6400146484375,163.4923553466797,-57.88484191894531,-75.08246612548828,165.41250610351562
1711476147.160114,29.14000129699707,-72.25518035888672,149.74249267578125,-26.729995727539062,-72.03752136230469,150.13998413085938,56.874847412109375,-75.6400146484375,163.4923553466797,-57.88484191894531,-75.09059143066406,165.41250610351562
1711476147.1700912,29.14000129699707,-72.25518035888672,149.74249267578125,-26.729995727539062,-72.03752136230469,150.13998413085938,56.874847412109375,-75.6400146484375,163.4923553466797,-57.88484191894531,-75.09246826171875,165.41250610351562
1711476147.1800947,29.14000129699707,-72.25518035888672,149.74249267578125,-26.729995727539062,-72.03752136230469,150.13998413085938,56.874847412109375,-75.6400146484375,163.4923553466797,-57.88484191894531,-75.09246826171875,165.41250610351562
1711476147.190107,29.14000129699707,-72.25518035888672,149.74249267578125,-26.729995727539062,-72.03752136230469,150.13998413085938,56.874847412109375,-75.6400146484375,163.4923553466797,-57.88484191894531,-75.09246826171875,165.41250610351562
1711476147.200127,29.14000129699707,-72.25518035888672,149.74249267578125,-26.729995727539062,-72.03752136230469,150.13998413085938,56.874847412109375,-75.6400146484375,163.4923553466797,-57.88484191894531,-75.09246826171875,165.41250610351562
1711476147.2101119,29.14000129699707,-72.25518035888672,149.74249267578125,-26.729995727539062,-72.03752136230469,150.13998413085938,56.874847412109375,-75.6400146484375,163.4923553466797,-57.88484191894531,-75.09246826171875,165.41250610351562
1711476147.2200968,29.14000129699707,-72.25518035888672,149.74249267578125,-26.729995727539062,-72.03752136230469,150.13998413085938,56.874847412109375,-75.6400146484375,163.4923553466797,-57.88484191894531,-75.09246826171875,165.41250610351562
1711476147.23011,29.14000129699707,-72.25518035888672,149.74249267578125,-26.729995727539062,-72.03752136230469,150.13998413085938,56.874847412109375,-75.6400146484375,163.4923553466797,-57.88484191894531,-75.09246826171875,165.41250610351562
1711476147.240101,29.14000129699707,-72.25518035888672,149.74249267578125,-26.729995727539062,-72.03752136230469,150.13998413085938,56.874847412109375,-75.6400146484375,163.4923553466797,-57.88484191894531,-75.09856414794922,165.41250610351562
1711476147.2501235,29.14000129699707,-72.25518035888672,149.74249267578125,-26.729995727539062,-72.03752136230469,150.13998413085938,56.874847412109375,-75.6400146484375,163.4923553466797,-57.88484191894531,-75.10246276855469,165.41250610351562
1711476147.2601216,29.14000129699707,-72.25518035888672,149.74249267578125,-26.729995727539062,-72.03752136230469,150.13998413085938,56.874847412109375,-75.6400146484375,163.4923553466797,-57.88484191894531,-75.10246276855469,165.41250610351562
1711476147.2701223,29.14000129699707,-72.25518035888672,149.74249267578125,-26.729995727539062,-72.03752136230469,150.13998413085938,56.874847412109375,-75.6400146484375,163.4923553466797,-57.88484191894531,-75.10246276855469,165.41250610351562
1711476147.2801156,29.14000129699707,-72.25518035888672,149.74249267578125,-26.729995727539062,-72.03752136230469,150.13998413085938,56.874847412109375,-75.6400146484375,163.4923553466797,-57.88484191894531,-75.10246276855469,165.41250610351562
1711476147.2901027,29.14000129699707,-72.25518035888672,149.74249267578125,-26.729995727539062,-72.03752136230469,150.13998413085938,56.874847412109375,-75.6400146484375,163.4923553466797,-57.88484191894531,-75.10246276855469,165.41250610351562
1711476147.3001025,29.14000129699707,-72.25518035888672,149.74249267578125,-26.729995727539062,-72.03752136230469,150.13998413085938,56.874847412109375,-75.6400146484375,163.4923553466797,-57.88484191894531,-75.10246276855469,165.41250610351562
1711476147.310101,29.14000129699707,-72.25518035888672,149.74249267578125,-26.729995727539062,-72.03752136230469,150.13998413085938,56.874847412109375,-75.6400146484375,163.4923553466797,-57.88484191894531,-75.10246276855469,165.41250610351562
1711476147.3201735,29.14000129699707,-72.25518035888672,149.74249267578125,-26.729995727539062,-72.03752136230469,150.13998413085938,56.874847412109375,-75.6400146484375,163.4923553466797,-57.88484191894531,-75.10246276855469,165.41250610351562
1711476147.3301036,29.14000129699707,-72.25518035888672,149.74249267578125,-26.729995727539062,-72.03752136230469,150.13998413085938,56.874847412109375,-75.6400146484375,163.4923553466797,-57.88484191894531,-75.10246276855469,165.41250610351562
1711476147.340119,29.14000129699707,-72.25518035888672,149.74249267578125,-26.729995727539062,-72.03752136230469,150.13998413085938,56.874847412109375,-75.6400146484375,163.4923553466797,-57.88484191894531,-75.10246276855469,165.41250610351562
1711476147.3501194,29.14000129699707,-72.25518035888672,149.74249267578125,-26.729995727539062,-72.03752136230469,150.13998413085938,56.874847412109375,-75.6400146484375,163.4923553466797,-57.88484191894531,-75.10246276855469,165.41250610351562
1711476147.3601155,29.14000129699707,-72.25518035888672,149.74249267578125,-26.729995727539062,-72.03752136230469,150.13998413085938,56.874847412109375,-75.6400146484375,163.4923553466797,-57.88484191894531,-75.10246276855469,165.41250610351562
1711476147.3701143,29.14000129699707,-72.25518035888672,149.74249267578125,-26.729995727539062,-72.03752136230469,150.13998413085938,56.874847412109375,-75.6400146484375,163.4923553466797,-57.88484191894531,-75.10246276855469,165.41250610351562
1711476147.3801274,29.14000129699707,-72.25518035888672,149.74249267578125,-26.729995727539062,-72.03752136230469,150.13998413085938,56.874847412109375,-75.6400146484375,163.4923553466797,-57.88484191894531,-75.10246276855469,165.41250610351562
1711476147.3901212,29.14000129699707,-72.25518035888672,149.74249267578125,-26.729995727539062,-72.03752136230469,150.13998413085938,56.874847412109375,-75.6400146484375,163.4923553466797,-57.88484191894531,-75.10246276855469,165.41250610351562
1711476147.4001093,29.14000129699707,-72.25518035888672,149.74249267578125,-26.729995727539062,-72.03752136230469,150.13998413085938,56.874847412109375,-75.6400146484375,163.4923553466797,-57.88484191894531,-75.10246276855469,165.41250610351562
1711476147.4101295,29.14000129699707,-72.25518035888672,149.74249267578125,-26.729995727539062,-72.03752136230469,150.13998413085938,56.874847412109375,-75.6400146484375,163.4923553466797,-57.88484191894531,-75.10246276855469,165.41250610351562
1711476147.4201205,29.14000129699707,-72.25518035888672,149.74249267578125,-26.729995727539062,-72.03752136230469,150.14466857910156,56.874847412109375,-75.6400146484375,163.4923553466797,-57.88484191894531,-75.10246276855469,165.41250610351562
1711476147.4301245,29.14000129699707,-72.25518035888672,149.74249267578125,-26.729995727539062,-72.03752136230469,150.1499786376953,56.874847412109375,-75.6400146484375,163.4923553466797,-57.88484191894531,-75.10246276855469,165.41250610351562
1711476147.4401097,29.14000129699707,-72.25518035888672,149.74249267578125,-26.729995727539062,-72.03752136230469,150.1499786376953,56.874847412109375,-75.6400146484375,163.4923553466797,-57.88484191894531,-75.10246276855469,165.41250610351562
1711476147.4501011,29.14000129699707,-72.25518035888672,149.74249267578125,-26.729995727539062,-72.03752136230469,150.1499786376953,56.874847412109375,-75.65048217773438,163.4923553466797,-57.88484191894531,-75.10246276855469,165.41250610351562
1711476147.460111,29.14000129699707,-72.25518035888672,149.74249267578125,-26.729995727539062,-72.03752136230469,150.1499786376953,56.874847412109375,-75.65001678466797,163.4923553466797,-57.88484191894531,-75.10246276855469,165.41250610351562
1711476147.4701166,29.14000129699707,-72.25518035888672,149.74249267578125,-26.729995727539062,-72.03752136230469,150.1499786376953,56.874847412109375,-75.65001678466797,163.4923553466797,-57.88484191894531,-75.10246276855469,165.41250610351562
1711476147.4801192,29.14000129699707,-72.25518035888672,149.74249267578125,-26.729995727539062,-72.03752136230469,150.1499786376953,56.874847412109375,-75.65001678466797,163.4923553466797,-57.88484191894531,-75.10246276855469,165.41250610351562
1711476147.4901414,29.14000129699707,-72.25518035888672,149.74249267578125,-26.729995727539062,-72.03752136230469,150.1499786376953,56.874847412109375,-75.65001678466797,163.4923553466797,-57.88484191894531,-75.10246276855469,165.41250610351562
1711476147.5001235,29.14000129699707,-72.25518035888672,149.74249267578125,-26.729995727539062,-72.03752136230469,150.1499786376953,56.874847412109375,-75.65001678466797,163.4923553466797,-57.88484191894531,-75.10246276855469,165.41250610351562
1711476147.5101197,29.14000129699707,-72.25518035888672,149.74249267578125,-26.729995727539062,-72.03752136230469,150.1499786376953,56.874847412109375,-75.65001678466797,163.4923553466797,-57.88484191894531,-75.10246276855469,165.41250610351562
1711476147.5201283,29.14000129699707,-72.25518035888672,149.74249267578125,-26.729995727539062,-72.03752136230469,150.1499786376953,56.874847412109375,-75.65001678466797,163.4923553466797,-57.88484191894531,-75.10246276855469,165.41250610351562
1711476147.5301096,29.14000129699707,-72.25518035888672,149.74249267578125,-26.729995727539062,-72.03752136230469,150.1499786376953,56.874847412109375,-75.65001678466797,163.4923553466797,-57.88484191894531,-75.10246276855469,165.41250610351562
1711476147.5401182,29.14000129699707,-72.25518035888672,149.74249267578125,-26.729995727539062,-72.03752136230469,150.1499786376953,56.874847412109375,-75.65001678466797,163.4923553466797,-57.88484191894531,-75.10246276855469,165.41250610351562
1711476147.550112,29.14000129699707,-72.25518035888672,149.74249267578125,-26.729995727539062,-72.03752136230469,150.1499786376953,56.874847412109375,-75.65001678466797,163.4923553466797,-57.88484191894531,-75.10246276855469,165.41250610351562
1711476147.560121,29.14000129699707,-72.25518035888672,149.74249267578125,-26.729995727539062,-72.03752136230469,150.1499786376953,56.874847412109375,-75.65001678466797,163.4923553466797,-57.88484191894531,-75.10246276855469,165.41250610351562
1711476147.5701702,29.14000129699707,-72.25518035888672,149.74249267578125,-26.729995727539062,-72.03752136230469,150.1499786376953,56.874847412109375,-75.65001678466797,163.4923553466797,-57.88484191894531,-75.10246276855469,165.41250610351562
1711476147.5801184,29.14000129699707,-72.25518035888672,149.74249267578125,-26.729995727539062,-72.03752136230469,150.1499786376953,56.874847412109375,-75.65001678466797,163.4923553466797,-57.88484191894531,-75.10246276855469,165.41250610351562
1711476147.590121,29.14000129699707,-72.25518035888672,149.74249267578125,-26.729995727539062,-72.03752136230469,150.1499786376953,56.874847412109375,-75.65001678466797,163.4923553466797,-57.88484191894531,-75.10246276855469,165.41250610351562
1711476147.6001215,29.14000129699707,-72.25518035888672,149.74249267578125,-26.729995727539062,-72.03752136230469,150.1499786376953,56.874847412109375,-75.65001678466797,163.4923553466797,-57.88484191894531,-75.10246276855469,165.41250610351562
1711476147.6101205,29.14000129699707,-72.25518035888672,149.74249267578125,-26.729995727539062,-72.03752136230469,150.1499786376953,56.874847412109375,-75.65001678466797,163.4923553466797,-57.88484191894531,-75.10246276855469,165.41250610351562
1711476147.6201322,29.14000129699707,-72.25518035888672,149.74249267578125,-26.729995727539062,-72.03752136230469,150.1499786376953,56.874847412109375,-75.65001678466797,163.4923553466797,-57.88484191894531,-75.10246276855469,165.41250610351562
1711476147.6301055,29.14000129699707,-72.25518035888672,149.74249267578125,-26.729995727539062,-72.03752136230469,150.1499786376953,56.874847412109375,-75.65001678466797,163.4923553466797,-57.88484191894531,-75.10246276855469,165.41250610351562
1711476147.6401317,29.14000129699707,-72.25518035888672,149.74249267578125,-26.729995727539062,-72.03752136230469,150.1499786376953,56.874847412109375,-75.65001678466797,163.4923553466797,-57.88484191894531,-75.10246276855469,165.41250610351562
1711476147.650126,29.14000129699707,-72.25518035888672,149.74249267578125,-26.729995727539062,-72.03752136230469,150.1499786376953,56.874847412109375,-75.65001678466797,163.4923553466797,-57.88484191894531,-75.10246276855469,165.41250610351562
1711476147.6601381,29.14000129699707,-72.25518035888672,149.74249267578125,-26.74077606201172,-72.03752136230469,150.10357666015625,56.874847412109375,-75.6678237915039,163.4923553466797,-57.88484191894531,-75.10246276855469,165.41250610351562
1711476147.6701443,29.14000129699707,-72.25518035888672,149.74249267578125,-26.745149612426758,-72.03752136230469,150.09483337402344,56.874847412109375,-75.67813873291016,163.4923553466797,-57.88484191894531,-75.10246276855469,165.41250610351562
1711476147.6801364,29.14000129699707,-72.25518035888672,149.74249267578125,-26.745149612426758,-72.03752136230469,150.09483337402344,56.874847412109375,-75.68002319335938,163.4923553466797,-57.88484191894531,-75.11152648925781,165.41250610351562
1711476147.6901233,29.14000129699707,-72.25518035888672,149.74249267578125,-26.745149612426758,-72.03752136230469,150.09483337402344,56.874847412109375,-75.68002319335938,163.4923553466797,-57.88484191894531,-75.11246490478516,165.41250610351562
1711476147.7001286,29.14000129699707,-72.25518035888672,149.74249267578125,-26.745149612426758,-72.03752136230469,150.09483337402344,56.874847412109375,-75.68002319335938,163.4923553466797,-57.88484191894531,-75.11246490478516,165.41250610351562
1711476147.7101402,29.14000129699707,-72.25518035888672,149.74249267578125,-26.745149612426758,-72.03752136230469,150.09483337402344,56.874847412109375,-75.68689727783203,163.4923553466797,-57.88484191894531,-75.11605834960938,165.41250610351562
1711476147.7201269,29.14000129699707,-72.25518035888672,149.74249267578125,-26.745149612426758,-72.03752136230469,150.09483337402344,56.874847412109375,-75.69001770019531,163.4923553466797,-57.88484191894531,-75.12246704101562,165.41250610351562
1711476147.730142,29.14000129699707,-72.25518035888672,149.74249267578125,-26.745149612426758,-72.03752136230469,150.09483337402344,56.874847412109375,-75.69001770019531,163.4923553466797,-57.88484191894531,-75.12246704101562,165.41250610351562
1711476147.7401457,29.14000129699707,-72.25518035888672,149.74249267578125,-26.745149612426758,-72.03752136230469,150.09483337402344,56.874847412109375,-75.69001770019531,163.4923553466797,-57.88484191894531,-75.12246704101562,165.41250610351562
1711476147.7501287,29.14000129699707,-72.25518035888672,149.74249267578125,-26.745149612426758,-72.03752136230469,150.09483337402344,56.874847412109375,-75.69001770019531,163.4923553466797,-57.88484191894531,-75.12246704101562,165.41250610351562
1711476147.7601473,29.14000129699707,-72.25518035888672,149.74249267578125,-26.745149612426758,-72.03752136230469,150.1099853515625,56.874847412109375,-75.69001770019531,163.4923553466797,-57.88484191894531,-75.12246704101562,165.41250610351562
1711476147.7702222,29.14000129699707,-72.25518035888672,149.74249267578125,-26.745149612426758,-72.03752136230469,150.1199951171875,56.874847412109375,-75.69001770019531,163.4923553466797,-57.88484191894531,-75.12246704101562,165.41250610351562
1711476147.7801259,29.14000129699707,-72.25518035888672,149.74249267578125,-26.745149612426758,-72.03752136230469,150.1199951171875,56.874847412109375,-75.69001770019531,163.4923553466797,-57.88484191894531,-75.12246704101562,165.41250610351562
1711476147.7901268,29.14000129699707,-72.25518035888672,149.74249267578125,-26.745149612426758,-72.03752136230469,150.1199951171875,56.874847412109375,-75.69001770019531,163.4923553466797,-57.88484191894531,-75.12246704101562,165.41250610351562
1711476147.8001451,29.14000129699707,-72.25518035888672,149.74249267578125,-26.745149612426758,-72.03752136230469,150.13888549804688,56.874847412109375,-75.69001770019531,163.4923553466797,-57.88484191894531,-75.12246704101562,165.41250610351562
1711476147.810127,29.14000129699707,-72.25518035888672,149.74249267578125,-26.745149612426758,-72.03752136230469,150.13998413085938,56.874847412109375,-75.69001770019531,163.4923553466797,-57.88484191894531,-75.12246704101562,165.41250610351562
1711476147.820151,29.14000129699707,-72.25518035888672,149.74249267578125,-26.745149612426758,-72.03752136230469,150.1492156982422,56.874847412109375,-75.69001770019531,163.4923553466797,-57.88484191894531,-75.12246704101562,165.41250610351562
1711476147.8301437,29.14000129699707,-72.25518035888672,149.74249267578125,-26.745149612426758,-72.03752136230469,150.15716552734375,56.874847412109375,-75.69001770019531,163.4923553466797,-57.88484191894531,-75.12246704101562,165.41250610351562
1711476147.840161,29.14000129699707,-72.25518035888672,149.74249267578125,-26.745149612426758,-72.03752136230469,150.1599884033203,56.874847412109375,-75.69001770019531,163.4923553466797,-57.88484191894531,-75.12246704101562,165.41250610351562
1711476147.8501406,29.14000129699707,-72.25518035888672,149.74249267578125,-26.745149612426758,-72.03752136230469,150.1599884033203,56.874847412109375,-75.69001770019531,163.4923553466797,-57.88484191894531,-75.12246704101562,165.41250610351562
1711476147.86013,29.14000129699707,-72.25518035888672,149.74249267578125,-26.745149612426758,-72.03752136230469,150.16529846191406,56.874847412109375,-75.69001770019531,163.4923553466797,-57.88484191894531,-75.12996673583984,165.41250610351562
1711476147.8701394,29.14000129699707,-72.25518035888672,149.74249267578125,-26.745149612426758,-72.03752136230469,150.16998291015625,56.874847412109375,-75.69001770019531,163.4923553466797,-57.88484191894531,-75.1324691772461,165.41250610351562
1711476147.8801408,29.14000129699707,-72.25518035888672,149.73062133789062,-26.745149612426758,-72.03752136230469,150.18170166015625,56.874847412109375,-75.69001770019531,163.4923553466797,-57.88484191894531,-75.14105987548828,165.41250610351562
1711476147.890135,29.14000129699707,-72.25518035888672,149.72483825683594,-26.745149612426758,-72.03752136230469,150.18841552734375,56.874847412109375,-75.69001770019531,163.4923553466797,-57.88484191894531,-75.14247131347656,165.41250610351562
1711476147.9001322,29.14000129699707,-72.25518035888672,149.72483825683594,-26.745149612426758,-72.03752136230469,150.1960906982422,56.874847412109375,-75.69001770019531,163.4923553466797,-57.88484191894531,-75.14247131347656,165.41250610351562
1711476147.9101503,29.14000129699707,-72.25518035888672,149.72076416015625,-26.745149612426758,-72.03752136230469,150.232177734375,56.874847412109375,-75.69001770019531,163.4923553466797,-57.88484191894531,-75.15137481689453,165.41250610351562
1711476147.9201667,29.14000129699707,-72.25518035888672,149.70437622070312,-26.751558303833008,-72.03752136230469,150.24061584472656,56.874847412109375,-75.69001770019531,163.4923553466797,-57.88484191894531,-75.1524658203125,165.41250610351562
1711476147.930136,29.14000129699707,-72.25518035888672,149.704833984375,-26.75515365600586,-72.03752136230469,150.24717712402344,56.874847412109375,-75.69001770019531,163.4923553466797,-57.88484191894531,-75.1524658203125,165.41250610351562
1711476147.9401336,29.14000129699707,-72.25518035888672,149.704833984375,-26.776092529296875,-72.03752136230469,150.24998474121094,56.874847412109375,-75.69001770019531,163.4923553466797,-57.88484191894531,-75.1524658203125,165.41250610351562
1711476147.9501543,29.14000129699707,-72.25518035888672,149.6990509033203,-26.795150756835938,-72.03752136230469,150.24998474121094,56.874847412109375,-75.69001770019531,163.4923553466797,-57.88484191894531,-75.15699768066406,165.41250610351562
1711476147.9601498,29.14000129699707,-72.25518035888672,149.69483947753906,-26.805150985717773,-72.03752136230469,150.24998474121094,56.874847412109375,-75.70376586914062,163.4923553466797,-57.88484191894531,-75.16246795654297,165.41250610351562
1711476147.9701638,29.14000129699707,-72.25518035888672,149.69155883789062,-26.805150985717773,-72.03752136230469,150.23280334472656,56.874847412109375,-75.71641540527344,163.4923553466797,-57.88484191894531,-75.16246795654297,165.41250610351562
1711476147.980138,29.14000129699707,-72.25518035888672,149.68484497070312,-26.809059143066406,-72.03752136230469,150.2124786376953,56.874847412109375,-75.73001861572266,163.4923553466797,-57.88484191894531,-75.17449951171875,165.41250610351562
1711476147.9901512,29.14000129699707,-72.25518035888672,149.67608642578125,-26.815155029296875,-72.02033233642578,150.19686889648438,56.874847412109375,-75.75220489501953,163.4923553466797,-57.88484191894531,-75.19918823242188,165.41250610351562
1711476148.0001495,29.14000129699707,-72.25518035888672,149.67483520507812,-26.815155029296875,-72.0223617553711,150.18670654296875,56.874847412109375,-75.77111053466797,163.4923553466797,-57.88484191894531,-75.22371673583984,165.41250610351562
1711476148.010182,29.14000129699707,-72.23751831054688,149.67483520507812,-26.815155029296875,-72.0223617553711,150.1695098876953,56.874847412109375,-75.80048370361328,163.4923553466797,-57.88484191894531,-75.2618408203125,165.41250610351562
1711476148.0201535,29.14000129699707,-72.23751831054688,149.67483520507812,-26.815155029296875,-72.0223617553711,150.1648406982422,56.874847412109375,-75.84017944335938,163.4923553466797,-57.88484191894531,-75.29496765136719,165.41250610351562
1711476148.0301383,29.14000129699707,-72.23455047607422,149.67483520507812,-26.815155029296875,-72.01236724853516,150.1648406982422,56.874847412109375,-75.87017059326172,163.4923553466797,-57.88484191894531,-75.33683776855469,165.41250610351562
1711476148.040155,29.157657623291016,-72.22752380371094,149.67483520507812,-26.815155029296875,-72.01236724853516,150.15155029296875,56.874847412109375,-75.9157943725586,163.4923553466797,-57.88484191894531,-75.41043090820312,165.41250610351562
1711476148.050154,29.157657623291016,-72.21768188476562,149.67483520507812,-26.815155029296875,-72.00814819335938,150.09811401367188,56.874847412109375,-75.98517608642578,163.4923553466797,-57.88484191894531,-75.51652526855469,165.41250610351562
1711476148.060165,29.157657623291016,-72.20752716064453,149.67483520507812,-26.815155029296875,-72.00235748291016,150.07264709472656,56.874847412109375,-76.09735870361328,163.4923553466797,-57.88484191894531,-75.62387084960938,165.41250610351562
1711476148.0701585,29.157657623291016,-72.20236206054688,149.67483520507812,-26.815155029296875,-72.00235748291016,150.05841064453125,56.874847412109375,-76.22001647949219,163.4923553466797,-57.88484191894531,-75.77542877197266,165.41250610351562
1711476148.0801625,29.157657623291016,-72.19752502441406,149.67483520507812,-26.788589477539062,-72.00235748291016,150.05484008789062,56.874847412109375,-76.34439086914062,163.4923553466797,-57.88484191894531,-76.00137329101562,165.41250610351562
1711476148.0901442,29.157657623291016,-72.19752502441406,149.67483520507812,-26.747495651245117,-72.00235748291016,150.05484008789062,56.874847412109375,-76.53329467773438,163.4923553466797,-57.88484191894531,-76.20918273925781,165.41250610351562
1711476148.1001563,29.157657623291016,-72.19752502441406,149.67483520507812,-26.719371795654297,-72.00235748291016,150.04498291015625,56.874847412109375,-76.74642181396484,163.4923553466797,-57.88484191894531,-76.46199798583984,165.41250610351562
1711476148.1101635,29.157657623291016,-72.19752502441406,149.67483520507812,-26.719995498657227,-72.00235748291016,149.993896484375,56.874847412109375,-77.00173950195312,163.48422241210938,-57.89327621459961,-76.66559600830078,165.41250610351562
1711476148.1201577,29.157657623291016,-72.19752502441406,149.67483520507812,-26.719995498657227,-72.00235748291016,149.91123962402344,56.874847412109375,-77.1907958984375,163.48236083984375,-57.89999771118164,-76.82230377197266,165.41250610351562
1711476148.1301572,29.157657623291016,-72.19752502441406,149.67483520507812,-26.719995498657227,-72.00235748291016,149.77967834472656,56.874847412109375,-77.36063385009766,163.48236083984375,-57.89999771118164,-76.93981170654297,165.41250610351562
1711476148.1401613,29.157657623291016,-72.19752502441406,149.65390014648438,-26.715776443481445,-72.00235748291016,149.62718200683594,56.874847412109375,-77.43970489501953,163.48236083984375,-57.89999771118164,-77.0543441772461,165.41250610351562
1711476148.15015,29.157657623291016,-72.19003295898438,149.625,-26.688119888305664,-71.99517822265625,149.4438934326172,56.874847412109375,-77.51689147949219,163.48236083984375,-57.89999771118164,-77.11856079101562,165.41250610351562
1711476148.1601655,29.157657623291016,-72.18753051757812,149.5748291015625,-26.65561866760254,-71.9883041381836,149.2701416015625,56.874847412109375,-77.57220458984375,163.48236083984375,-57.89999771118164,-77.16715240478516,165.41250610351562
1711476148.1701531,29.157657623291016,-72.18753051757812,149.55905151367188,-26.60906219482422,-71.98236846923828,149.0340576171875,56.874847412109375,-77.59986877441406,163.48236083984375,-57.89999771118164,-77.22512817382812,165.41250610351562
1711476148.1801608,29.157657623291016,-72.18753051757812,149.53733825683594,-26.54437255859375,-71.97627258300781,148.90875244140625,56.874847412109375,-77.61439514160156,163.48236083984375,-57.89999771118164,-77.2662124633789,165.41250610351562
1711476148.1901586,29.157657623291016,-72.17752075195312,149.52639770507812,-26.48390007019043,-71.97236633300781,148.87982177734375,56.874847412109375,-77.68032836914062,163.48236083984375,-57.89999771118164,-77.3052749633789,165.41250610351562
1711476148.2001507,29.157657623291016,-72.17752075195312,149.4909210205078,-26.32608985900879,-71.97236633300781,148.7602996826172,56.874847412109375,-77.7353286743164,163.48236083984375,-57.89999771118164,-77.34402465820312,165.41250610351562
1711476148.2101686,29.157657623291016,-72.17127990722656,149.43841552734375,-26.079214096069336,-71.95205688476562,148.62733459472656,56.874847412109375,-77.80673217773438,163.48236083984375,-57.89999771118164,-77.38075256347656,165.41250610351562
1711476148.2201452,29.118595123291016,-72.1534652709961,149.4099884033203,-25.891401290893555,-71.95236206054688,148.54623413085938,56.874847412109375,-77.91908264160156,163.48236083984375,-57.89999771118164,-77.40621948242188,165.41250610351562
1711476148.2301733,29.10999870300293,-72.14752197265625,149.3709259033203,-25.656402587890625,-71.95236206054688,148.50906372070312,56.874847412109375,-78.01861572265625,163.48236083984375,-57.89999771118164,-77.43621826171875,165.41250610351562
1711476148.240157,29.10999870300293,-72.1378402709961,149.31593322753906,-25.46202850341797,-71.95236206054688,148.48358154296875,56.874847412109375,-78.09564208984375,163.48236083984375,-57.89999771118164,-77.45246887207031,165.41250610351562
1711476148.2501721,29.10999870300293,-72.12752532958984,149.2481231689453,-25.18218231201172,-71.95236206054688,148.47483825683594,56.874847412109375,-78.15454864501953,163.48236083984375,-57.89999771118164,-77.47200012207031,165.41250610351562
1711476148.260162,29.10999870300293,-72.12752532958984,149.17796325683594,-24.821712493896484,-71.95236206054688,148.46530151367188,56.874847412109375,-78.25439453125,163.48236083984375,-57.89999771118164,-77.47246551513672,165.41250610351562
1711476148.2701702,29.079219818115234,-72.12752532958984,149.15342712402344,-24.379060745239258,-71.95236206054688,148.46482849121094,56.874847412109375,-78.34736633300781,163.48236083984375,-57.89999771118164,-77.47246551513672,165.41250610351562
1711476148.2801619,29.06999969482422,-72.12752532958984,149.12750244140625,-23.829681396484375,-71.95236206054688,148.46482849121094,56.874847412109375,-78.41595458984375,163.48236083984375,-57.89999771118164,-77.47246551513672,165.41250610351562
1711476148.2929478,29.06999969482422,-72.12752532958984,149.09671020507812,-23.3153076171875,-71.94236755371094,148.43312072753906,56.874847412109375,-78.46220397949219,163.48236083984375,-57.89999771118164,-77.47246551513672,165.41250610351562
1711476148.3001735,29.060157775878906,-72.12752532958984,149.0621795654297,-22.843591690063477,-71.94236755371094,148.4010772705078,56.874847412109375,-78.49017333984375,163.48236083984375,-57.89999771118164,-77.47574615478516,165.41250610351562
1711476148.3101556,29.060001373291016,-72.12752532958984,149.01483154296875,-22.40718650817871,-71.94236755371094,148.31529235839844,56.874847412109375,-78.52001953125,163.48236083984375,-57.89999771118164,-77.48246765136719,165.41250610351562
1711476148.3201547,29.060001373291016,-72.12752532958984,148.97186279296875,-21.976869583129883,-71.93689727783203,148.12889099121094,56.874847412109375,-78.56861114501953,163.48236083984375,-57.89999771118164,-77.4918441772461,165.41250610351562
1711476148.330148,29.05171775817871,-72.11986541748047,148.90748596191406,-21.530778884887695,-71.90220642089844,147.93405151367188,56.874847412109375,-78.59845733642578,163.48236083984375,-57.89999771118164,-77.51012420654297,165.41250610351562
1711476148.3401608,29.05000114440918,-72.11752319335938,148.85092163085938,-21.106403350830078,-71.88079833984375,147.8885955810547,56.874847412109375,-78.65204620361328,163.48236083984375,-57.89999771118164,-77.5290298461914,165.41250610351562
1711476148.3501587,29.05000114440918,-72.11752319335938,148.79437255859375,-20.677806854248047,-71.88236236572266,147.8434295654297,56.874847412109375,-78.7001724243164,163.48236083984375,-57.89999771118164,-77.53246307373047,165.41250610351562
1711476148.360177,29.05000114440918,-72.11392974853516,148.75421142578125,-20.207496643066406,-71.88236236572266,147.77279663085938,56.874847412109375,-78.74533081054688,163.48236083984375,-57.89999771118164,-77.54246520996094,165.41250610351562
1711476148.370156,29.031410217285156,-72.1075210571289,148.70938110351562,-19.76811981201172,-71.87236785888672,147.72328186035156,56.874847412109375,-78.79204559326172,163.48236083984375,-57.89999771118164,-77.55184173583984,165.41250610351562
1711476148.3801877,29.03000259399414,-72.1075210571289,148.6688995361328,-19.378278732299805,-71.86736297607422,147.70343017578125,56.874847412109375,-78.81002044677734,163.48236083984375,-57.89999771118164,-77.55512237548828,165.41250610351562
1711476148.3901737,29.024532318115234,-72.1075210571289,148.61500549316406,-19.09078025817871,-71.86236572265625,147.69654846191406,56.874847412109375,-78.81783294677734,163.48236083984375,-57.89999771118164,-77.56246948242188,165.41250610351562
1711476148.4001577,28.9921875,-72.1075210571289,148.5592041015625,-18.809215545654297,-71.86236572265625,147.69483947753906,56.874847412109375,-78.82002258300781,163.48236083984375,-57.89999771118164,-77.56621551513672,165.41250610351562
1711476148.4101596,28.918907165527344,-72.1075210571289,148.47889709472656,-18.644058227539062,-71.86236572265625,147.68748474121094,56.874847412109375,-78.83001708984375,163.48236083984375,-57.89999771118164,-77.57246398925781,165.41250610351562
1711476148.420198,28.76156234741211,-72.1075210571289,148.38717651367188,-18.4782772064209,-71.86236572265625,147.66497802734375,56.874847412109375,-78.83001708984375,163.48236083984375,-57.89999771118164,-77.57246398925781,165.41250610351562
1711476148.4301722,28.580312728881836,-72.1075210571289,148.28077697753906,-18.41905975341797,-71.86236572265625,147.63967895507812,56.874847412109375,-78.83001708984375,163.48236083984375,-57.89999771118164,-77.59169006347656,165.41250610351562
1711476148.4401693,28.40562629699707,-72.10299682617188,148.18577575683594,-18.374216079711914,-71.86236572265625,147.59030151367188,56.874847412109375,-78.83564758300781,163.48236083984375,-57.89999771118164,-77.606689453125,165.41250610351562
1711476148.4501555,28.192659378051758,-72.09752655029297,148.14468383789062,-18.27843475341797,-71.86236572265625,147.5338897705078,56.874847412109375,-78.84001922607422,163.48236083984375,-57.89999771118164,-77.64387512207031,165.41250610351562
1711476148.4601712,28.020313262939453,-72.09752655029297,148.1246795654297,-18.094213485717773,-71.86236572265625,147.48468017578125,56.874847412109375,-78.84001922607422,163.48236083984375,-57.89999771118164,-77.68824768066406,165.41250610351562
1711476148.4701645,27.7606258392334,-72.0875244140625,148.10484313964844,-17.902496337890625,-71.86236572265625,147.4635772705078,56.874847412109375,-78.85908508300781,163.48236083984375,-57.89999771118164,-77.72152709960938,165.41250610351562
1711476148.4801683,27.50812530517578,-72.0875244140625,148.10484313964844,-17.75624656677246,-71.86236572265625,147.44390869140625,56.874847412109375,-78.86001586914062,163.48236083984375,-57.89999771118164,-77.7574691772461,165.41250610351562
1711476148.490181,27.200157165527344,-72.0875244140625,148.10484313964844,-17.553430557250977,-71.86236572265625,147.43310546875,56.874847412109375,-78.8661117553711,163.48236083984375,-57.89999771118164,-77.80418395996094,165.41250610351562
1711476148.5001764,26.943750381469727,-72.0875244140625,148.10484313964844,-17.40030860900879,-71.86236572265625,147.4126434326172,56.874847412109375,-78.87626647949219,163.48236083984375,-57.89999771118164,-77.90465545654297,165.41250610351562
1711476148.5101788,26.61594009399414,-72.0875244140625,148.10484313964844,-17.23859214782715,-71.87924194335938,147.39389038085938,56.874847412109375,-78.8993911743164,163.48236083984375,-57.89999771118164,-77.94778442382812,165.41250610351562
1711476148.520177,26.287500381469727,-72.0792465209961,148.10484313964844,-17.073747634887695,-71.87751770019531,147.38607788085938,56.874847412109375,-78.9306411743164,163.48236083984375,-57.89999771118164,-78.01339721679688,165.41250610351562
1711476148.5302014,25.828750610351562,-72.07752227783203,148.10484313964844,-17.00890350341797,-71.87751770019531,147.38482666015625,56.874847412109375,-78.94345092773438,163.48236083984375,-57.89999771118164,-78.04668426513672,165.41250610351562
1711476148.540182,25.299062728881836,-72.07752227783203,148.10484313964844,-17.003747940063477,-71.87751770019531,147.3813934326172,56.874847412109375,-78.96705627441406,163.48236083984375,-57.89999771118164,-78.08121490478516,165.41250610351562
1711476148.5501795,24.74094009399414,-72.07752227783203,148.09483337402344,-16.98499298095703,-71.87751770019531,147.37481689453125,56.874847412109375,-78.99111938476562,163.48236083984375,-57.89999771118164,-78.08246612548828,165.41250610351562
1711476148.5601707,24.2020320892334,-72.07752227783203,148.08404541015625,-16.959840774536133,-71.87751770019531,147.35890197753906,56.874847412109375,-78.99002075195312,163.48236083984375,-57.89999771118164,-78.09183502197266,165.41250610351562
1711476148.5701942,23.67562484741211,-72.07752227783203,148.08155822753906,-16.91640281677246,-71.87751770019531,147.31639099121094,56.874847412109375,-79.00439453125,163.48236083984375,-57.89999771118164,-78.09715270996094,165.41250610351562
1711476148.5801837,23.141874313354492,-72.07752227783203,148.06951904296875,-16.80890464782715,-71.87751770019531,147.27764892578125,56.874847412109375,-79.02674102783203,163.48236083984375,-57.89999771118164,-78.10246276855469,165.41250610351562
1711476148.5901592,22.579532623291016,-72.07752227783203,148.06484985351562,-16.605934143066406,-71.85127258300781,147.2342071533203,56.874847412109375,-79.03955078125,163.48236083984375,-57.89999771118164,-78.10246276855469,165.41250610351562
1711476148.60019,22.061874389648438,-72.07752227783203,148.06484985351562,-16.423898696899414,-71.84236907958984,147.19937133789062,56.874847412109375,-79.04767608642578,163.48236083984375,-57.89999771118164,-78.10246276855469,165.41250610351562
1711476148.610171,21.591562271118164,-72.07752227783203,148.06484985351562,-16.21327781677246,-71.84236907958984,147.1754608154297,56.874847412109375,-79.07111358642578,163.48236083984375,-57.89999771118164,-78.10246276855469,165.41250610351562
1711476148.6201663,21.135154724121094,-72.07752227783203,148.06484985351562,-16.009214401245117,-71.84236907958984,147.14077758789062,56.874847412109375,-79.10314178466797,163.48236083984375,-57.89999771118164,-78.10246276855469,165.41250610351562
1711476148.6301808,20.604219436645508,-72.07752227783203,148.06484985351562,-15.837653160095215,-71.84236907958984,147.12200927734375,56.874847412109375,-79.1454849243164,163.48236083984375,-57.89999771118164,-78.10246276855469,165.41250610351562
1711476148.6401913,19.982345581054688,-72.05096435546875,148.06484985351562,-15.549996376037598,-71.84236907958984,147.09373474121094,56.874847412109375,-79.20205688476562,163.48236083984375,-57.89999771118164,-78.10246276855469,165.41250610351562
1711476148.650171,19.270936965942383,-72.04142761230469,148.06484985351562,-15.336091995239258,-71.84236907958984,147.09483337402344,56.874847412109375,-79.26533508300781,163.48236083984375,-57.89999771118164,-78.10246276855469,165.41250610351562
1711476148.660185,18.449846267700195,-72.01940155029297,148.06484985351562,-15.05390453338623,-71.84236907958984,147.09483337402344,56.874847412109375,-79.29985809326172,163.48236083984375,-57.89999771118164,-78.10246276855469,165.41250610351562
1711476148.6701853,17.590471267700195,-72.00470733642578,148.06484985351562,-14.796717643737793,-71.84236907958984,147.08294677734375,56.874847412109375,-79.3240737915039,163.48236083984375,-57.89999771118164,-78.08433532714844,165.41250610351562
1711476148.680174,16.689687728881836,-71.99752807617188,148.08453369140625,-14.578903198242188,-71.84236907958984,147.08482360839844,56.871253967285156,-79.34173583984375,163.48236083984375,-57.89999771118164,-78.06417846679688,165.41250610351562
1711476148.6902254,15.761564254760742,-71.99752807617188,148.10108947753906,-14.47562026977539,-71.84236907958984,147.08482360839844,56.85390853881836,-79.35001373291016,163.48236083984375,-57.89999771118164,-78.05668640136719,165.41250610351562
1711476148.700198,14.836249351501465,-71.99752807617188,148.1268768310547,-14.35280990600586,-71.84236907958984,147.08482360839844,56.85484313964844,-79.36689758300781,163.48236083984375,-57.89999771118164,-78.04996490478516,165.41250610351562
1711476148.7101939,13.893282890319824,-71.99752807617188,148.13983154296875,-14.235774993896484,-71.84236907958984,147.08482360839844,56.85484313964844,-79.38002014160156,163.48236083984375,-57.89999771118164,-78.04481506347656,165.41250610351562
1711476148.7201948,12.981562614440918,-71.99752807617188,148.14952087402344,-14.142029762268066,-71.84236907958984,147.08482360839844,56.85484313964844,-79.39002227783203,163.48236083984375,-57.89999771118164,-78.02215576171875,165.41250610351562
1711476148.7304668,12.102344512939453,-71.99190521240234,148.1553192138672,-14.069369316101074,-71.84236907958984,147.08482360839844,56.85031509399414,-79.41580200195312,163.48236083984375,-57.89999771118164,-77.98715209960938,165.41250610351562
1711476148.7401679,11.23453140258789,-71.98751831054688,148.16250610351562,-13.977182388305664,-71.84236907958984,147.08482360839844,56.844844818115234,-79.44049072265625,163.48236083984375,-57.89999771118164,-77.95840454101562,165.41250610351562
1711476148.7501886,10.370624542236328,-71.97877502441406,148.16250610351562,-13.837655067443848,-71.84236907958984,147.08482360839844,56.844844818115234,-79.44548797607422,163.48236083984375,-57.89999771118164,-77.91777801513672,165.41250610351562
1711476148.7602055,9.56640625,-71.9581527709961,148.16842651367188,-13.716556549072266,-71.84236907958984,147.08482360839844,56.844844818115234,-79.46002197265625,163.48236083984375,-57.89999771118164,-77.85855865478516,165.41250610351562
1711476148.7701714,8.717031478881836,-71.91768646240234,148.18077087402344,-13.689997673034668,-71.84236907958984,147.08482360839844,56.844844818115234,-79.46782684326172,163.48236083984375,-57.89999771118164,-77.78402709960938,165.41250610351562
1711476148.7802293,7.8028130531311035,-71.91751861572266,148.19248962402344,-13.689997673034668,-71.85798645019531,147.08482360839844,56.83359909057617,-79.48001861572266,163.48236083984375,-57.89999771118164,-77.62996673583984,165.41250610351562
1711476148.790197,6.878594398498535,-71.91751861572266,148.19248962402344,-13.67780876159668,-71.86111450195312,147.12014770507812,56.82484436035156,-79.48001861572266,163.48236083984375,-57.89999771118164,-77.45870971679688,165.41250610351562
1711476148.800177,5.872969627380371,-71.91751861572266,148.19248962402344,-13.629372596740723,-71.86752319335938,147.13577270507812,56.82484436035156,-79.46438598632812,163.48236083984375,-57.89999771118164,-77.32184600830078,165.41250610351562
1711476148.8101952,4.826562881469727,-71.91751861572266,148.19248962402344,-13.5745267868042,-71.86752319335938,147.1745147705078,56.82484436035156,-79.44407653808594,163.48236083984375,-57.89999771118164,-77.17418670654297,165.41250610351562
1711476148.820193,3.830000638961792,-71.90080261230469,148.20140075683594,-13.473278999328613,-71.86752319335938,147.21966552734375,56.82484436035156,-79.42391967773438,163.48236083984375,-57.89999771118164,-77.03668975830078,165.41250610351562
1711476148.8302202,2.8346877098083496,-71.85909271240234,148.2206268310547,-13.27859115600586,-71.86752319335938,147.27920532226562,56.81828308105469,-79.38626098632812,163.48236083984375,-57.89999771118164,-76.86105346679688,165.41250610351562
1711476148.8402276,1.8826566934585571,-71.8301773071289,148.2613983154297,-13.09984016418457,-71.86752319335938,147.3603057861328,56.81484603881836,-79.34346008300781,163.48236083984375,-57.89999771118164,-76.57621002197266,165.41250610351562
1711476148.850199,1.033750295639038,-71.78268432617188,148.33155822753906,-12.909839630126953,-71.86752319335938,147.46966552734375,56.81484603881836,-79.29657745361328,163.48236083984375,-57.89999771118164,-76.3349609375,165.41250610351562
1711476148.8601747,0.18468797206878662,-71.71455383300781,148.4488983154297,-12.802183151245117,-71.86752319335938,147.53997802734375,56.81484603881836,-79.15361022949219,163.48236083984375,-57.89999771118164,-75.97371673583984,165.41250610351562
1711476148.8701901,-0.6690621376037598,-71.67815399169922,148.61187744140625,-12.779995918273926,-71.86752319335938,147.59498596191406,56.79249954223633,-78.93392944335938,163.48236083984375,-57.89999771118164,-75.7188720703125,165.41250610351562
1711476148.8802428,-1.4287495613098145,-71.63314819335938,148.69093322753906,-12.769997596740723,-71.87861633300781,147.6988983154297,56.774845123291016,-78.7411117553711,163.48236083984375,-57.89999771118164,-75.34746551513672,165.41250610351562
1711476148.8901994,-2.0889060497283936,-71.62753295898438,148.8318634033203,-12.765467643737793,-71.8867416381836,147.86170959472656,56.79140853881836,-78.47720336914062,163.48236083984375,-57.89999771118164,-74.99105834960938,165.41250610351562
1711476148.900206,-2.7351558208465576,-71.62753295898438,149.1177978515625,-12.72968578338623,-71.88751983642578,147.97515869140625,56.79000473022461,-78.32220458984375,163.48236083984375,-57.89999771118164,-74.51371765136719,165.41250610351562
1711476148.9101958,-3.2220306396484375,-71.62753295898438,149.24749755859375,-12.697026252746582,-71.88751983642578,148.0231170654297,56.79000473022461,-78.18017578125,163.48236083984375,-57.89999771118164,-74.08668518066406,165.41250610351562
1711476148.9202173,-3.611093282699585,-71.71143341064453,149.5223388671875,-12.648280143737793,-71.89142608642578,148.09420776367188,56.79000473022461,-78.09346008300781,163.48236083984375,-57.89999771118164,-73.77262115478516,165.41250610351562
1711476148.930195,-3.9251561164855957,-71.84596252441406,149.63063049316406,-12.619998931884766,-71.89752197265625,148.13653564453125,56.79000473022461,-78.00564575195312,163.48236083984375,-57.89999771118164,-73.5313720703125,165.41250610351562
1711476148.940219,-4.210468769073486,-71.88955688476562,149.6324920654297,-12.619998931884766,-71.89752197265625,148.19842529296875,56.79000473022461,-77.99236297607422,163.48236083984375,-57.89999771118164,-73.3002700805664,165.41250610351562
1711476148.9502003,-4.286718368530273,-71.92627716064453,149.62155151367188,-12.619998931884766,-71.89752197265625,148.24234008789062,56.821407318115234,-77.99236297607422,163.48236083984375,-57.89999771118164,-73.20339965820312,165.41250610351562
1711476148.9602015,-4.230624198913574,-71.92518615722656,149.58311462402344,-12.665780067443848,-71.89752197265625,148.28140258789062,56.88140869140625,-77.98939514160156,163.48236083984375,-57.89999771118164,-73.18480682373047,165.41250610351562
1711476148.9701967,-4.096249580383301,-71.88362121582031,149.55404663085938,-12.675153732299805,-71.89752197265625,148.3093719482422,56.880001068115234,-77.93611145019531,163.48236083984375,-57.89999771118164,-73.2496566772461,165.41250610351562
1711476148.9801953,-3.963437080383301,-71.83939361572266,149.5448455810547,-12.675153732299805,-71.88033294677734,148.31748962402344,56.880001068115234,-77.91313934326172,163.48236083984375,-57.89999771118164,-73.27246856689453,165.41250610351562
1711476148.9902117,-3.8017184734344482,-71.8175277709961,149.5448455810547,-12.669994354248047,-71.88236236572266,148.36279296875,56.85484313964844,-77.89236450195312,163.48236083984375,-57.89999771118164,-73.27246856689453,165.41250610351562
1711476149.0002036,-3.628905773162842,-71.8175277709961,149.5448455810547,-12.60062026977539,-71.88236236572266,148.443115234375,56.85484313964844,-77.89236450195312,163.48236083984375,-57.89999771118164,-73.27246856689453,165.41250610351562
1711476149.0101857,-3.592343330383301,-71.8175277709961,149.5448455810547,-12.532341957092285,-71.90814208984375,148.51608276367188,56.85109329223633,-77.88970184326172,163.48236083984375,-57.89999771118164,-73.27606201171875,165.41250610351562
1711476149.0202215,-3.592343330383301,-71.8175277709961,149.5448455810547,-12.425777435302734,-71.91751861572266,148.56170654296875,56.844844818115234,-77.87126922607422,163.48236083984375,-57.89999771118164,-73.28668975830078,165.41250610351562
1711476149.0302124,-3.592343330383301,-71.8175277709961,149.5448455810547,-12.349059104919434,-71.91751861572266,148.6160888671875,56.83250427246094,-77.83563995361328,163.48236083984375,-57.89999771118164,-73.29246520996094,165.41250610351562
1711476149.0402079,-3.592343330383301,-71.8175277709961,149.5448455810547,-12.361714363098145,-71.91751861572266,148.64154052734375,56.83484649658203,-77.81829833984375,163.48236083984375,-57.89999771118164,-73.29246520996094,165.41250610351562
1711476149.0502005,-3.617187023162842,-71.8351821899414,149.5448455810547,-12.406404495239258,-71.91751861572266,148.6871795654297,56.83484649658203,-77.80236053466797,163.48236083984375,-57.89999771118164,-73.29246520996094,165.41250610351562
1711476149.0602055,-3.627030611038208,-71.85174560546875,149.5448455810547,-12.405155181884766,-71.91751861572266,148.77593994140625,56.83484649658203,-77.80236053466797,163.48236083984375,-57.89999771118164,-73.29246520996094,165.41250610351562
1711476149.0702024,-3.6456243991851807,-71.85518646240234,149.5565643310547,-12.405155181884766,-71.91751861572266,148.87030029296875,56.83484649658203,-77.79861450195312,163.48236083984375,-57.89999771118164,-73.29246520996094,165.41250610351562
1711476149.0802073,-3.6499993801116943,-71.85518646240234,149.56248474121094,-12.405155181884766,-71.91751861572266,149.01763916015625,56.83484649658203,-77.77751922607422,163.48236083984375,-57.89999771118164,-73.29246520996094,165.41250610351562
1711476149.0901842,-3.6499993801116943,-71.85518646240234,149.56248474121094,-12.405155181884766,-71.91751861572266,149.1577911376953,56.83484649658203,-77.75470733642578,163.48236083984375,-57.89999771118164,-73.29246520996094,165.41250610351562
1711476149.100185,-3.6499993801116943,-71.85518646240234,149.56248474121094,-12.405155181884766,-71.93767547607422,149.37889099121094,56.83484649658203,-77.6884536743164,163.48236083984375,-57.89999771118164,-73.29246520996094,165.41250610351562
1711476149.1101863,-3.6499993801116943,-71.85518646240234,149.56248474121094,-12.405155181884766,-71.94876861572266,149.49217224121094,56.81452941894531,-77.58517456054688,163.48236083984375,-57.89999771118164,-73.29246520996094,165.41250610351562
1711476149.1201947,-3.673280954360962,-71.85518646240234,149.56248474121094,-12.405155181884766,-71.94751739501953,149.51593017578125,56.79375076293945,-77.49471282958984,163.48236083984375,-57.89999771118164,-73.29246520996094,165.41250610351562
1711476149.130208,-3.689999580383301,-71.85518646240234,149.56248474121094,-12.405155181884766,-71.94751739501953,149.55014038085938,56.79484558105469,-77.47236633300781,163.48236083984375,-57.89999771118164,-73.29246520996094,165.41250610351562
1711476149.1402066,-3.689999580383301,-71.85518646240234,149.5448455810547,-12.451403617858887,-71.94751739501953,149.56466674804688,56.79484558105469,-77.47236633300781,163.48236083984375,-57.89999771118164,-73.29246520996094,165.41250610351562
1711476149.1502106,-3.689999580383301,-71.85518646240234,149.5448455810547,-12.493122100830078,-71.94751739501953,149.5800018310547,56.79484558105469,-77.47236633300781,163.48236083984375,-57.89999771118164,-73.29246520996094,165.41250610351562
1711476149.1602058,-3.689999580383301,-71.85518646240234,149.5448455810547,-12.504369735717773,-71.94751739501953,149.55419921875,56.79484558105469,-77.47236633300781,163.48236083984375,-57.89999771118164,-73.29246520996094,165.41250610351562
1711476149.1702106,-3.689999580383301,-71.85518646240234,149.5448455810547,-12.505152702331543,-71.94751739501953,149.52484130859375,56.79484558105469,-77.47236633300781,163.48236083984375,-57.89999771118164,-73.29246520996094,165.41250610351562
1711476149.1802144,-3.689999580383301,-71.85518646240234,149.5448455810547,-12.505152702331543,-71.94751739501953,149.52484130859375,56.79484558105469,-77.47236633300781,163.48236083984375,-57.89999771118164,-73.29246520996094,165.41250610351562
1711476149.190238,-3.689999580383301,-71.85518646240234,149.5448455810547,-12.505152702331543,-71.94751739501953,149.52484130859375,56.79484558105469,-77.47236633300781,163.48236083984375,-57.89999771118164,-73.29246520996094,165.41250610351562
1711476149.2001944,-3.689999580383301,-71.85518646240234,149.54139709472656,-12.505152702331543,-71.94751739501953,149.52484130859375,56.79484558105469,-77.47236633300781,163.48236083984375,-57.89999771118164,-73.29246520996094,165.41250610351562
1711476149.210214,-3.689999580383301,-71.85518646240234,149.5348358154297,-12.505152702331543,-71.94751739501953,149.53936767578125,56.79484558105469,-77.47236633300781,163.48236083984375,-57.89999771118164,-73.29246520996094,165.41250610351562
1711476149.2202132,-3.689999580383301,-71.85518646240234,149.5348358154297,-12.505152702331543,-71.94751739501953,149.60076904296875,56.79484558105469,-77.47236633300781,163.48236083984375,-57.89999771118164,-73.29246520996094,165.41250610351562
1711476149.2302146,-3.689999580383301,-71.85518646240234,149.5348358154297,-12.505152702331543,-71.94751739501953,149.59999084472656,56.79484558105469,-77.47236633300781,163.48236083984375,-57.89999771118164,-73.29246520996094,165.41250610351562
1711476149.2402127,-3.689999580383301,-71.85518646240234,149.5348358154297,-12.505152702331543,-71.94751739501953,149.6268768310547,56.79484558105469,-77.47236633300781,163.48236083984375,-57.89999771118164,-73.29246520996094,165.41250610351562
1711476149.2501972,-3.689999580383301,-71.85518646240234,149.5348358154297,-12.505152702331543,-71.94751739501953,149.63998413085938,56.79484558105469,-77.47236633300781,163.48236083984375,-57.89999771118164,-73.274658203125,165.41250610351562
1711476149.260216,-3.689999580383301,-71.85518646240234,149.5348358154297,-12.505152702331543,-71.94751739501953,149.63998413085938,56.79484558105469,-77.47236633300781,163.48236083984375,-57.89999771118164,-73.27481079101562,165.41250610351562
1711476149.2702167,-3.689999580383301,-71.85518646240234,149.5348358154297,-12.505152702331543,-71.94751739501953,149.63998413085938,56.79484558105469,-77.47236633300781,163.48236083984375,-57.89999771118164,-73.27481079101562,165.41250610351562
1711476149.2802112,-3.689999580383301,-71.85518646240234,149.52484130859375,-12.505152702331543,-71.94751739501953,149.63998413085938,56.79484558105469,-77.47236633300781,163.48236083984375,-57.89999771118164,-73.27481079101562,165.41250610351562
1711476149.290198,-3.689999580383301,-71.85518646240234,149.52484130859375,-12.505152702331543,-71.94751739501953,149.63998413085938,56.79484558105469,-77.47236633300781,163.48236083984375,-57.89999771118164,-73.27481079101562,165.41250610351562
1711476149.300257,-3.689999580383301,-71.85518646240234,149.52484130859375,-12.505152702331543,-71.94751739501953,149.63998413085938,56.79484558105469,-77.47236633300781,163.48236083984375,-57.89999771118164,-73.27481079101562,165.41250610351562
1711476149.3103127,-3.689999580383301,-71.85518646240234,149.52484130859375,-12.505152702331543,-71.94751739501953,149.63998413085938,56.79484558105469,-77.47236633300781,163.48236083984375,-57.89999771118164,-73.27481079101562,165.41250610351562
1711476149.320209,-3.689999580383301,-71.85518646240234,149.52484130859375,-12.505152702331543,-71.94751739501953,149.62405395507812,56.79484558105469,-77.47236633300781,163.48236083984375,-57.89999771118164,-73.27481079101562,165.41250610351562
1711476149.330217,-3.689999580383301,-71.85518646240234,149.52484130859375,-12.505152702331543,-71.94751739501953,149.6148223876953,56.79484558105469,-77.47236633300781,163.48236083984375,-57.89999771118164,-73.27481079101562,165.41250610351562
1711476149.340207,-3.689999580383301,-71.85518646240234,149.52484130859375,-12.505152702331543,-71.94751739501953,149.6148223876953,56.79484558105469,-77.47236633300781,163.48236083984375,-57.89999771118164,-73.27481079101562,165.41250610351562
1711476149.350213,-3.689999580383301,-71.86518096923828,149.52484130859375,-12.505152702331543,-71.94751739501953,149.6148223876953,56.79484558105469,-77.47236633300781,163.48236083984375,-57.89999771118164,-73.27481079101562,165.41250610351562
1711476149.3602192,-3.689999580383301,-71.86518096923828,149.52484130859375,-12.505152702331543,-71.94751739501953,149.6148223876953,56.79484558105469,-77.47236633300781,163.48236083984375,-57.89999771118164,-73.27481079101562,165.41250610351562
1711476149.3702233,-3.689999580383301,-71.86518096923828,149.52484130859375,-12.505152702331543,-71.94751739501953,149.6148223876953,56.79484558105469,-77.47236633300781,163.48236083984375,-57.89999771118164,-73.27481079101562,165.41250610351562
1711476149.3802164,-3.689999580383301,-71.86518096923828,149.52484130859375,-12.505152702331543,-71.95955657958984,149.6148223876953,56.79484558105469,-77.47236633300781,163.48236083984375,-57.89999771118164,-73.27481079101562,165.41250610351562
1711476149.3902047,-3.689999580383301,-71.86518096923828,149.52484130859375,-12.505152702331543,-71.95751953125,149.61123657226562,56.79484558105469,-77.47236633300781,163.48236083984375,-57.89999771118164,-73.27481079101562,165.41250610351562
1711476149.400205,-3.689999580383301,-71.86518096923828,149.52484130859375,-12.505152702331543,-71.95751953125,149.59483337402344,56.79484558105469,-77.47236633300781,163.48236083984375,-57.89999771118164,-73.27481079101562,165.41250610351562
1711476149.4102066,-3.689999580383301,-71.87503051757812,149.53656005859375,-12.505152702331543,-71.95751953125,149.58482360839844,56.79484558105469,-77.47236633300781,163.48236083984375,-57.89999771118164,-73.27481079101562,165.41250610351562
1711476149.4202175,-3.689999580383301,-71.87518310546875,149.54249572753906,-12.38874626159668,-71.95751953125,149.57562255859375,56.79484558105469,-77.47236633300781,163.48236083984375,-57.89999771118164,-73.27481079101562,165.41250610351562
1711476149.430214,-3.689999580383301,-71.88517761230469,149.55250549316406,-12.23499584197998,-71.95751953125,149.5748291015625,56.79484558105469,-77.47236633300781,163.48236083984375,-57.89999771118164,-73.27481079101562,165.41250610351562
1711476149.440228,-3.689999580383301,-71.89517974853516,149.55250549316406,-12.088276863098145,-71.95751953125,149.56375122070312,56.79484558105469,-77.47236633300781,163.48236083984375,-57.89999771118164,-73.27481079101562,165.41250610351562
1711476149.4502296,-3.689999580383301,-71.89517974853516,149.55250549316406,-11.819527626037598,-71.95751953125,149.55702209472656,56.79484558105469,-77.47236633300781,163.48236083984375,-57.89999771118164,-73.27481079101562,165.41250610351562
1711476149.4602437,-3.689999580383301,-71.89517974853516,149.55250549316406,-11.457651138305664,-71.95751953125,149.55484008789062,56.79484558105469,-77.47236633300781,163.48236083984375,-57.89999771118164,-73.27481079101562,165.41250610351562
1711476149.4702353,-3.689999580383301,-71.89517974853516,149.55250549316406,-10.949838638305664,-71.95751953125,149.54483032226562,56.79484558105469,-77.47236633300781,163.48236083984375,-57.89999771118164,-73.27481079101562,165.41250610351562
1711476149.4803584,-3.689999580383301,-71.89517974853516,149.55250549316406,-10.24655818939209,-71.95751953125,149.54483032226562,56.79484558105469,-77.47236633300781,163.48236083984375,-57.89999771118164,-73.27481079101562,165.41250610351562
1711476149.4902632,-3.689999580383301,-71.89517974853516,149.55250549316406,-9.3426513671875,-71.95751953125,149.60092163085938,56.79484558105469,-77.44985961914062,163.48236083984375,-57.89999771118164,-73.27481079101562,165.41250610351562
1711476149.500251,-3.689999580383301,-71.89517974853516,149.55250549316406,-8.29343318939209,-71.96111297607422,149.7241973876953,56.79484558105469,-77.38485717773438,163.48236083984375,-57.89999771118164,-73.27481079101562,165.41250610351562
1711476149.5102098,-3.689999580383301,-71.89517974853516,149.55250549316406,-7.055933475494385,-71.99533081054688,149.79029846191406,56.79484558105469,-77.25173950195312,163.48236083984375,-57.89999771118164,-73.27481079101562,165.41250610351562
1711476149.5202336,-3.689999580383301,-71.89517974853516,149.55250549316406,-5.610778331756592,-71.99752044677734,149.78997802734375,56.79484558105469,-77.0126724243164,163.48236083984375,-57.89999771118164,-73.27481079101562,165.41250610351562
1711476149.5302186,-3.7079684734344482,-71.89517974853516,149.55250549316406,-4.065308570861816,-71.99752044677734,149.81373596191406,56.79484558105469,-76.76065063476562,163.48236083984375,-57.89999771118164,-73.27481079101562,165.41250610351562
1711476149.5402293,-3.7267184257507324,-71.89517974853516,149.55250549316406,-2.3873400688171387,-71.99752044677734,149.82998657226562,56.79484558105469,-76.37486267089844,163.48236083984375,-57.89999771118164,-73.27481079101562,165.41250610351562
1711476149.5502186,-3.7382802963256836,-71.89517974853516,149.5348358154297,-0.6535887718200684,-71.99752044677734,149.83999633789062,56.79484558105469,-75.93657684326172,163.48236083984375,-57.89999771118164,-73.27481079101562,165.41250610351562
1711476149.5602176,-3.7685933113098145,-71.89517974853516,149.52484130859375,1.0970354080200195,-71.99752044677734,149.83999633789062,56.79484558105469,-75.41267395019531,163.48236083984375,-57.89999771118164,-73.27481079101562,165.41250610351562
1711476149.5702353,-3.7973432540893555,-71.89517974853516,149.50656127929688,2.8345346450805664,-71.99752044677734,149.84466552734375,56.79484558105469,-74.88079833984375,163.48236083984375,-57.89999771118164,-73.27481079101562,165.41250610351562
1711476149.5802257,-3.799999237060547,-71.89517974853516,149.4765625,4.453909397125244,-71.99752044677734,149.84999084472656,56.79484558105469,-74.38143157958984,163.48236083984375,-57.89999771118164,-73.26480865478516,165.41250610351562
1711476149.5902152,-3.6384365558624268,-71.89517974853516,149.38922119140625,5.870473384857178,-71.99752044677734,149.84999084472656,56.79484558105469,-73.9345474243164,163.48236083984375,-57.89999771118164,-73.26480865478516,165.41250610351562
1711476149.6002283,-3.425312042236328,-71.89517974853516,149.21185302734375,7.070784568786621,-72.03549194335938,149.84999084472656,56.79484558105469,-73.57111358642578,163.48236083984375,-57.89999771118164,-73.26480865478516,165.41250610351562
1711476149.6102343,-3.155780792236328,-71.89517974853516,149.07374572753906,8.23375415802002,-72.05752563476562,149.83108520507812,56.79484558105469,-73.31720733642578,163.48236083984375,-57.89999771118164,-73.3002700805664,165.41250610351562
1711476149.6202428,-2.9812498092651367,-71.89517974853516,149.0595245361328,9.374065399169922,-72.05752563476562,149.8248291015625,56.79484558105469,-73.18704223632812,163.48236083984375,-57.89999771118164,-73.3462142944336,165.41250610351562
1711476149.6302319,-2.7799997329711914,-71.91706085205078,149.0145263671875,10.453441619873047,-72.05752563476562,149.8248291015625,56.79484558105469,-73.12345123291016,163.48236083984375,-57.89999771118164,-73.41043090820312,165.41250610351562
1711476149.6402283,-2.5581247806549072,-71.9151840209961,148.9879608154297,11.440159797668457,-72.05752563476562,149.8248291015625,56.79484558105469,-73.09548950195312,163.48236083984375,-57.89999771118164,-73.47059631347656,165.41250610351562
1711476149.6502326,-2.4307808876037598,-71.9151840209961,148.98483276367188,12.216567039489746,-72.05752563476562,149.8248291015625,56.786251068115234,-73.06501770019531,163.48236083984375,-57.89999771118164,-73.56964874267578,165.41250610351562
1711476149.660236,-2.33046817779541,-71.9151840209961,148.98483276367188,12.866722106933594,-72.05752563476562,149.8248291015625,56.78484344482422,-73.01986694335938,163.47235107421875,-57.89999771118164,-73.67403411865234,165.41250610351562
1711476149.6702242,-2.2903120517730713,-71.9151840209961,148.98483276367188,13.381878852844238,-72.05752563476562,149.8248291015625,56.78484344482422,-72.95970916748047,163.47235107421875,-57.89999771118164,-73.74356079101562,165.41250610351562
1711476149.6802201,-2.2923433780670166,-71.9151840209961,148.98483276367188,13.791565895080566,-72.05752563476562,149.8248291015625,56.78484344482422,-72.88595581054688,163.4601593017578,-57.89999771118164,-73.78824615478516,165.41250610351562
1711476149.6902251,-2.348280906677246,-71.9151840209961,148.98483276367188,14.068753242492676,-72.05752563476562,149.8248291015625,56.78484344482422,-72.88235473632812,163.46234130859375,-57.89999771118164,-73.84278106689453,165.41250610351562
1711476149.7002335,-2.5096869468688965,-71.9151840209961,148.98483276367188,14.282816886901855,-72.06470489501953,149.8248291015625,56.78484344482422,-72.88235473632812,163.46234130859375,-57.89999771118164,-73.87418365478516,165.41250610351562
1711476149.7102492,-2.7881247997283936,-71.89752960205078,148.98483276367188,14.450160026550293,-72.06752014160156,149.8248291015625,56.78484344482422,-72.88235473632812,163.46234130859375,-57.89999771118164,-73.91590118408203,165.41250610351562
1711476149.7202325,-3.037655830383301,-71.89486694335938,148.98483276367188,14.517659187316895,-72.06752014160156,149.8248291015625,56.79937744140625,-72.88235473632812,163.46234130859375,-57.89999771118164,-73.93824768066406,165.41250610351562
1711476149.7302358,-3.3928120136260986,-71.87753295898438,149.00250244140625,14.600940704345703,-72.06752014160156,149.8248291015625,56.80000305175781,-72.90673828125,163.46234130859375,-57.89999771118164,-73.94246673583984,165.41250610351562
1711476149.740242,-3.747812032699585,-71.8742446899414,149.0124969482422,14.72437858581543,-72.06752014160156,149.8248291015625,56.80000305175781,-72.93658447265625,163.46234130859375,-57.89999771118164,-73.87308502197266,165.41250610351562
1711476149.7502396,-4.151249408721924,-71.86752319335938,149.0124969482422,14.949848175048828,-72.06752014160156,149.8248291015625,56.810001373291016,-72.99048614501953,163.46234130859375,-57.89999771118164,-73.74652862548828,165.41250610351562
1711476149.7602365,-4.611875057220459,-71.86018371582031,149.0124969482422,15.245003700256348,-72.06752014160156,149.8248291015625,56.810001373291016,-73.06251525878906,163.46234130859375,-57.89999771118164,-73.66293334960938,165.41250610351562
1711476149.7702482,-5.1670308113098145,-71.83908081054688,149.0124969482422,15.631096839904785,-72.06752014160156,149.8248291015625,56.810001373291016,-73.1517333984375,163.46234130859375,-57.89999771118164,-73.62699127197266,165.41250610351562
1711476149.7802181,-5.819843292236328,-71.8375244140625,149.0124969482422,16.108909606933594,-72.06752014160156,149.8248291015625,56.834537506103516,-73.2176742553711,163.46234130859375,-57.89999771118164,-73.62480926513672,165.41250610351562
1711476149.790222,-6.499530792236328,-71.8375244140625,149.0124969482422,16.624847412109375,-72.06752014160156,149.8248291015625,56.84000015258789,-73.25923919677734,163.46234130859375,-57.89999771118164,-73.61355590820312,165.41250610351562
1711476149.8002458,-7.1492180824279785,-71.83158874511719,149.0124969482422,17.190940856933594,-72.06752014160156,149.8248291015625,56.84000015258789,-73.27001190185547,163.46234130859375,-57.89999771118164,-73.58496856689453,165.41250610351562
1711476149.81025,-7.828749656677246,-71.82252502441406,149.0124969482422,17.78203582763672,-72.06752014160156,149.8248291015625,56.84000015258789,-73.28002166748047,163.46234130859375,-57.89999771118164,-73.52871704101562,165.41250610351562
1711476149.820236,-8.576092720031738,-71.8175277709961,149.0124969482422,18.416723251342773,-72.06752014160156,149.8248291015625,56.84000015258789,-73.30033111572266,163.46234130859375,-57.89999771118164,-73.43730926513672,165.41250610351562
1711476149.8302298,-9.321405410766602,-71.8175277709961,149.0124969482422,19.143754959106445,-72.06752014160156,149.8248291015625,56.84000015258789,-73.30001831054688,163.46234130859375,-57.89999771118164,-73.313720703125,165.41250610351562
1711476149.840259,-10.042343139648438,-71.81002807617188,149.0124969482422,19.82109832763672,-72.06752014160156,149.8248291015625,56.84000015258789,-73.30001831054688,163.46234130859375,-57.89999771118164,-73.27387237548828,165.41250610351562
1711476149.8502328,-10.729999542236328,-71.79752349853516,149.0124969482422,20.483909606933594,-72.06752014160156,149.8248291015625,56.84000015258789,-73.30001831054688,163.46234130859375,-57.89999771118164,-73.26480865478516,165.41250610351562
1711476149.8602538,-11.460935592651367,-71.79752349853516,149.0124969482422,21.154380798339844,-72.06752014160156,149.8248291015625,56.84000015258789,-73.30001831054688,163.46234130859375,-57.89999771118164,-73.26480865478516,165.41250610351562
1711476149.8702486,-12.177813529968262,-71.79752349853516,149.0124969482422,21.82203483581543,-72.06752014160156,149.8248291015625,56.84000015258789,-73.30001831054688,163.46234130859375,-57.89999771118164,-73.26480865478516,165.41250610351562
1711476149.8802383,-12.854531288146973,-71.79752349853516,149.00733947753906,22.47453498840332,-72.06752014160156,149.8248291015625,56.84000015258789,-73.30001831054688,163.46234130859375,-57.89999771118164,-73.26480865478516,165.41250610351562
1711476149.8902462,-13.461248397827148,-71.79752349853516,148.9948272705078,23.136098861694336,-72.06752014160156,149.8248291015625,56.84000015258789,-73.30001831054688,163.46234130859375,-57.89999771118164,-73.26480865478516,165.41250610351562
1711476149.9002426,-14.067341804504395,-71.79752349853516,148.9948272705078,23.82203483581543,-72.06752014160156,149.8248291015625,56.84000015258789,-73.30001831054688,163.46234130859375,-57.89999771118164,-73.26480865478516,165.41250610351562
1711476149.9102433,-14.69546890258789,-71.79752349853516,148.9948272705078,24.543439865112305,-72.06752014160156,149.8248291015625,56.84000015258789,-73.30001831054688,163.46234130859375,-57.89999771118164,-73.26480865478516,165.41250610351562
1711476149.9202561,-15.286405563354492,-71.79752349853516,148.9948272705078,25.27469253540039,-72.06752014160156,149.8248291015625,56.84000015258789,-73.30001831054688,163.46234130859375,-57.89999771118164,-73.26480865478516,165.41250610351562
1711476149.9302514,-15.860468864440918,-71.79752349853516,148.9948272705078,26.03406524658203,-72.06752014160156,149.8248291015625,56.84000015258789,-73.30001831054688,163.46234130859375,-57.89999771118164,-73.28246307373047,165.41250610351562
1711476149.9402418,-16.434532165527344,-71.78752136230469,148.9948272705078,26.821565628051758,-72.06752014160156,149.8248291015625,56.84000015258789,-73.28782653808594,163.46234130859375,-57.89999771118164,-73.28246307373047,165.41250610351562
1711476149.950254,-17.041719436645508,-71.77611541748047,148.9948272705078,27.64547348022461,-72.06752014160156,149.8248291015625,56.84000015258789,-73.27923583984375,163.46234130859375,-57.89999771118164,-73.28246307373047,165.41250610351562
1711476149.96026,-17.69609260559082,-71.76752471923828,148.9948272705078,28.418439865112305,-72.06752014160156,149.8248291015625,56.84000015258789,-73.2723617553711,163.46234130859375,-57.89999771118164,-73.29058837890625,165.41250610351562
1711476149.970239,-18.322343826293945,-71.76752471923828,148.9948272705078,29.18000602722168,-72.06752014160156,149.8248291015625,56.84000015258789,-73.26329803466797,163.46234130859375,-57.89999771118164,-73.29246520996094,165.41250610351562
1711476149.9801948,-18.958436965942383,-71.76752471923828,148.9948272705078,29.917659759521484,-72.06752014160156,149.8248291015625,56.84000015258789,-73.26235961914062,163.46234130859375,-57.89999771118164,-73.29246520996094,165.41250610351562
1711476149.990247,-19.6534366607666,-71.76752471923828,148.9948272705078,30.59609603881836,-72.06752014160156,149.8248291015625,56.84000015258789,-73.26235961914062,163.46234130859375,-57.89999771118164,-73.29246520996094,165.41250610351562
1711476150.0002446,-20.272499084472656,-71.76752471923828,148.9948272705078,31.141096115112305,-72.06752014160156,149.8248291015625,56.84000015258789,-73.26235961914062,163.46234130859375,-57.89999771118164,-73.29246520996094,165.41250610351562
1711476150.010268,-20.826560974121094,-71.76752471923828,148.98202514648438,31.50516128540039,-72.06752014160156,149.8248291015625,56.84000015258789,-73.26235961914062,163.46234130859375,-57.89999771118164,-73.29246520996094,165.41250610351562
1711476150.020243,-21.233903884887695,-71.76752471923828,148.9706268310547,31.664066314697266,-72.06752014160156,149.8248291015625,56.84000015258789,-73.26235961914062,163.46234130859375,-57.89999771118164,-73.29246520996094,165.41250610351562
1711476150.0302598,-21.466405868530273,-71.76752471923828,148.954833984375,31.69000244140625,-72.06752014160156,149.8248291015625,56.84000015258789,-73.26235961914062,163.46234130859375,-57.89999771118164,-73.29246520996094,165.41250610351562
1711476150.0402558,-21.526872634887695,-71.76752471923828,148.93357849121094,31.668128967285156,-72.06752014160156,149.8248291015625,56.84000015258789,-73.26235961914062,163.46234130859375,-57.89999771118164,-73.29246520996094,165.41250610351562
1711476150.0502553,-21.529998779296875,-71.76752471923828,148.91952514648438,31.550472259521484,-72.06752014160156,149.8248291015625,56.84000015258789,-73.26235961914062,163.46234130859375,-57.89999771118164,-73.29246520996094,165.41250610351562
1711476150.0602436,-21.35187530517578,-71.76752471923828,148.88998413085938,31.43609619140625,-72.06752014160156,149.8248291015625,56.84000015258789,-73.28002166748047,163.46234130859375,-57.89999771118164,-73.29246520996094,165.41250610351562
1711476150.0704076,-21.08218765258789,-71.76752471923828,148.8346710205078,31.30640983581543,-72.06752014160156,149.8248291015625,56.84000015258789,-73.2900161743164,163.46234130859375,-57.89999771118164,-73.29246520996094,165.41250610351562
1711476150.08027,-20.73218536376953,-71.76752471923828,148.7509307861328,31.066410064697266,-72.06752014160156,149.8248291015625,56.84000015258789,-73.2900161743164,163.46234130859375,-57.89999771118164,-73.29246520996094,165.41250610351562
1711476150.090253,-20.28874969482422,-71.76752471923828,148.62327575683594,30.79031753540039,-72.06752014160156,149.8248291015625,56.84000015258789,-73.2900161743164,163.46234130859375,-57.89999771118164,-73.29246520996094,165.41250610351562
1711476150.100264,-19.76343536376953,-71.76752471923828,148.5428009033203,30.4190673828125,-72.04549407958984,149.8248291015625,56.84000015258789,-73.2900161743164,163.46234130859375,-57.89999771118164,-73.27433776855469,165.41250610351562
1711476150.1102467,-19.188905715942383,-71.76752471923828,148.5348358154297,30.001094818115234,-72.04236602783203,149.8248291015625,56.84000015258789,-73.2900161743164,163.46234130859375,-57.89999771118164,-73.27481079101562,165.41250610351562
1711476150.1202593,-18.537029266357422,-71.76752471923828,148.5348358154297,29.47078514099121,-72.03205108642578,149.8248291015625,56.84000015258789,-73.2900161743164,163.46234130859375,-57.89999771118164,-73.27481079101562,165.41250610351562
1711476150.130257,-17.74609375,-71.76752471923828,148.5348358154297,28.82250213623047,-72.02188873291016,149.8248291015625,56.84000015258789,-73.2900161743164,163.46234130859375,-57.89999771118164,-73.27481079101562,165.41250610351562
1711476150.140255,-16.940467834472656,-71.76752471923828,148.5348358154297,28.011564254760742,-72.0223617553711,149.8248291015625,56.84000015258789,-73.2900161743164,163.46234130859375,-57.89999771118164,-73.27481079101562,165.41250610351562
1711476150.1502411,-16.115154266357422,-71.76752471923828,148.5348358154297,27.071409225463867,-72.0223617553711,149.8248291015625,56.84000015258789,-73.2900161743164,163.46234130859375,-57.89999771118164,-73.27481079101562,165.41250610351562
1711476150.160249,-15.142499923706055,-71.76752471923828,148.5348358154297,26.046096801757812,-72.0223617553711,149.8248291015625,56.84000015258789,-73.2900161743164,163.46234130859375,-57.89999771118164,-73.27481079101562,165.41250610351562
1711476150.1702528,-14.120157241821289,-71.73971557617188,148.5348358154297,24.910783767700195,-72.01236724853516,149.8248291015625,56.84000015258789,-73.2900161743164,163.46234130859375,-57.89999771118164,-73.27481079101562,165.41250610351562
1711476150.1802676,-13.15000057220459,-71.6851806640625,148.5348358154297,23.809223175048828,-72.00720977783203,149.8248291015625,56.84000015258789,-73.2806396484375,163.46234130859375,-57.89999771118164,-73.27481079101562,165.41250610351562
1711476150.1902459,-12.068281173706055,-71.65518188476562,148.5348358154297,22.664690017700195,-72.00235748291016,149.8248291015625,56.84000015258789,-73.2723617553711,163.46234130859375,-57.89999771118164,-73.27481079101562,165.41250610351562
1711476150.2002795,-10.952343940734863,-71.62454986572266,148.5348358154297,21.506567001342773,-72.00235748291016,149.8248291015625,56.84000015258789,-73.2528305053711,163.46234130859375,-57.89999771118164,-73.27481079101562,165.41250610351562
1711476150.2102823,-9.895000457763672,-71.6075210571289,148.5348358154297,20.370159149169922,-72.00235748291016,149.8248291015625,56.84000015258789,-73.23829650878906,163.46234130859375,-57.89999771118164,-73.29246520996094,165.41250610351562
1711476150.2202637,-8.790311813354492,-71.6075210571289,148.5348358154297,19.153284072875977,-72.00235748291016,149.8248291015625,56.82265853881836,-73.23236846923828,163.46234130859375,-57.89999771118164,-73.29246520996094,165.41250610351562
1711476150.2302547,-7.693906307220459,-71.60221099853516,148.5348358154297,17.981098175048828,-72.00235748291016,149.8248291015625,56.82484436035156,-73.22563934326172,163.46234130859375,-57.89999771118164,-73.29917907714844,165.41250610351562
1711476150.2402492,-6.631406307220459,-71.5875244140625,148.5348358154297,16.764846801757812,-71.99017333984375,149.8248291015625,56.82484436035156,-73.22235870361328,163.46234130859375,-57.89999771118164,-73.30245971679688,165.41250610351562
1711476150.250285,-5.584843158721924,-71.55846405029297,148.66061401367188,15.55031681060791,-71.99236297607422,149.8248291015625,56.82484436035156,-73.22235870361328,163.46234130859375,-57.89999771118164,-73.30245971679688,165.41250610351562
1711476150.2602677,-4.662187099456787,-71.51908874511719,148.98281860351562,14.360316276550293,-71.99236297607422,149.8248291015625,56.82484436035156,-73.22235870361328,163.46234130859375,-57.89999771118164,-73.30245971679688,165.41250610351562
1711476150.2702634,-3.9670307636260986,-71.44408416748047,149.24468994140625,13.083128929138184,-71.99236297607422,149.8248291015625,56.82484436035156,-73.22235870361328,163.46234130859375,-57.89999771118164,-73.30245971679688,165.41250610351562
1711476150.2802587,-3.379530906677246,-71.30158233642578,149.38592529296875,11.871410369873047,-71.97236633300781,149.8248291015625,56.82484436035156,-73.22235870361328,163.46234130859375,-57.89999771118164,-73.30245971679688,165.41250610351562
1711476150.2902563,-2.9348433017730713,-71.24127197265625,149.6160888671875,10.604222297668457,-71.94174194335938,149.8248291015625,56.82484436035156,-73.22235870361328,163.46234130859375,-57.89999771118164,-73.30245971679688,165.41250610351562
1711476150.3002625,-2.6218745708465576,-71.20752716064453,149.55296325683594,9.429065704345703,-71.92080688476562,149.8248291015625,56.82484436035156,-73.22235870361328,163.46234130859375,-57.89999771118164,-73.30245971679688,165.41250610351562
1711476150.3102508,-2.6493747234344482,-71.22518157958984,149.5565643310547,8.32812786102295,-71.89266967773438,149.8248291015625,56.82484436035156,-73.24126434326172,163.46234130859375,-57.89999771118164,-73.30245971679688,165.41250610351562
1711476150.3202708,-2.8939058780670166,-71.22518157958984,149.55921936035156,7.298598289489746,-71.88127136230469,149.89076232910156,56.82484436035156,-73.2500228881836,163.46234130859375,-57.89999771118164,-73.30245971679688,165.41250610351562
1711476150.330251,-3.0093743801116943,-71.22518157958984,149.5448455810547,6.6173481941223145,-71.88236236572266,149.9918670654297,56.82484436035156,-73.2500228881836,163.46234130859375,-57.89999771118164,-73.30245971679688,165.41250610351562
1711476150.3402617,-3.061405897140503,-71.22518157958984,149.5448455810547,6.380317211151123,-71.88236236572266,149.95263671875,56.82484436035156,-73.2500228881836,163.46234130859375,-57.89999771118164,-73.30245971679688,165.41250610351562
1711476150.350263,-3.0699994564056396,-71.22518157958984,149.5448455810547,6.424691677093506,-71.88236236572266,149.954833984375,56.82484436035156,-73.2611083984375,163.46234130859375,-57.89999771118164,-73.30245971679688,165.41250610351562
1711476150.3602698,-3.0699994564056396,-71.22518157958984,149.5448455810547,6.684222221374512,-71.87830352783203,149.954833984375,56.82484436035156,-73.26002502441406,163.46234130859375,-57.89999771118164,-73.30245971679688,165.41250610351562
1711476150.3702636,-3.040468454360962,-71.22518157958984,149.5448455810547,6.8717217445373535,-71.84127044677734,149.954833984375,56.82484436035156,-73.26002502441406,163.46234130859375,-57.89999771118164,-73.30245971679688,165.41250610351562
1711476150.3802764,-3.0423433780670166,-71.22518157958984,149.5448455810547,6.920785903930664,-71.84236907958984,149.954833984375,56.82484436035156,-73.26002502441406,163.46234130859375,-57.89999771118164,-73.30245971679688,165.41250610351562
1711476150.3902693,-3.008124351501465,-71.22518157958984,149.5448455810547,6.9106292724609375,-71.84236907958984,149.954833984375,56.82484436035156,-73.26002502441406,163.46234130859375,-57.89999771118164,-73.30245971679688,165.41250610351562
1711476150.400253,-2.9209370613098145,-71.22518157958984,149.5448455810547,6.824533939361572,-71.84236907958984,149.954833984375,56.82484436035156,-73.26002502441406,163.46234130859375,-57.89999771118164,-73.30245971679688,165.41250610351562
1711476150.4102666,-2.8143744468688965,-71.22518157958984,149.5448455810547,6.78422212600708,-71.84236907958984,149.954833984375,56.82484436035156,-73.26002502441406,163.46234130859375,-57.89999771118164,-73.30245971679688,165.41250610351562
1711476150.4202886,-2.7668745517730713,-71.22518157958984,149.5448455810547,6.784846782684326,-71.83049011230469,149.954833984375,56.82484436035156,-73.26002502441406,163.46234130859375,-57.89999771118164,-73.30245971679688,165.41250610351562
1711476150.4302654,-2.762343406677246,-71.22518157958984,149.5448455810547,6.784846782684326,-71.83236694335938,149.954833984375,56.82484436035156,-73.26002502441406,163.46234130859375,-57.89999771118164,-73.30245971679688,165.41250610351562
1711476150.4402785,-2.762343406677246,-71.22518157958984,149.5448455810547,6.784846782684326,-71.82767486572266,149.954833984375,56.82484436035156,-73.26002502441406,163.46234130859375,-57.89999771118164,-73.30245971679688,165.41250610351562
1711476150.450273,-2.762343406677246,-71.22518157958984,149.5448455810547,6.774847507476807,-71.81002807617188,149.954833984375,56.82484436035156,-73.26002502441406,163.46234130859375,-57.89999771118164,-73.30245971679688,165.41250610351562
1711476150.4602652,-2.762343406677246,-71.22518157958984,149.5448455810547,6.774847507476807,-71.80236053466797,149.954833984375,56.82484436035156,-73.26002502441406,163.46234130859375,-57.89999771118164,-73.30245971679688,165.41250610351562
1711476150.4702692,-2.762343406677246,-71.22518157958984,149.5448455810547,6.774847507476807,-71.80236053466797,149.954833984375,56.82484436035156,-73.26002502441406,163.46234130859375,-57.89999771118164,-73.30245971679688,165.41250610351562
1711476150.4802623,-2.762343406677246,-71.22518157958984,149.5448455810547,6.774847507476807,-71.79236602783203,149.954833984375,56.82484436035156,-73.26002502441406,163.46234130859375,-57.89999771118164,-73.30245971679688,165.41250610351562
1711476150.4902787,-2.762343406677246,-71.22518157958984,149.5448455810547,6.774847507476807,-71.78689575195312,149.954833984375,56.82484436035156,-73.26002502441406,163.46234130859375,-57.89999771118164,-73.30245971679688,165.41250610351562
1711476150.5002632,-2.762343406677246,-71.20455932617188,149.5448455810547,6.774847507476807,-71.78236389160156,149.954833984375,56.82484436035156,-73.26002502441406,163.46234130859375,-57.89999771118164,-73.30245971679688,165.41250610351562
1711476150.5102794,-2.762343406677246,-71.19752502441406,149.5448455810547,6.774847507476807,-71.78236389160156,149.954833984375,56.82484436035156,-73.26002502441406,163.46234130859375,-57.89999771118164,-73.30245971679688,165.41250610351562
1711476150.5202668,-2.762343406677246,-71.19752502441406,149.5448455810547,6.774847507476807,-71.77377319335938,149.954833984375,56.82484436035156,-73.26002502441406,163.46234130859375,-57.89999771118164,-73.30245971679688,165.41250610351562
1711476150.5302713,-2.762343406677246,-71.19752502441406,149.5448455810547,6.774847507476807,-71.76815032958984,149.954833984375,56.82484436035156,-73.26002502441406,163.46234130859375,-57.89999771118164,-73.30245971679688,165.41250610351562
1711476150.5402715,-2.762343406677246,-71.19752502441406,149.5448455810547,6.774847507476807,-71.76235961914062,149.954833984375,56.82484436035156,-73.26002502441406,163.46234130859375,-57.89999771118164,-73.30245971679688,165.41250610351562
1711476150.5502756,-2.762343406677246,-71.19752502441406,149.5448455810547,6.774847507476807,-71.76235961914062,149.954833984375,56.82484436035156,-73.26002502441406,163.46234130859375,-57.89999771118164,-73.30245971679688,165.41250610351562
1711476150.5602677,-2.762343406677246,-71.19752502441406,149.5448455810547,6.791410446166992,-71.74079895019531,149.9451446533203,56.82484436035156,-73.26002502441406,163.46234130859375,-57.89999771118164,-73.30245971679688,165.41250610351562
1711476150.570295,-2.762343406677246,-71.19752502441406,149.5448455810547,6.790003776550293,-71.74236297607422,149.94482421875,56.82484436035156,-73.26002502441406,163.46234130859375,-57.89999771118164,-73.30245971679688,165.41250610351562
1711476150.5802732,-2.7799997329711914,-71.19752502441406,149.5448455810547,6.790003776550293,-71.7320556640625,149.94482421875,56.82484436035156,-73.26002502441406,163.46234130859375,-57.89999771118164,-73.30245971679688,165.41250610351562
1711476150.590281,-2.7799997329711914,-71.19752502441406,149.5448455810547,6.790003776550293,-71.72096252441406,149.9382781982422,56.82484436035156,-73.26002502441406,163.46234130859375,-57.89999771118164,-73.30245971679688,165.41250610351562
1711476150.6002715,-2.7799997329711914,-71.19752502441406,149.5448455810547,6.790003776550293,-71.72236633300781,149.93484497070312,56.82484436035156,-73.26002502441406,163.46234130859375,-57.89999771118164,-73.30245971679688,165.41250610351562
1711476150.610289,-2.7799997329711914,-71.19752502441406,149.5448455810547,6.790003776550293,-71.72236633300781,149.93484497070312,56.82484436035156,-73.26002502441406,163.46234130859375,-57.89999771118164,-73.30245971679688,165.41250610351562
1711476150.6202652,-2.7799997329711914,-71.19752502441406,149.5448455810547,6.790003776550293,-71.72236633300781,149.93484497070312,56.82484436035156,-73.26002502441406,163.46234130859375,-57.89999771118164,-73.30245971679688,165.41250610351562
1711476150.6302776,-2.7799997329711914,-71.19752502441406,149.5448455810547,6.790003776550293,-71.72236633300781,149.93484497070312,56.82484436035156,-73.26002502441406,163.46234130859375,-57.89999771118164,-73.30245971679688,165.41250610351562
1711476150.6402836,-2.7799997329711914,-71.18971252441406,149.5448455810547,6.790003776550293,-71.72236633300781,149.93484497070312,56.82484436035156,-73.26002502441406,163.46234130859375,-57.89999771118164,-73.30245971679688,165.41250610351562
1711476150.6502826,-2.7799997329711914,-71.18753051757812,149.5448455810547,6.790003776550293,-71.72236633300781,149.93484497070312,56.82484436035156,-73.26002502441406,163.46234130859375,-57.89999771118164,-73.30245971679688,165.41250610351562
1711476150.6602817,-2.7799997329711914,-71.18753051757812,149.5448455810547,6.790003776550293,-71.72236633300781,149.93484497070312,56.82484436035156,-73.26002502441406,163.46234130859375,-57.89999771118164,-73.30245971679688,165.41250610351562
1711476150.6702797,-2.7799997329711914,-71.18753051757812,149.5448455810547,6.790003776550293,-71.72236633300781,149.93484497070312,56.82484436035156,-73.26002502441406,163.46234130859375,-57.89999771118164,-73.30245971679688,165.41250610351562
1711476150.6802928,-2.7799997329711914,-71.18753051757812,149.5448455810547,6.790003776550293,-71.72236633300781,149.93484497070312,56.82484436035156,-73.26002502441406,163.46234130859375,-57.89999771118164,-73.30245971679688,165.41250610351562
1711476150.6903117,-2.7799997329711914,-71.18753051757812,149.5448455810547,6.790003776550293,-71.71157836914062,149.93484497070312,56.82484436035156,-73.26002502441406,163.46234130859375,-57.89999771118164,-73.30245971679688,165.41250610351562
1711476150.70028,-2.7799997329711914,-71.18753051757812,149.5448455810547,6.790003776550293,-71.71237182617188,149.93484497070312,56.82484436035156,-73.26002502441406,163.46234130859375,-57.89999771118164,-73.30245971679688,165.41250610351562
1711476150.7102828,-2.7799997329711914,-71.18753051757812,149.5448455810547,6.790003776550293,-71.71237182617188,149.93484497070312,56.82484436035156,-73.26002502441406,163.46234130859375,-57.89999771118164,-73.30245971679688,165.41250610351562
1711476150.7203097,-2.7799997329711914,-71.18753051757812,149.5448455810547,6.790003776550293,-71.71237182617188,149.93484497070312,56.82484436035156,-73.26002502441406,163.46234130859375,-57.89999771118164,-73.30245971679688,165.41250610351562
1711476150.7302837,-2.7799997329711914,-71.18753051757812,149.5448455810547,6.790003776550293,-71.71237182617188,149.93484497070312,56.82484436035156,-73.26002502441406,163.46234130859375,-57.89999771118164,-73.30245971679688,165.41250610351562
1711476150.7402983,-2.7799997329711914,-71.18753051757812,149.5448455810547,6.790003776550293,-71.71237182617188,149.93484497070312,56.82484436035156,-73.26002502441406,163.46234130859375,-57.89999771118164,-73.30245971679688,165.41250610351562
1711476150.7502968,-2.7799997329711914,-71.18753051757812,149.5448455810547,6.790003776550293,-71.71237182617188,149.93484497070312,56.82484436035156,-73.26002502441406,163.46234130859375,-57.89999771118164,-73.30245971679688,165.41250610351562
1711476150.7602873,-2.7799997329711914,-71.18753051757812,149.5448455810547,6.790003776550293,-71.71237182617188,149.93484497070312,56.82484436035156,-73.26002502441406,163.46234130859375,-57.89999771118164,-73.30245971679688,165.41250610351562
1711476150.7702832,-2.7799997329711914,-71.18753051757812,149.5448455810547,6.790003776550293,-71.71237182617188,149.93484497070312,56.82484436035156,-73.26002502441406,163.46234130859375,-57.89999771118164,-73.30245971679688,165.41250610351562
1711476150.7802927,-2.7799997329711914,-71.18753051757812,149.5448455810547,6.790003776550293,-71.71237182617188,149.93484497070312,56.82484436035156,-73.26002502441406,163.46234130859375,-57.89999771118164,-73.30245971679688,165.41250610351562
1711476150.7902827,-2.7799997329711914,-71.18753051757812,149.5448455810547,6.790003776550293,-71.71237182617188,149.93484497070312,56.82484436035156,-73.26002502441406,163.46234130859375,-57.89999771118164,-73.30245971679688,165.41250610351562
1711476150.8003004,-2.7799997329711914,-71.18753051757812,149.5448455810547,6.790003776550293,-71.71237182617188,149.93484497070312,56.82484436035156,-73.26002502441406,163.46234130859375,-57.89999771118164,-73.30245971679688,165.41250610351562
1711476150.8102996,-2.7799997329711914,-71.18753051757812,149.5448455810547,6.790003776550293,-71.71237182617188,149.93484497070312,56.82484436035156,-73.26002502441406,163.46234130859375,-57.89999771118164,-73.30245971679688,165.41250610351562
1711476150.820299,-2.7799997329711914,-71.18753051757812,149.5448455810547,6.790003776550293,-71.71237182617188,149.93484497070312,56.82484436035156,-73.26002502441406,163.46234130859375,-57.89999771118164,-73.30245971679688,165.41250610351562
1711476150.8302975,-2.7799997329711914,-71.18753051757812,149.5448455810547,6.790003776550293,-71.71237182617188,149.93484497070312,56.82484436035156,-73.26002502441406,163.46234130859375,-57.89999771118164,-73.30245971679688,165.41250610351562
1711476150.8402977,-2.7799997329711914,-71.18753051757812,149.5448455810547,6.790003776550293,-71.71237182617188,149.93484497070312,56.82484436035156,-73.26002502441406,163.46234130859375,-57.89999771118164,-73.30245971679688,165.41250610351562
1711476150.8502932,-2.7799997329711914,-71.18753051757812,149.5448455810547,6.790003776550293,-71.71237182617188,149.93484497070312,56.82484436035156,-73.26002502441406,163.46234130859375,-57.89999771118164,-73.30245971679688,165.41250610351562
1711476150.8602767,-2.7799997329711914,-71.18753051757812,149.5448455810547,6.790003776550293,-71.71237182617188,149.93484497070312,56.82484436035156,-73.26002502441406,163.46234130859375,-57.89999771118164,-73.30245971679688,165.41250610351562
1711476150.8703039,-2.7799997329711914,-71.18753051757812,149.5448455810547,6.790003776550293,-71.71237182617188,149.93484497070312,56.82484436035156,-73.26002502441406,163.46234130859375,-57.89999771118164,-73.30245971679688,165.41250610351562
1711476150.8802783,-2.7799997329711914,-71.18753051757812,149.5448455810547,6.790003776550293,-71.71237182617188,149.93484497070312,56.82484436035156,-73.26002502441406,163.46234130859375,-57.89999771118164,-73.30245971679688,165.41250610351562
1711476150.890283,-2.7799997329711914,-71.18753051757812,149.5448455810547,6.790003776550293,-71.71237182617188,149.93484497070312,56.82484436035156,-73.26002502441406,163.46234130859375,-57.89999771118164,-73.30245971679688,165.41250610351562
1711476150.90028,-2.7799997329711914,-71.18753051757812,149.5448455810547,6.790003776550293,-71.71237182617188,149.93484497070312,56.82484436035156,-73.26002502441406,163.46234130859375,-57.89999771118164,-73.30245971679688,165.41250610351562
1711476150.9102957,-2.7799997329711914,-71.18753051757812,149.5448455810547,6.790003776550293,-71.71237182617188,149.93484497070312,56.82484436035156,-73.26002502441406,163.46234130859375,-57.89999771118164,-73.30245971679688,165.41250610351562
1711476150.920296,-2.7799997329711914,-71.18753051757812,149.5448455810547,6.790003776550293,-71.71237182617188,149.93484497070312,56.82484436035156,-73.26002502441406,163.46234130859375,-57.89999771118164,-73.30245971679688,165.41250610351562
1711476150.9302828,-2.7799997329711914,-71.18753051757812,149.5448455810547,6.790003776550293,-71.71237182617188,149.93484497070312,56.82484436035156,-73.26002502441406,163.46234130859375,-57.89999771118164,-73.30245971679688,165.41250610351562
1711476150.9402895,-2.7799997329711914,-71.18753051757812,149.5448455810547,6.790003776550293,-71.71237182617188,149.93484497070312,56.82484436035156,-73.26002502441406,163.46234130859375,-57.89999771118164,-73.30245971679688,165.41250610351562
1711476150.9502947,-2.7799997329711914,-71.18753051757812,149.5448455810547,6.790003776550293,-71.71237182617188,149.93484497070312,56.82484436035156,-73.26002502441406,163.46234130859375,-57.89999771118164,-73.30245971679688,165.41250610351562
1711476150.960293,-2.7799997329711914,-71.18753051757812,149.5448455810547,6.790003776550293,-71.71237182617188,149.93484497070312,56.82484436035156,-73.26002502441406,163.46234130859375,-57.89999771118164,-73.30245971679688,165.41250610351562
1711476150.9702833,-2.7799997329711914,-71.18753051757812,149.5448455810547,6.790003776550293,-71.71237182617188,149.93484497070312,56.82484436035156,-73.26002502441406,163.46234130859375,-57.89999771118164,-73.30245971679688,165.41250610351562
1711476150.9803188,-2.7799997329711914,-71.18753051757812,149.5448455810547,6.790003776550293,-71.71237182617188,149.93484497070312,56.82484436035156,-73.26002502441406,163.46234130859375,-57.89999771118164,-73.30245971679688,165.41250610351562
1711476150.9902947,-2.7799997329711914,-71.18753051757812,149.5448455810547,6.790003776550293,-71.71237182617188,149.93484497070312,56.82484436035156,-73.26002502441406,163.46234130859375,-57.89999771118164,-73.30245971679688,165.41250610351562
1711476151.0002832,-2.7799997329711914,-71.18753051757812,149.5448455810547,6.790003776550293,-71.71237182617188,149.93484497070312,56.82484436035156,-73.26002502441406,163.46234130859375,-57.89999771118164,-73.30245971679688,165.41250610351562
1711476151.0103333,-2.7799997329711914,-71.18753051757812,149.5448455810547,6.790003776550293,-71.71237182617188,149.93484497070312,56.82484436035156,-73.26002502441406,163.46234130859375,-57.89999771118164,-73.30245971679688,165.41250610351562
1711476151.0203178,-2.7799997329711914,-71.18753051757812,149.5448455810547,6.790003776550293,-71.71237182617188,149.93484497070312,56.82484436035156,-73.26002502441406,163.46234130859375,-57.89999771118164,-73.30245971679688,165.41250610351562
1711476151.0303166,-2.7799997329711914,-71.18753051757812,149.5448455810547,6.790003776550293,-71.71237182617188,149.93484497070312,56.82484436035156,-73.26002502441406,163.46234130859375,-57.89999771118164,-73.30245971679688,165.41250610351562
1711476151.040313,-2.7799997329711914,-71.18753051757812,149.5448455810547,6.790003776550293,-71.71237182617188,149.93484497070312,56.82484436035156,-73.26002502441406,163.46234130859375,-57.89999771118164,-73.30245971679688,165.41250610351562
1711476151.0502908,-2.7799997329711914,-71.18753051757812,149.5448455810547,6.790003776550293,-71.71237182617188,149.93484497070312,56.82484436035156,-73.26002502441406,163.46234130859375,-57.89999771118164,-73.30245971679688,165.41250610351562
1711476151.0603218,-2.7799997329711914,-71.18753051757812,149.5448455810547,6.790003776550293,-71.71237182617188,149.93484497070312,56.82484436035156,-73.26002502441406,163.46234130859375,-57.89999771118164,-73.30245971679688,165.41250610351562
1711476151.0702894,-2.7799997329711914,-71.18753051757812,149.5448455810547,6.790003776550293,-71.71237182617188,149.93484497070312,56.82484436035156,-73.26002502441406,163.46234130859375,-57.89999771118164,-73.30245971679688,165.41250610351562
1711476151.0803008,-2.7799997329711914,-71.18753051757812,149.5448455810547,6.790003776550293,-71.71237182617188,149.93484497070312,56.82484436035156,-73.26002502441406,163.46234130859375,-57.89999771118164,-73.30245971679688,165.41250610351562
1711476151.0903049,-2.7799997329711914,-71.18753051757812,149.5448455810547,6.790003776550293,-71.71237182617188,149.93484497070312,56.82484436035156,-73.26002502441406,163.46234130859375,-57.89999771118164,-73.30245971679688,165.41250610351562
1711476151.1002922,-2.7799997329711914,-71.18753051757812,149.5448455810547,6.790003776550293,-71.71237182617188,149.93484497070312,56.82484436035156,-73.26002502441406,163.46234130859375,-57.89999771118164,-73.30245971679688,165.41250610351562
1711476151.1102974,-2.7799997329711914,-71.18753051757812,149.5448455810547,6.790003776550293,-71.71237182617188,149.93484497070312,56.82484436035156,-73.26002502441406,163.46234130859375,-57.89999771118164,-73.30245971679688,165.41250610351562
1711476151.1203024,-2.7799997329711914,-71.18753051757812,149.5448455810547,6.790003776550293,-71.71237182617188,149.93484497070312,56.82484436035156,-73.26002502441406,163.46234130859375,-57.89999771118164,-73.30245971679688,165.41250610351562
1711476151.130312,-2.7799997329711914,-71.18753051757812,149.5448455810547,6.790003776550293,-71.71237182617188,149.93484497070312,56.82484436035156,-73.26002502441406,163.46234130859375,-57.89999771118164,-73.30245971679688,165.41250610351562
1711476151.140316,-2.7799997329711914,-71.18753051757812,149.5448455810547,6.790003776550293,-71.71237182617188,149.93484497070312,56.82484436035156,-73.26002502441406,163.46234130859375,-57.89999771118164,-73.30245971679688,165.41250610351562
1711476151.1503062,-2.7799997329711914,-71.18753051757812,149.5448455810547,6.790003776550293,-71.71237182617188,149.93484497070312,56.82484436035156,-73.26002502441406,163.46234130859375,-57.89999771118164,-73.30245971679688,165.41250610351562
1711476151.1603112,-2.7799997329711914,-71.18753051757812,149.5448455810547,6.790003776550293,-71.71237182617188,149.93484497070312,56.82484436035156,-73.26002502441406,163.46234130859375,-57.89999771118164,-73.30245971679688,165.41250610351562
1711476151.1702979,-2.7799997329711914,-71.18753051757812,149.5448455810547,6.790003776550293,-71.71237182617188,149.93484497070312,56.82484436035156,-73.26002502441406,163.46234130859375,-57.89999771118164,-73.30245971679688,165.41250610351562
1711476151.1803136,-2.7799997329711914,-71.18753051757812,149.5448455810547,6.790003776550293,-71.71237182617188,149.93484497070312,56.82484436035156,-73.26002502441406,163.46234130859375,-57.89999771118164,-73.30245971679688,165.41250610351562
1711476151.1903431,-2.7799997329711914,-71.18753051757812,149.5448455810547,6.790003776550293,-71.71237182617188,149.93484497070312,56.82484436035156,-73.26002502441406,163.46234130859375,-57.89999771118164,-73.30245971679688,165.41250610351562
1711476151.200308,-2.7799997329711914,-71.18753051757812,149.5448455810547,6.790003776550293,-71.71237182617188,149.93484497070312,56.82484436035156,-73.26002502441406,163.46234130859375,-57.89999771118164,-73.30245971679688,165.41250610351562
1711476151.210315,-2.7799997329711914,-71.18753051757812,149.5448455810547,6.790003776550293,-71.71237182617188,149.93484497070312,56.82484436035156,-73.26002502441406,163.46234130859375,-57.89999771118164,-73.30245971679688,165.41250610351562
1711476151.22034,-2.7799997329711914,-71.18753051757812,149.5448455810547,6.790003776550293,-71.71237182617188,149.93484497070312,56.82484436035156,-73.26002502441406,163.46234130859375,-57.89999771118164,-73.30245971679688,165.41250610351562
1711476151.2302973,-2.7799997329711914,-71.18753051757812,149.5448455810547,6.790003776550293,-71.71237182617188,149.93484497070312,56.82484436035156,-73.26002502441406,163.46234130859375,-57.89999771118164,-73.30245971679688,165.41250610351562
1711476151.240316,-2.7799997329711914,-71.18753051757812,149.5448455810547,6.790003776550293,-71.71237182617188,149.93484497070312,56.82484436035156,-73.26002502441406,163.46234130859375,-57.89999771118164,-73.30245971679688,165.41250610351562
1711476151.2503176,-2.7799997329711914,-71.18753051757812,149.5448455810547,6.790003776550293,-71.70236206054688,149.93484497070312,56.82484436035156,-73.26002502441406,163.46234130859375,-57.89999771118164,-73.30245971679688,165.41250610351562
1711476151.2603042,-2.7799997329711914,-71.18753051757812,149.5448455810547,6.790003776550293,-71.70236206054688,149.93484497070312,56.82484436035156,-73.26002502441406,163.46234130859375,-57.89999771118164,-73.30245971679688,165.41250610351562
1711476151.2703285,-2.7799997329711914,-71.18753051757812,149.5448455810547,6.790003776550293,-71.70236206054688,149.93484497070312,56.82484436035156,-73.26002502441406,163.46234130859375,-57.89999771118164,-73.30245971679688,165.41250610351562
1711476151.280324,-2.7799997329711914,-71.18753051757812,149.5448455810547,6.790003776550293,-71.70236206054688,149.93484497070312,56.82484436035156,-73.26002502441406,163.46234130859375,-57.89999771118164,-73.30245971679688,165.41250610351562
1711476151.290309,-2.7799997329711914,-71.18753051757812,149.5448455810547,6.790003776550293,-71.70236206054688,149.93484497070312,56.82484436035156,-73.26002502441406,163.46234130859375,-57.89999771118164,-73.30245971679688,165.41250610351562
1711476151.3003318,-2.7799997329711914,-71.18753051757812,149.5448455810547,6.790003776550293,-71.70236206054688,149.93484497070312,56.82484436035156,-73.26002502441406,163.46234130859375,-57.89999771118164,-73.30245971679688,165.41250610351562
1711476151.31031,-2.7799997329711914,-71.18753051757812,149.5448455810547,6.790003776550293,-71.70236206054688,149.93484497070312,56.82484436035156,-73.26002502441406,163.46234130859375,-57.89999771118164,-73.30245971679688,165.41250610351562
1711476151.3203256,-2.7799997329711914,-71.18753051757812,149.5448455810547,6.790003776550293,-71.70236206054688,149.93484497070312,56.82484436035156,-73.26002502441406,163.46234130859375,-57.89999771118164,-73.30245971679688,165.41250610351562
1711476151.33032,-2.7799997329711914,-71.18753051757812,149.5448455810547,6.790003776550293,-71.70236206054688,149.93484497070312,56.82484436035156,-73.26002502441406,163.46234130859375,-57.89999771118164,-73.30245971679688,165.41250610351562
1711476151.3403242,-2.7799997329711914,-71.18753051757812,149.5448455810547,6.790003776550293,-71.70236206054688,149.93484497070312,56.82484436035156,-73.26002502441406,163.46234130859375,-57.89999771118164,-73.30245971679688,165.41250610351562
1711476151.3503015,-2.7799997329711914,-71.18753051757812,149.5448455810547,6.790003776550293,-71.70236206054688,149.93484497070312,56.82484436035156,-73.26002502441406,163.46234130859375,-57.89999771118164,-73.30245971679688,165.41250610351562
1711476151.360326,-2.7799997329711914,-71.18753051757812,149.5448455810547,6.790003776550293,-71.70236206054688,149.93484497070312,56.82484436035156,-73.26002502441406,163.46234130859375,-57.89999771118164,-73.30245971679688,165.41250610351562
1711476151.3703308,-2.7799997329711914,-71.18753051757812,149.5448455810547,6.790003776550293,-71.70236206054688,149.93484497070312,56.82484436035156,-73.26002502441406,163.46234130859375,-57.89999771118164,-73.30245971679688,165.41250610351562
1711476151.3803225,-2.7799997329711914,-71.18753051757812,149.5448455810547,6.790003776550293,-71.70236206054688,149.93484497070312,56.82484436035156,-73.26002502441406,163.46234130859375,-57.89999771118164,-73.30245971679688,165.41250610351562
1711476151.3903372,-2.7799997329711914,-71.18753051757812,149.5448455810547,6.790003776550293,-71.70236206054688,149.93484497070312,56.82484436035156,-73.26002502441406,163.46234130859375,-57.89999771118164,-73.30245971679688,165.41250610351562
1711476151.400329,-2.7799997329711914,-71.18753051757812,149.5448455810547,6.790003776550293,-71.70236206054688,149.93484497070312,56.82484436035156,-73.26002502441406,163.46234130859375,-57.89999771118164,-73.30245971679688,165.41250610351562
1711476151.4103494,-2.7799997329711914,-71.18753051757812,149.5448455810547,6.790003776550293,-71.70236206054688,149.93484497070312,56.82484436035156,-73.26002502441406,163.46234130859375,-57.89999771118164,-73.30245971679688,165.41250610351562
1711476151.42033,-2.7799997329711914,-71.18753051757812,149.5448455810547,6.790003776550293,-71.70236206054688,149.93484497070312,56.82484436035156,-73.26002502441406,163.46234130859375,-57.89999771118164,-73.30245971679688,165.41250610351562
1711476151.4303303,-2.7799997329711914,-71.18753051757812,149.5448455810547,6.790003776550293,-71.70236206054688,149.93484497070312,56.82484436035156,-73.26002502441406,163.46234130859375,-57.89999771118164,-73.30245971679688,165.41250610351562
1711476151.4403157,-2.7799997329711914,-71.18753051757812,149.5448455810547,6.790003776550293,-71.70236206054688,149.93484497070312,56.82484436035156,-73.26002502441406,163.46234130859375,-57.89999771118164,-73.30245971679688,165.41250610351562
1711476151.4503295,-2.7799997329711914,-71.18753051757812,149.5448455810547,6.790003776550293,-71.70236206054688,149.93484497070312,56.82484436035156,-73.26002502441406,163.46234130859375,-57.89999771118164,-73.30245971679688,165.41250610351562
1711476151.4603248,-2.7799997329711914,-71.18753051757812,149.5448455810547,6.790003776550293,-71.70236206054688,149.93484497070312,56.82484436035156,-73.26002502441406,163.46234130859375,-57.89999771118164,-73.30245971679688,165.41250610351562
1711476151.470346,-2.7799997329711914,-71.18753051757812,149.5448455810547,6.790003776550293,-71.70236206054688,149.93484497070312,56.82484436035156,-73.26002502441406,163.46234130859375,-57.89999771118164,-73.30245971679688,165.41250610351562
1711476151.480336,-2.7799997329711914,-71.18753051757812,149.5448455810547,6.790003776550293,-71.70236206054688,149.93484497070312,56.82484436035156,-73.26002502441406,163.46234130859375,-57.89999771118164,-73.30245971679688,165.41250610351562
1711476151.490326,-2.7799997329711914,-71.18753051757812,149.5448455810547,6.790003776550293,-71.70236206054688,149.93484497070312,56.82484436035156,-73.26002502441406,163.46234130859375,-57.89999771118164,-73.30245971679688,165.41250610351562
1711476151.5003068,-2.7799997329711914,-71.18753051757812,149.5448455810547,6.790003776550293,-71.70236206054688,149.93484497070312,56.82484436035156,-73.26002502441406,163.46234130859375,-57.89999771118164,-73.30245971679688,165.41250610351562
1711476151.51033,-2.7799997329711914,-71.18753051757812,149.5448455810547,6.790003776550293,-71.70236206054688,149.93484497070312,56.82484436035156,-73.26002502441406,163.46234130859375,-57.89999771118164,-73.30245971679688,165.41250610351562
1711476151.5203063,-2.7799997329711914,-71.18753051757812,149.5448455810547,6.790003776550293,-71.70236206054688,149.93484497070312,56.82484436035156,-73.26002502441406,163.46234130859375,-57.89999771118164,-73.30245971679688,165.41250610351562
1711476151.5303345,-2.7799997329711914,-71.18753051757812,149.5448455810547,6.790003776550293,-71.70236206054688,149.93484497070312,56.82484436035156,-73.26002502441406,163.46234130859375,-57.89999771118164,-73.30245971679688,165.41250610351562
1711476151.5403173,-2.7799997329711914,-71.18753051757812,149.5448455810547,6.790003776550293,-71.70236206054688,149.93484497070312,56.82484436035156,-73.26002502441406,163.46234130859375,-57.89999771118164,-73.30245971679688,165.41250610351562
1711476151.5503316,-2.7799997329711914,-71.18753051757812,149.5448455810547,6.790003776550293,-71.70236206054688,149.93484497070312,56.82484436035156,-73.26002502441406,163.46234130859375,-57.89999771118164,-73.30245971679688,165.41250610351562
1711476151.5603414,-2.7799997329711914,-71.18753051757812,149.5448455810547,6.790003776550293,-71.70236206054688,149.93484497070312,56.82484436035156,-73.26002502441406,163.46234130859375,-57.89999771118164,-73.30245971679688,165.41250610351562
1711476151.5703385,-2.7799997329711914,-71.18753051757812,149.5448455810547,6.790003776550293,-71.70236206054688,149.93484497070312,56.82484436035156,-73.26002502441406,163.46234130859375,-57.89999771118164,-73.30245971679688,165.41250610351562
1711476151.5803368,-2.7799997329711914,-71.18753051757812,149.5448455810547,6.790003776550293,-71.70236206054688,149.93484497070312,56.82484436035156,-73.26002502441406,163.46234130859375,-57.89999771118164,-73.30245971679688,165.41250610351562
1711476151.5903444,-2.7799997329711914,-71.18753051757812,149.5448455810547,6.790003776550293,-71.70236206054688,149.93484497070312,56.82484436035156,-73.26002502441406,163.46234130859375,-57.89999771118164,-73.30245971679688,165.41250610351562
1711476151.6003132,-2.7799997329711914,-71.18753051757812,149.5448455810547,6.790003776550293,-71.70236206054688,149.93484497070312,56.82484436035156,-73.26002502441406,163.46234130859375,-57.89999771118164,-73.30245971679688,165.41250610351562
1711476151.6103313,-2.7799997329711914,-71.18753051757812,149.5448455810547,6.790003776550293,-71.70236206054688,149.93484497070312,56.82484436035156,-73.26002502441406,163.46234130859375,-57.89999771118164,-73.30245971679688,165.41250610351562
1711476151.6203165,-2.7799997329711914,-71.18753051757812,149.5448455810547,6.790003776550293,-71.70236206054688,149.93484497070312,56.82484436035156,-73.26002502441406,163.46234130859375,-57.89999771118164,-73.30245971679688,165.41250610351562
1711476151.630343,-2.7799997329711914,-71.18753051757812,149.5448455810547,6.790003776550293,-71.70236206054688,149.93484497070312,56.82484436035156,-73.26002502441406,163.46234130859375,-57.89999771118164,-73.30245971679688,165.41250610351562
1711476151.6403217,-2.7799997329711914,-71.18753051757812,149.5448455810547,6.790003776550293,-71.70236206054688,149.93484497070312,56.82484436035156,-73.26002502441406,163.46234130859375,-57.89999771118164,-73.30245971679688,165.41250610351562
1711476151.6503503,-2.7799997329711914,-71.18753051757812,149.5448455810547,6.790003776550293,-71.70236206054688,149.93484497070312,56.82484436035156,-73.26002502441406,163.46234130859375,-57.89999771118164,-73.30245971679688,165.41250610351562
1711476151.6603386,-2.7799997329711914,-71.18753051757812,149.5448455810547,6.790003776550293,-71.70236206054688,149.93484497070312,56.82484436035156,-73.26002502441406,163.46234130859375,-57.89999771118164,-73.30245971679688,165.41250610351562
1711476151.6703358,-2.7799997329711914,-71.18753051757812,149.5448455810547,6.790003776550293,-71.70236206054688,149.93484497070312,56.82484436035156,-73.26002502441406,163.46234130859375,-57.89999771118164,-73.30245971679688,165.41250610351562
1711476151.6803267,-2.7799997329711914,-71.18753051757812,149.5448455810547,6.790003776550293,-71.70236206054688,149.93484497070312,56.82484436035156,-73.26002502441406,163.46234130859375,-57.89999771118164,-73.30245971679688,165.41250610351562
1711476151.690519,-2.7799997329711914,-71.18753051757812,149.5448455810547,6.790003776550293,-71.70236206054688,149.93484497070312,56.82484436035156,-73.26002502441406,163.46234130859375,-57.89999771118164,-73.30245971679688,165.41250610351562
1711476151.7003388,-2.7799997329711914,-71.18753051757812,149.5448455810547,6.790003776550293,-71.70236206054688,149.93484497070312,56.82484436035156,-73.26002502441406,163.46234130859375,-57.89999771118164,-73.30245971679688,165.41250610351562
1711476151.7103405,-2.7799997329711914,-71.18753051757812,149.5448455810547,6.790003776550293,-71.70236206054688,149.93484497070312,56.82484436035156,-73.26002502441406,163.46234130859375,-57.89999771118164,-73.30245971679688,165.41250610351562
1711476151.720349,-2.7799997329711914,-71.18753051757812,149.5448455810547,6.790003776550293,-71.70236206054688,149.93484497070312,56.82484436035156,-73.26002502441406,163.46234130859375,-57.89999771118164,-73.30245971679688,165.41250610351562
1711476151.7303402,-2.7799997329711914,-71.18753051757812,149.5448455810547,6.790003776550293,-71.70236206054688,149.93484497070312,56.82484436035156,-73.26002502441406,163.46234130859375,-57.89999771118164,-73.30245971679688,165.41250610351562
1711476151.740373,-2.7799997329711914,-71.18753051757812,149.5448455810547,6.790003776550293,-71.70236206054688,149.93484497070312,56.82484436035156,-73.26002502441406,163.46234130859375,-57.89999771118164,-73.30245971679688,165.41250610351562
1711476151.7503428,-2.7799997329711914,-71.18753051757812,149.5448455810547,6.790003776550293,-71.70236206054688,149.93484497070312,56.82484436035156,-73.26002502441406,163.46234130859375,-57.89999771118164,-73.30245971679688,165.41250610351562
1711476151.7603443,-2.7799997329711914,-71.18753051757812,149.5448455810547,6.790003776550293,-71.70236206054688,149.93484497070312,56.82484436035156,-73.26002502441406,163.46234130859375,-57.89999771118164,-73.30245971679688,165.41250610351562
1711476151.7703202,-2.7799997329711914,-71.18753051757812,149.5448455810547,6.790003776550293,-71.70236206054688,149.93484497070312,56.82484436035156,-73.26002502441406,163.46234130859375,-57.89999771118164,-73.30245971679688,165.41250610351562
1711476151.780352,-2.7799997329711914,-71.18753051757812,149.5448455810547,6.790003776550293,-71.70236206054688,149.93484497070312,56.82484436035156,-73.26002502441406,163.46234130859375,-57.89999771118164,-73.30245971679688,165.41250610351562
1711476151.7903528,-2.7799997329711914,-71.18753051757812,149.5448455810547,6.790003776550293,-71.70236206054688,149.93484497070312,56.82484436035156,-73.26002502441406,163.46234130859375,-57.89999771118164,-73.30245971679688,165.41250610351562
1711476151.8003297,-2.7799997329711914,-71.18753051757812,149.5448455810547,6.790003776550293,-71.70236206054688,149.93484497070312,56.82484436035156,-73.26002502441406,163.46234130859375,-57.89999771118164,-73.30245971679688,165.41250610351562
1711476151.8103461,-2.7799997329711914,-71.17799377441406,149.5448455810547,6.790003776550293,-71.70236206054688,149.93484497070312,56.82484436035156,-73.26002502441406,163.46234130859375,-57.89999771118164,-73.30245971679688,165.41250610351562
1711476151.8203444,-2.7799997329711914,-71.17752075195312,149.5448455810547,6.790003776550293,-71.70236206054688,149.93484497070312,56.82484436035156,-73.26002502441406,163.46234130859375,-57.89999771118164,-73.30245971679688,165.41250610351562
1711476151.8303413,-2.7799997329711914,-71.17752075195312,149.5448455810547,6.790003776550293,-71.70236206054688,149.93484497070312,56.82484436035156,-73.26002502441406,163.46234130859375,-57.89999771118164,-73.30245971679688,165.41250610351562
1711476151.840341,-2.7799997329711914,-71.17752075195312,149.5448455810547,6.790003776550293,-71.70236206054688,149.93484497070312,56.82484436035156,-73.26002502441406,163.46234130859375,-57.89999771118164,-73.30245971679688,165.41250610351562
1711476151.850353,-2.7799997329711914,-71.17752075195312,149.5448455810547,6.790003776550293,-71.70236206054688,149.93484497070312,56.82484436035156,-73.26002502441406,163.46234130859375,-57.89999771118164,-73.30245971679688,165.41250610351562
1711476151.8603427,-2.7799997329711914,-71.17752075195312,149.5448455810547,6.790003776550293,-71.70236206054688,149.93484497070312,56.82484436035156,-73.26002502441406,163.46234130859375,-57.89999771118164,-73.30245971679688,165.41250610351562
1711476151.8703537,-2.7799997329711914,-71.17752075195312,149.5448455810547,6.790003776550293,-71.70236206054688,149.93484497070312,56.82484436035156,-73.26002502441406,163.46234130859375,-57.89999771118164,-73.30245971679688,165.41250610351562
1711476151.880382,-2.7799997329711914,-71.17752075195312,149.5448455810547,6.790003776550293,-71.70236206054688,149.93484497070312,56.82484436035156,-73.26002502441406,163.46234130859375,-57.89999771118164,-73.30245971679688,165.41250610351562
1711476151.890322,-2.7799997329711914,-71.17752075195312,149.5448455810547,6.790003776550293,-71.70236206054688,149.93484497070312,56.82484436035156,-73.26002502441406,163.46234130859375,-57.89999771118164,-73.30245971679688,165.41250610351562
1711476151.9003625,-2.7799997329711914,-71.17752075195312,149.5448455810547,6.790003776550293,-71.70236206054688,149.93484497070312,56.82484436035156,-73.26002502441406,163.46234130859375,-57.89999771118164,-73.30245971679688,165.41250610351562
1711476151.9103322,-2.7799997329711914,-71.17752075195312,149.5448455810547,6.790003776550293,-71.70236206054688,149.93484497070312,56.82484436035156,-73.26002502441406,163.46234130859375,-57.89999771118164,-73.30245971679688,165.41250610351562
1711476151.9203532,-2.7799997329711914,-71.17752075195312,149.5448455810547,6.790003776550293,-71.70236206054688,149.93484497070312,56.82484436035156,-73.26002502441406,163.46234130859375,-57.89999771118164,-73.30245971679688,165.41250610351562
1711476151.930359,-2.7799997329711914,-71.17752075195312,149.5448455810547,6.790003776550293,-71.70236206054688,149.93484497070312,56.82484436035156,-73.26002502441406,163.46234130859375,-57.89999771118164,-73.30245971679688,165.41250610351562
1711476151.9403353,-2.7799997329711914,-71.17752075195312,149.5448455810547,6.790003776550293,-71.70236206054688,149.93484497070312,56.82484436035156,-73.26002502441406,163.46234130859375,-57.89999771118164,-73.30245971679688,165.41250610351562
1711476151.9504745,-2.7799997329711914,-71.17752075195312,149.5448455810547,6.790003776550293,-71.70236206054688,149.93484497070312,56.82484436035156,-73.26002502441406,163.46234130859375,-57.89999771118164,-73.30245971679688,165.41250610351562
1711476151.960357,-2.7799997329711914,-71.17752075195312,149.5448455810547,6.790003776550293,-71.70236206054688,149.93484497070312,56.82484436035156,-73.26002502441406,163.46234130859375,-57.89999771118164,-73.30245971679688,165.41250610351562
1711476151.9703562,-2.7799997329711914,-71.17752075195312,149.5448455810547,6.790003776550293,-71.70236206054688,149.93484497070312,56.82484436035156,-73.26002502441406,163.46234130859375,-57.89999771118164,-73.30245971679688,165.41250610351562
1711476151.9803383,-2.7799997329711914,-71.17752075195312,149.5448455810547,6.790003776550293,-71.70236206054688,149.93484497070312,56.82484436035156,-73.26002502441406,163.46234130859375,-57.89999771118164,-73.30245971679688,165.41250610351562
1711476151.9903479,-2.7799997329711914,-71.17752075195312,149.5448455810547,6.790003776550293,-71.70236206054688,149.93484497070312,56.82484436035156,-73.26002502441406,163.46234130859375,-57.89999771118164,-73.30245971679688,165.41250610351562
1711476152.000362,-2.7799997329711914,-71.17752075195312,149.5448455810547,6.790003776550293,-71.70236206054688,149.93484497070312,56.82484436035156,-73.26002502441406,163.46234130859375,-57.89999771118164,-73.30245971679688,165.41250610351562
1711476152.0103488,-2.7799997329711914,-71.17752075195312,149.5448455810547,6.790003776550293,-71.70236206054688,149.93484497070312,56.82484436035156,-73.26002502441406,163.46234130859375,-57.89999771118164,-73.30245971679688,165.41250610351562
1711476152.0203683,-2.7799997329711914,-71.17752075195312,149.5448455810547,6.790003776550293,-71.70236206054688,149.93484497070312,56.82484436035156,-73.26002502441406,163.46234130859375,-57.89999771118164,-73.30245971679688,165.41250610351562
1711476152.0303571,-2.7799997329711914,-71.17752075195312,149.5448455810547,6.790003776550293,-71.70236206054688,149.93484497070312,56.82484436035156,-73.26002502441406,163.46234130859375,-57.89999771118164,-73.30245971679688,165.41250610351562
1711476152.0404155,-2.7799997329711914,-71.17752075195312,149.5448455810547,6.790003776550293,-71.70236206054688,149.93484497070312,56.82484436035156,-73.26002502441406,163.46234130859375,-57.89999771118164,-73.30245971679688,165.41250610351562
1711476152.0503554,-2.7799997329711914,-71.17752075195312,149.5448455810547,6.790003776550293,-71.70236206054688,149.93484497070312,56.82484436035156,-73.26002502441406,163.46234130859375,-57.89999771118164,-73.30245971679688,165.41250610351562
1711476152.060356,-2.7799997329711914,-71.17752075195312,149.5448455810547,6.790003776550293,-71.70236206054688,149.93484497070312,56.82484436035156,-73.26002502441406,163.46234130859375,-57.89999771118164,-73.30245971679688,165.41250610351562
1711476152.0703425,-2.7799997329711914,-71.17752075195312,149.5448455810547,6.790003776550293,-71.70236206054688,149.93484497070312,56.82484436035156,-73.26002502441406,163.46234130859375,-57.89999771118164,-73.30245971679688,165.41250610351562
1711476152.080345,-2.7799997329711914,-71.17752075195312,149.5448455810547,6.790003776550293,-71.70236206054688,149.93484497070312,56.82484436035156,-73.26002502441406,163.46234130859375,-57.89999771118164,-73.30245971679688,165.41250610351562
1711476152.0903406,-2.7799997329711914,-71.17752075195312,149.5448455810547,6.790003776550293,-71.70236206054688,149.93484497070312,56.82484436035156,-73.26002502441406,163.46234130859375,-57.89999771118164,-73.30245971679688,165.41250610351562
1711476152.1003406,-2.7799997329711914,-71.17752075195312,149.5448455810547,6.790003776550293,-71.70236206054688,149.93484497070312,56.82484436035156,-73.26002502441406,163.46234130859375,-57.89999771118164,-73.30245971679688,165.41250610351562
1711476152.1103613,-2.7799997329711914,-71.17752075195312,149.5448455810547,6.790003776550293,-71.70236206054688,149.93484497070312,56.82484436035156,-73.26002502441406,163.46234130859375,-57.89999771118164,-73.30245971679688,165.41250610351562
1711476152.1203406,-2.7799997329711914,-71.17752075195312,149.5448455810547,6.790003776550293,-71.70236206054688,149.93484497070312,56.82484436035156,-73.26002502441406,163.46234130859375,-57.89999771118164,-73.30245971679688,165.41250610351562
1711476152.130348,-2.7799997329711914,-71.17752075195312,149.5448455810547,6.790003776550293,-71.70236206054688,149.93484497070312,56.82484436035156,-73.26002502441406,163.46234130859375,-57.89999771118164,-73.30245971679688,165.41250610351562
1711476152.1403565,-2.7799997329711914,-71.17752075195312,149.5448455810547,6.790003776550293,-71.70236206054688,149.93484497070312,56.82484436035156,-73.26002502441406,163.46234130859375,-57.89999771118164,-73.30245971679688,165.41250610351562
1711476152.150365,-2.7799997329711914,-71.17752075195312,149.5448455810547,6.790003776550293,-71.70236206054688,149.93484497070312,56.82484436035156,-73.26002502441406,163.46234130859375,-57.89999771118164,-73.30245971679688,165.41250610351562
1711476152.1603408,-2.7799997329711914,-71.17752075195312,149.5448455810547,6.790003776550293,-71.70236206054688,149.93484497070312,56.82484436035156,-73.26002502441406,163.46234130859375,-57.89999771118164,-73.30245971679688,165.41250610351562
1711476152.1703691,-2.7799997329711914,-71.17752075195312,149.5448455810547,6.790003776550293,-71.70236206054688,149.93484497070312,56.82484436035156,-73.26002502441406,163.46234130859375,-57.89999771118164,-73.30245971679688,165.41250610351562
1711476152.1803672,-2.7799997329711914,-71.17752075195312,149.5448455810547,6.790003776550293,-71.70236206054688,149.93484497070312,56.82484436035156,-73.26002502441406,163.46234130859375,-57.89999771118164,-73.30245971679688,165.41250610351562
1711476152.1904953,-2.7799997329711914,-71.17752075195312,149.5448455810547,6.790003776550293,-71.70236206054688,149.93484497070312,56.82484436035156,-73.26002502441406,163.46234130859375,-57.89999771118164,-73.30245971679688,165.41250610351562
1711476152.2003646,-2.7799997329711914,-71.17752075195312,149.5448455810547,6.790003776550293,-71.70236206054688,149.93484497070312,56.82484436035156,-73.26002502441406,163.46234130859375,-57.89999771118164,-73.30245971679688,165.41250610351562
1711476152.210344,-2.7799997329711914,-71.17752075195312,149.5448455810547,6.790003776550293,-71.70236206054688,149.93484497070312,56.82484436035156,-73.26002502441406,163.46234130859375,-57.89999771118164,-73.30245971679688,165.41250610351562
1711476152.2205,-2.7799997329711914,-71.17752075195312,149.5448455810547,6.790003776550293,-71.70236206054688,149.93484497070312,56.82484436035156,-73.26002502441406,163.46234130859375,-57.89999771118164,-73.30245971679688,165.41250610351562
1711476152.2303715,-2.7799997329711914,-71.17752075195312,149.5448455810547,6.790003776550293,-71.70236206054688,149.93484497070312,56.82484436035156,-73.26002502441406,163.46234130859375,-57.89999771118164,-73.30245971679688,165.41250610351562
1711476152.2403476,-2.7799997329711914,-71.17752075195312,149.5448455810547,6.790003776550293,-71.70236206054688,149.93484497070312,56.82484436035156,-73.26002502441406,163.46234130859375,-57.89999771118164,-73.30245971679688,165.41250610351562
1711476152.250367,-2.7799997329711914,-71.17752075195312,149.5448455810547,6.790003776550293,-71.70236206054688,149.93484497070312,56.82484436035156,-73.26002502441406,163.46234130859375,-57.89999771118164,-73.30245971679688,165.41250610351562
1711476152.2603803,-2.7799997329711914,-71.17752075195312,149.5448455810547,6.790003776550293,-71.70236206054688,149.93484497070312,56.82484436035156,-73.26002502441406,163.46234130859375,-57.89999771118164,-73.30245971679688,165.41250610351562
1711476152.2703657,-2.7799997329711914,-71.17752075195312,149.5448455810547,6.790003776550293,-71.70236206054688,149.93484497070312,56.82484436035156,-73.26002502441406,163.46234130859375,-57.89999771118164,-73.30245971679688,165.41250610351562
1711476152.280322,-2.7799997329711914,-71.17752075195312,149.5448455810547,6.790003776550293,-71.70236206054688,149.93484497070312,56.82484436035156,-73.26002502441406,163.46234130859375,-57.89999771118164,-73.30245971679688,165.41250610351562
1711476152.2903528,-2.7799997329711914,-71.17752075195312,149.5448455810547,6.790003776550293,-71.70236206054688,149.93484497070312,56.82484436035156,-73.26002502441406,163.46234130859375,-57.89999771118164,-73.30245971679688,165.41250610351562
1711476152.3003805,-2.7799997329711914,-71.17752075195312,149.5448455810547,6.790003776550293,-71.70236206054688,149.93484497070312,56.82484436035156,-73.26002502441406,163.46234130859375,-57.89999771118164,-73.30245971679688,165.41250610351562
1711476152.310373,-2.7799997329711914,-71.17752075195312,149.5448455810547,6.790003776550293,-71.70236206054688,149.93484497070312,56.82484436035156,-73.26002502441406,163.46234130859375,-57.89999771118164,-73.30245971679688,165.41250610351562
1711476152.3203785,-2.7799997329711914,-71.17752075195312,149.5448455810547,6.790003776550293,-71.70236206054688,149.93484497070312,56.82484436035156,-73.26002502441406,163.46234130859375,-57.89999771118164,-73.30245971679688,165.41250610351562
1711476152.330372,-2.7799997329711914,-71.17752075195312,149.5448455810547,6.790003776550293,-71.70236206054688,149.93484497070312,56.82484436035156,-73.26002502441406,163.46234130859375,-57.89999771118164,-73.30245971679688,165.41250610351562
1711476152.3403678,-2.7799997329711914,-71.17752075195312,149.5448455810547,6.790003776550293,-71.70236206054688,149.93484497070312,56.82484436035156,-73.26002502441406,163.46234130859375,-57.89999771118164,-73.30245971679688,165.41250610351562
1711476152.3503726,-2.7799997329711914,-71.17752075195312,149.5448455810547,6.790003776550293,-71.70236206054688,149.93484497070312,56.82484436035156,-73.26002502441406,163.46234130859375,-57.89999771118164,-73.30245971679688,165.41250610351562
1711476152.3603506,-2.7799997329711914,-71.17752075195312,149.5448455810547,6.790003776550293,-71.70236206054688,149.93484497070312,56.82484436035156,-73.26002502441406,163.46234130859375,-57.89999771118164,-73.30245971679688,165.41250610351562
1711476152.3703578,-2.7799997329711914,-71.17752075195312,149.5448455810547,6.790003776550293,-71.70236206054688,149.93484497070312,56.82484436035156,-73.26002502441406,163.46234130859375,-57.89999771118164,-73.30245971679688,165.41250610351562
1711476152.380359,-2.7799997329711914,-71.17752075195312,149.5448455810547,6.790003776550293,-71.70236206054688,149.93484497070312,56.82484436035156,-73.26002502441406,163.46234130859375,-57.89999771118164,-73.30245971679688,165.41250610351562
1711476152.3903527,-2.7799997329711914,-71.17752075195312,149.5448455810547,6.790003776550293,-71.70236206054688,149.93484497070312,56.82484436035156,-73.26002502441406,163.46234130859375,-57.89999771118164,-73.30245971679688,165.41250610351562
1711476152.400354,-2.7799997329711914,-71.17752075195312,149.5448455810547,6.790003776550293,-71.70236206054688,149.93484497070312,56.82484436035156,-73.26002502441406,163.46234130859375,-57.89999771118164,-73.30245971679688,165.41250610351562
1711476152.4103796,-2.7799997329711914,-71.17752075195312,149.5448455810547,6.790003776550293,-71.70236206054688,149.93484497070312,56.82484436035156,-73.26002502441406,163.46234130859375,-57.89999771118164,-73.30245971679688,165.41250610351562
1711476152.4203835,-2.7799997329711914,-71.17752075195312,149.5448455810547,6.790003776550293,-71.70236206054688,149.93484497070312,56.82484436035156,-73.26002502441406,163.46234130859375,-57.89999771118164,-73.30245971679688,165.41250610351562
1711476152.4303617,-2.7799997329711914,-71.17752075195312,149.5448455810547,6.790003776550293,-71.70236206054688,149.93484497070312,56.82484436035156,-73.26002502441406,163.46234130859375,-57.89999771118164,-73.30245971679688,165.41250610351562
1711476152.4403872,-2.7799997329711914,-71.17752075195312,149.5448455810547,6.790003776550293,-71.70236206054688,149.93484497070312,56.82484436035156,-73.26002502441406,163.46234130859375,-57.89999771118164,-73.30245971679688,165.41250610351562
1711476152.4503596,-2.7799997329711914,-71.17752075195312,149.5448455810547,6.790003776550293,-71.70236206054688,149.93484497070312,56.82484436035156,-73.26002502441406,163.46234130859375,-57.89999771118164,-73.30245971679688,165.41250610351562
1711476152.4603925,-2.7799997329711914,-71.17752075195312,149.5448455810547,6.790003776550293,-71.70236206054688,149.93484497070312,56.82484436035156,-73.26002502441406,163.46234130859375,-57.89999771118164,-73.30245971679688,165.41250610351562
1711476152.470377,-2.7799997329711914,-71.17752075195312,149.5448455810547,6.790003776550293,-71.70236206054688,149.93484497070312,56.82484436035156,-73.26002502441406,163.46234130859375,-57.89999771118164,-73.30245971679688,165.41250610351562
1711476152.4803762,-2.7799997329711914,-71.17752075195312,149.5448455810547,6.790003776550293,-71.70236206054688,149.93484497070312,56.82484436035156,-73.26002502441406,163.46234130859375,-57.89999771118164,-73.30245971679688,165.41250610351562
1711476152.4903693,-2.7799997329711914,-71.17752075195312,149.5448455810547,6.790003776550293,-71.70236206054688,149.93484497070312,56.82484436035156,-73.26002502441406,163.46234130859375,-57.89999771118164,-73.30245971679688,165.41250610351562
1711476152.5003889,-2.7799997329711914,-71.17752075195312,149.5448455810547,6.790003776550293,-71.70236206054688,149.93484497070312,56.82484436035156,-73.26002502441406,163.46234130859375,-57.89999771118164,-73.30245971679688,165.41250610351562
1711476152.5103836,-2.7799997329711914,-71.17752075195312,149.5448455810547,6.790003776550293,-71.70236206054688,149.93484497070312,56.82484436035156,-73.26002502441406,163.46234130859375,-57.89999771118164,-73.30245971679688,165.41250610351562
1711476152.520368,-2.7799997329711914,-71.17752075195312,149.5448455810547,6.790003776550293,-71.70236206054688,149.93484497070312,56.82484436035156,-73.26002502441406,163.46234130859375,-57.89999771118164,-73.30245971679688,165.41250610351562
1711476152.5303886,-2.7799997329711914,-71.17752075195312,149.5448455810547,6.790003776550293,-71.70236206054688,149.93484497070312,56.82484436035156,-73.26002502441406,163.46234130859375,-57.89999771118164,-73.30245971679688,165.41250610351562
1711476152.5403671,-2.7799997329711914,-71.17752075195312,149.5448455810547,6.790003776550293,-71.70236206054688,149.93484497070312,56.82484436035156,-73.26002502441406,163.46234130859375,-57.89999771118164,-73.30245971679688,165.41250610351562
1711476152.550367,-2.7799997329711914,-71.17752075195312,149.5448455810547,6.790003776550293,-71.70236206054688,149.93484497070312,56.82484436035156,-73.26002502441406,163.46234130859375,-57.89999771118164,-73.30245971679688,165.41250610351562
1711476152.560363,-2.7799997329711914,-71.17752075195312,149.5448455810547,6.790003776550293,-71.70236206054688,149.93484497070312,56.82484436035156,-73.26002502441406,163.46234130859375,-57.89999771118164,-73.30245971679688,165.41250610351562
1711476152.5703866,-2.7799997329711914,-71.17752075195312,149.5448455810547,6.790003776550293,-71.70236206054688,149.93484497070312,56.82484436035156,-73.26002502441406,163.46234130859375,-57.89999771118164,-73.30245971679688,165.41250610351562
1711476152.5803862,-2.7799997329711914,-71.17752075195312,149.5448455810547,6.790003776550293,-71.70236206054688,149.93484497070312,56.82484436035156,-73.26002502441406,163.46234130859375,-57.89999771118164,-73.30245971679688,165.41250610351562
1711476152.5903883,-2.7799997329711914,-71.17752075195312,149.5448455810547,6.790003776550293,-71.70236206054688,149.93484497070312,56.82484436035156,-73.26002502441406,163.46234130859375,-57.89999771118164,-73.30245971679688,165.41250610351562
1711476152.6003845,-2.7799997329711914,-71.17752075195312,149.5448455810547,6.790003776550293,-71.70236206054688,149.93484497070312,56.82484436035156,-73.26002502441406,163.46234130859375,-57.89999771118164,-73.30245971679688,165.41250610351562
1711476152.610607,-2.7799997329711914,-71.17752075195312,149.5448455810547,6.790003776550293,-71.70236206054688,149.93484497070312,56.82484436035156,-73.26002502441406,163.46234130859375,-57.89999771118164,-73.30245971679688,165.41250610351562
1711476152.6203864,-2.7799997329711914,-71.17752075195312,149.5448455810547,6.790003776550293,-71.70236206054688,149.93484497070312,56.82484436035156,-73.26002502441406,163.46234130859375,-57.89999771118164,-73.30245971679688,165.41250610351562
1711476152.6303885,-2.7799997329711914,-71.17752075195312,149.5448455810547,6.790003776550293,-71.70236206054688,149.93484497070312,56.82484436035156,-73.26002502441406,163.46234130859375,-57.89999771118164,-73.30245971679688,165.41250610351562
1711476152.640376,-2.7799997329711914,-71.17752075195312,149.5448455810547,6.790003776550293,-71.70236206054688,149.93484497070312,56.82484436035156,-73.26002502441406,163.46234130859375,-57.89999771118164,-73.30245971679688,165.41250610351562
1711476152.650381,-2.7799997329711914,-71.17752075195312,149.5448455810547,6.790003776550293,-71.70236206054688,149.93484497070312,56.82484436035156,-73.26002502441406,163.46234130859375,-57.89999771118164,-73.30245971679688,165.41250610351562
1711476152.660386,-2.7799997329711914,-71.17752075195312,149.5448455810547,6.790003776550293,-71.70236206054688,149.93484497070312,56.82484436035156,-73.26002502441406,163.46234130859375,-57.89999771118164,-73.30245971679688,165.41250610351562
1711476152.6703744,-2.7799997329711914,-71.17752075195312,149.5448455810547,6.790003776550293,-71.70236206054688,149.93484497070312,56.82484436035156,-73.26002502441406,163.46234130859375,-57.89999771118164,-73.30245971679688,165.41250610351562
1711476152.680399,-2.7799997329711914,-71.17752075195312,149.5448455810547,6.790003776550293,-71.70236206054688,149.93484497070312,56.82484436035156,-73.26002502441406,163.46234130859375,-57.89999771118164,-73.30245971679688,165.41250610351562
1711476152.6904056,-2.7799997329711914,-71.17752075195312,149.5448455810547,6.790003776550293,-71.70236206054688,149.93484497070312,56.82484436035156,-73.26002502441406,163.46234130859375,-57.89999771118164,-73.30245971679688,165.41250610351562
1711476152.7003915,-2.7799997329711914,-71.17752075195312,149.5448455810547,6.790003776550293,-71.70236206054688,149.93484497070312,56.82484436035156,-73.26002502441406,163.46234130859375,-57.89999771118164,-73.30245971679688,165.41250610351562
1711476152.7103925,-2.7799997329711914,-71.17752075195312,149.5448455810547,6.790003776550293,-71.70236206054688,149.93484497070312,56.82484436035156,-73.26002502441406,163.46234130859375,-57.89999771118164,-73.30245971679688,165.41250610351562
1711476152.7203922,-2.7799997329711914,-71.17752075195312,149.5448455810547,6.790003776550293,-71.70236206054688,149.93484497070312,56.82484436035156,-73.26002502441406,163.46234130859375,-57.89999771118164,-73.30245971679688,165.41250610351562
1711476152.7303743,-2.7799997329711914,-71.17752075195312,149.5448455810547,6.790003776550293,-71.70236206054688,149.93484497070312,56.82484436035156,-73.26002502441406,163.46234130859375,-57.89999771118164,-73.30245971679688,165.41250610351562
1711476152.7404144,-2.7799997329711914,-71.17752075195312,149.5448455810547,6.790003776550293,-71.70236206054688,149.93484497070312,56.82484436035156,-73.26002502441406,163.46234130859375,-57.89999771118164,-73.30245971679688,165.41250610351562
1711476152.7504091,-2.7799997329711914,-71.17752075195312,149.5448455810547,6.790003776550293,-71.70236206054688,149.93484497070312,56.82484436035156,-73.26002502441406,163.46234130859375,-57.89999771118164,-73.30245971679688,165.41250610351562
1711476152.7603793,-2.7799997329711914,-71.17752075195312,149.5448455810547,6.790003776550293,-71.70236206054688,149.93484497070312,56.82484436035156,-73.26002502441406,163.46234130859375,-57.89999771118164,-73.30245971679688,165.41250610351562
1711476152.7703958,-2.7799997329711914,-71.17752075195312,149.5448455810547,6.790003776550293,-71.70236206054688,149.93484497070312,56.82484436035156,-73.26002502441406,163.46234130859375,-57.89999771118164,-73.30245971679688,165.41250610351562
1711476152.7803912,-2.7799997329711914,-71.17752075195312,149.5448455810547,6.790003776550293,-71.70236206054688,149.93484497070312,56.82484436035156,-73.26002502441406,163.46234130859375,-57.89999771118164,-73.30245971679688,165.41250610351562
1711476152.7903874,-2.7799997329711914,-71.17752075195312,149.5448455810547,6.790003776550293,-71.70236206054688,149.93484497070312,56.82484436035156,-73.26002502441406,163.46234130859375,-57.89999771118164,-73.30245971679688,165.41250610351562
1711476152.8003974,-2.7799997329711914,-71.17752075195312,149.5448455810547,6.790003776550293,-71.70236206054688,149.93484497070312,56.82484436035156,-73.26002502441406,163.46234130859375,-57.89999771118164,-73.30245971679688,165.41250610351562
1711476152.8103838,-2.7799997329711914,-71.17752075195312,149.5448455810547,6.790003776550293,-71.70236206054688,149.93484497070312,56.82484436035156,-73.26002502441406,163.46234130859375,-57.89999771118164,-73.30245971679688,165.41250610351562
1711476152.820381,-2.7799997329711914,-71.17752075195312,149.5448455810547,6.790003776550293,-71.70236206054688,149.93484497070312,56.82484436035156,-73.26002502441406,163.46234130859375,-57.89999771118164,-73.30245971679688,165.41250610351562
1711476152.8303936,-2.7799997329711914,-71.17752075195312,149.5448455810547,6.790003776550293,-71.70236206054688,149.93484497070312,56.82484436035156,-73.26002502441406,163.46234130859375,-57.89999771118164,-73.30245971679688,165.41250610351562
1711476152.8404038,-2.7799997329711914,-71.17752075195312,149.5448455810547,6.790003776550293,-71.70236206054688,149.93484497070312,56.82484436035156,-73.26002502441406,163.46234130859375,-57.89999771118164,-73.30245971679688,165.41250610351562
1711476152.8503869,-2.7799997329711914,-71.17752075195312,149.5448455810547,6.790003776550293,-71.70236206054688,149.93484497070312,56.82484436035156,-73.26002502441406,163.46234130859375,-57.89999771118164,-73.30245971679688,165.41250610351562
1711476152.860409,-2.7799997329711914,-71.17752075195312,149.5448455810547,6.790003776550293,-71.70236206054688,149.93484497070312,56.82484436035156,-73.26002502441406,163.46234130859375,-57.89999771118164,-73.30245971679688,165.41250610351562
1711476152.8703864,-2.7799997329711914,-71.17752075195312,149.5448455810547,6.790003776550293,-71.70236206054688,149.93484497070312,56.82484436035156,-73.26002502441406,163.46234130859375,-57.89999771118164,-73.30245971679688,165.41250610351562
1711476152.8803775,-2.7799997329711914,-71.17752075195312,149.5448455810547,6.790003776550293,-71.70236206054688,149.93484497070312,56.82484436035156,-73.26002502441406,163.46234130859375,-57.89999771118164,-73.30245971679688,165.41250610351562
1711476152.8903973,-2.7799997329711914,-71.17752075195312,149.5448455810547,6.790003776550293,-71.70236206054688,149.93484497070312,56.82484436035156,-73.26002502441406,163.46234130859375,-57.89999771118164,-73.30245971679688,165.41250610351562
1711476152.9004025,-2.7799997329711914,-71.17752075195312,149.5448455810547,6.790003776550293,-71.70236206054688,149.93484497070312,56.82484436035156,-73.26002502441406,163.46234130859375,-57.89999771118164,-73.30245971679688,165.41250610351562
1711476152.9103947,-2.7799997329711914,-71.17752075195312,149.5448455810547,6.790003776550293,-71.70236206054688,149.93484497070312,56.82484436035156,-73.26002502441406,163.46234130859375,-57.89999771118164,-73.30245971679688,165.41250610351562
1711476152.920401,-2.7799997329711914,-71.17752075195312,149.5448455810547,6.790003776550293,-71.70236206054688,149.93484497070312,56.82484436035156,-73.26002502441406,163.46234130859375,-57.89999771118164,-73.30245971679688,165.41250610351562
1711476152.9303935,-2.7799997329711914,-71.17752075195312,149.5448455810547,6.790003776550293,-71.70236206054688,149.93484497070312,56.82484436035156,-73.26002502441406,163.46234130859375,-57.89999771118164,-73.30245971679688,165.41250610351562
1711476152.9404473,-2.7799997329711914,-71.17752075195312,149.5448455810547,6.790003776550293,-71.70236206054688,149.93484497070312,56.82484436035156,-73.26002502441406,163.46234130859375,-57.89999771118164,-73.30245971679688,165.41250610351562
1711476152.9504004,-2.7799997329711914,-71.17752075195312,149.5448455810547,6.790003776550293,-71.70236206054688,149.93484497070312,56.82484436035156,-73.26002502441406,163.46234130859375,-57.89999771118164,-73.30245971679688,165.41250610351562
1711476152.9604049,-2.7799997329711914,-71.17752075195312,149.5448455810547,6.790003776550293,-71.70236206054688,149.93484497070312,56.82484436035156,-73.26002502441406,163.46234130859375,-57.89999771118164,-73.30245971679688,165.41250610351562
1711476152.9703922,-2.7799997329711914,-71.17752075195312,149.5448455810547,6.790003776550293,-71.70236206054688,149.93484497070312,56.82484436035156,-73.26002502441406,163.46234130859375,-57.89999771118164,-73.30245971679688,165.41250610351562
1711476152.9804735,-2.7799997329711914,-71.17752075195312,149.5448455810547,6.790003776550293,-71.70236206054688,149.93484497070312,56.82484436035156,-73.26002502441406,163.46234130859375,-57.89999771118164,-73.30245971679688,165.41250610351562
1711476152.9904003,-2.7799997329711914,-71.17752075195312,149.5448455810547,6.790003776550293,-71.70236206054688,149.93484497070312,56.82484436035156,-73.26002502441406,163.46234130859375,-57.89999771118164,-73.30245971679688,165.41250610351562
1711476153.0003998,-2.7799997329711914,-71.17752075195312,149.5448455810547,6.790003776550293,-71.70236206054688,149.93484497070312,56.82484436035156,-73.26002502441406,163.46234130859375,-57.89999771118164,-73.30245971679688,165.41250610351562
1711476153.0103948,-2.7799997329711914,-71.17752075195312,149.5448455810547,6.790003776550293,-71.70236206054688,149.93484497070312,56.82484436035156,-73.26002502441406,163.46234130859375,-57.89999771118164,-73.30245971679688,165.41250610351562
1711476153.0204172,-2.7799997329711914,-71.17752075195312,149.5448455810547,6.790003776550293,-71.70236206054688,149.93484497070312,56.82484436035156,-73.26002502441406,163.46234130859375,-57.89999771118164,-73.30245971679688,165.41250610351562
1711476153.0304077,-2.7799997329711914,-71.17752075195312,149.5448455810547,6.790003776550293,-71.70236206054688,149.93484497070312,56.82484436035156,-73.26002502441406,163.46234130859375,-57.89999771118164,-73.30245971679688,165.41250610351562
1711476153.0403996,-2.7799997329711914,-71.17752075195312,149.5448455810547,6.790003776550293,-71.70236206054688,149.93484497070312,56.82484436035156,-73.26002502441406,163.46234130859375,-57.89999771118164,-73.30245971679688,165.41250610351562
1711476153.0504045,-2.7799997329711914,-71.17752075195312,149.5448455810547,6.790003776550293,-71.70236206054688,149.93484497070312,56.82484436035156,-73.26002502441406,163.46234130859375,-57.89999771118164,-73.30245971679688,165.41250610351562
1711476153.0603936,-2.7799997329711914,-71.17752075195312,149.5448455810547,6.790003776550293,-71.70236206054688,149.93484497070312,56.82484436035156,-73.26002502441406,163.46234130859375,-57.89999771118164,-73.30245971679688,165.41250610351562
1711476153.070395,-2.7799997329711914,-71.17752075195312,149.5448455810547,6.790003776550293,-71.70236206054688,149.93484497070312,56.82484436035156,-73.26002502441406,163.46234130859375,-57.89999771118164,-73.30245971679688,165.41250610351562
1711476153.080401,-2.7799997329711914,-71.17752075195312,149.5448455810547,6.790003776550293,-71.70236206054688,149.93484497070312,56.82484436035156,-73.26002502441406,163.46234130859375,-57.89999771118164,-73.30245971679688,165.41250610351562
1711476153.0906203,-2.7799997329711914,-71.17752075195312,149.5448455810547,6.790003776550293,-71.70236206054688,149.93484497070312,56.82484436035156,-73.26002502441406,163.46234130859375,-57.89999771118164,-73.30245971679688,165.41250610351562
1711476153.100408,-2.7799997329711914,-71.17752075195312,149.5448455810547,6.790003776550293,-71.70236206054688,149.93484497070312,56.82484436035156,-73.26002502441406,163.46234130859375,-57.89999771118164,-73.30245971679688,165.41250610351562
1711476153.110413,-2.7799997329711914,-71.17752075195312,149.5448455810547,6.790003776550293,-71.70236206054688,149.93484497070312,56.82484436035156,-73.26002502441406,163.46234130859375,-57.89999771118164,-73.30245971679688,165.41250610351562
1711476153.1204054,-2.7799997329711914,-71.17752075195312,149.5448455810547,6.790003776550293,-71.70236206054688,149.93484497070312,56.82484436035156,-73.26002502441406,163.46234130859375,-57.89999771118164,-73.30245971679688,165.41250610351562
1711476153.1304064,-2.7799997329711914,-71.17752075195312,149.5448455810547,6.790003776550293,-71.70236206054688,149.93484497070312,56.82484436035156,-73.26002502441406,163.46234130859375,-57.89999771118164,-73.30245971679688,165.41250610351562
1711476153.140407,-2.7799997329711914,-71.17752075195312,149.5448455810547,6.790003776550293,-71.70236206054688,149.93484497070312,56.82484436035156,-73.26002502441406,163.46234130859375,-57.89999771118164,-73.30245971679688,165.41250610351562
1711476153.1504064,-2.7799997329711914,-71.17752075195312,149.5448455810547,6.790003776550293,-71.70236206054688,149.93484497070312,56.82484436035156,-73.26002502441406,163.46234130859375,-57.89999771118164,-73.30245971679688,165.41250610351562
1711476153.1607203,-2.7799997329711914,-71.17752075195312,149.5448455810547,6.790003776550293,-71.70236206054688,149.93484497070312,56.82484436035156,-73.26002502441406,163.46234130859375,-57.89999771118164,-73.30245971679688,165.41250610351562
1711476153.1704142,-2.7799997329711914,-71.17752075195312,149.5448455810547,6.790003776550293,-71.70236206054688,149.93484497070312,56.82484436035156,-73.26002502441406,163.46234130859375,-57.89999771118164,-73.30245971679688,165.41250610351562
1711476153.1804104,-2.7799997329711914,-71.17752075195312,149.5448455810547,6.790003776550293,-71.70236206054688,149.93484497070312,56.82484436035156,-73.26002502441406,163.46234130859375,-57.89999771118164,-73.30245971679688,165.41250610351562
1711476153.1903994,-2.7799997329711914,-71.17752075195312,149.5448455810547,6.790003776550293,-71.70236206054688,149.93484497070312,56.82484436035156,-73.26002502441406,163.46234130859375,-57.89999771118164,-73.30245971679688,165.41250610351562
1711476153.2003944,-2.7799997329711914,-71.17752075195312,149.5448455810547,6.790003776550293,-71.70236206054688,149.93484497070312,56.82484436035156,-73.26002502441406,163.46234130859375,-57.89999771118164,-73.30245971679688,165.41250610351562
1711476153.2104313,-2.7799997329711914,-71.17752075195312,149.5448455810547,6.790003776550293,-71.70236206054688,149.93484497070312,56.82484436035156,-73.26002502441406,163.46234130859375,-57.89999771118164,-73.30245971679688,165.41250610351562
1711476153.220421,-2.7799997329711914,-71.17752075195312,149.5448455810547,6.790003776550293,-71.70236206054688,149.93484497070312,56.82484436035156,-73.26002502441406,163.46234130859375,-57.89999771118164,-73.30245971679688,165.41250610351562
1711476153.230423,-2.7799997329711914,-71.17752075195312,149.5448455810547,6.790003776550293,-71.70236206054688,149.93484497070312,56.82484436035156,-73.26002502441406,163.46234130859375,-57.89999771118164,-73.30245971679688,165.41250610351562
1711476153.2404191,-2.7799997329711914,-71.17752075195312,149.5448455810547,6.790003776550293,-71.70236206054688,149.93484497070312,56.82484436035156,-73.26002502441406,163.46234130859375,-57.89999771118164,-73.30245971679688,165.41250610351562
1711476153.2504113,-2.7799997329711914,-71.17752075195312,149.5448455810547,6.790003776550293,-71.70236206054688,149.93484497070312,56.82484436035156,-73.26002502441406,163.46234130859375,-57.89999771118164,-73.30245971679688,165.41250610351562
1711476153.2604113,-2.7799997329711914,-71.17752075195312,149.5448455810547,6.790003776550293,-71.70236206054688,149.93484497070312,56.82484436035156,-73.26002502441406,163.46234130859375,-57.89999771118164,-73.30245971679688,165.41250610351562
1711476153.270426,-2.7799997329711914,-71.17752075195312,149.5448455810547,6.790003776550293,-71.70236206054688,149.93484497070312,56.82484436035156,-73.26002502441406,163.46234130859375,-57.89999771118164,-73.30245971679688,165.41250610351562
1711476153.2804065,-2.7799997329711914,-71.17752075195312,149.5448455810547,6.790003776550293,-71.70236206054688,149.93484497070312,56.82484436035156,-73.26002502441406,163.46234130859375,-57.89999771118164,-73.30245971679688,165.41250610351562
1711476153.290436,-2.7799997329711914,-71.17752075195312,149.5448455810547,6.790003776550293,-71.70236206054688,149.93484497070312,56.82484436035156,-73.26002502441406,163.46234130859375,-57.89999771118164,-73.30245971679688,165.41250610351562
1711476153.3004122,-2.7799997329711914,-71.17752075195312,149.5448455810547,6.790003776550293,-71.70236206054688,149.93484497070312,56.82484436035156,-73.26002502441406,163.46234130859375,-57.89999771118164,-73.30245971679688,165.41250610351562
1711476153.3104074,-2.7799997329711914,-71.17752075195312,149.5448455810547,6.790003776550293,-71.70236206054688,149.93484497070312,56.82484436035156,-73.26002502441406,163.46234130859375,-57.89999771118164,-73.30245971679688,165.41250610351562
1711476153.3204246,-2.7799997329711914,-71.17752075195312,149.5448455810547,6.790003776550293,-71.70236206054688,149.93484497070312,56.82484436035156,-73.26002502441406,163.46234130859375,-57.89999771118164,-73.30245971679688,165.41250610351562
1711476153.3304179,-2.7799997329711914,-71.17752075195312,149.5448455810547,6.790003776550293,-71.70236206054688,149.93484497070312,56.82484436035156,-73.26002502441406,163.46234130859375,-57.89999771118164,-73.30245971679688,165.41250610351562
1711476153.340413,-2.7799997329711914,-71.17752075195312,149.5448455810547,6.790003776550293,-71.70236206054688,149.93484497070312,56.82484436035156,-73.26002502441406,163.46234130859375,-57.89999771118164,-73.30245971679688,165.41250610351562
1711476153.35041,-2.7799997329711914,-71.17752075195312,149.5448455810547,6.790003776550293,-71.70236206054688,149.93484497070312,56.82484436035156,-73.26002502441406,163.46234130859375,-57.89999771118164,-73.30245971679688,165.41250610351562
1711476153.3604171,-2.7799997329711914,-71.17752075195312,149.5448455810547,6.790003776550293,-71.70236206054688,149.93484497070312,56.82484436035156,-73.26002502441406,163.46234130859375,-57.89999771118164,-73.30245971679688,165.41250610351562
1711476153.3704135,-2.7799997329711914,-71.17752075195312,149.5448455810547,6.790003776550293,-71.70236206054688,149.93484497070312,56.82484436035156,-73.26002502441406,163.46234130859375,-57.89999771118164,-73.30245971679688,165.41250610351562
1711476153.380421,-2.7799997329711914,-71.17752075195312,149.5448455810547,6.790003776550293,-71.70236206054688,149.93484497070312,56.82484436035156,-73.26002502441406,163.46234130859375,-57.89999771118164,-73.30245971679688,165.41250610351562
1711476153.390428,-2.7799997329711914,-71.17752075195312,149.5448455810547,6.790003776550293,-71.70236206054688,149.93484497070312,56.82484436035156,-73.26002502441406,163.46234130859375,-57.89999771118164,-73.30245971679688,165.41250610351562
1711476153.400426,-2.7799997329711914,-71.17752075195312,149.5448455810547,6.790003776550293,-71.70236206054688,149.93484497070312,56.82484436035156,-73.26002502441406,163.46234130859375,-57.89999771118164,-73.30245971679688,165.41250610351562
1711476153.4104338,-2.7799997329711914,-71.17752075195312,149.5448455810547,6.790003776550293,-71.70236206054688,149.93484497070312,56.82484436035156,-73.26002502441406,163.46234130859375,-57.89999771118164,-73.30245971679688,165.41250610351562
1711476153.42042,-2.7799997329711914,-71.17752075195312,149.5448455810547,6.790003776550293,-71.70236206054688,149.93484497070312,56.82484436035156,-73.26002502441406,163.46234130859375,-57.89999771118164,-73.30245971679688,165.41250610351562
1711476153.4304059,-2.7799997329711914,-71.17752075195312,149.5448455810547,6.790003776550293,-71.70236206054688,149.93484497070312,56.82484436035156,-73.26002502441406,163.46234130859375,-57.89999771118164,-73.30245971679688,165.41250610351562
1711476153.4404092,-2.7799997329711914,-71.17752075195312,149.5448455810547,6.790003776550293,-71.70236206054688,149.93484497070312,56.82484436035156,-73.26002502441406,163.46234130859375,-57.89999771118164,-73.30245971679688,165.41250610351562
1711476153.450435,-2.7799997329711914,-71.17752075195312,149.5448455810547,6.790003776550293,-71.70236206054688,149.93484497070312,56.82484436035156,-73.26002502441406,163.46234130859375,-57.89999771118164,-73.30245971679688,165.41250610351562
1711476153.4604201,-2.7799997329711914,-71.17752075195312,149.5448455810547,6.790003776550293,-71.70236206054688,149.93484497070312,56.82484436035156,-73.26002502441406,163.46234130859375,-57.89999771118164,-73.30245971679688,165.41250610351562
1711476153.4704177,-2.7799997329711914,-71.17752075195312,149.5448455810547,6.790003776550293,-71.70236206054688,149.93484497070312,56.82484436035156,-73.26002502441406,163.46234130859375,-57.89999771118164,-73.30245971679688,165.41250610351562
1711476153.4804268,-2.7799997329711914,-71.17752075195312,149.5448455810547,6.790003776550293,-71.70236206054688,149.93484497070312,56.82484436035156,-73.26002502441406,163.46234130859375,-57.89999771118164,-73.30245971679688,165.41250610351562
1711476153.49042,-2.7799997329711914,-71.17752075195312,149.5448455810547,6.790003776550293,-71.70236206054688,149.93484497070312,56.82484436035156,-73.26002502441406,163.46234130859375,-57.89999771118164,-73.30245971679688,165.41250610351562
1711476153.5004268,-2.7799997329711914,-71.17752075195312,149.5448455810547,6.790003776550293,-71.70236206054688,149.93484497070312,56.82484436035156,-73.26002502441406,163.46234130859375,-57.89999771118164,-73.30245971679688,165.41250610351562
1711476153.5104227,-2.7799997329711914,-71.17752075195312,149.5448455810547,6.790003776550293,-71.70236206054688,149.93484497070312,56.82484436035156,-73.26002502441406,163.46234130859375,-57.89999771118164,-73.30245971679688,165.41250610351562
1711476153.520419,-2.7799997329711914,-71.17752075195312,149.5448455810547,6.790003776550293,-71.70236206054688,149.93484497070312,56.82484436035156,-73.26002502441406,163.46234130859375,-57.89999771118164,-73.30245971679688,165.41250610351562
1711476153.5304315,-2.7799997329711914,-71.17752075195312,149.5448455810547,6.790003776550293,-71.70236206054688,149.93484497070312,56.82484436035156,-73.26002502441406,163.46234130859375,-57.89999771118164,-73.30245971679688,165.41250610351562
1711476153.540435,-2.7799997329711914,-71.17752075195312,149.5448455810547,6.790003776550293,-71.70236206054688,149.93484497070312,56.82484436035156,-73.26002502441406,163.46234130859375,-57.89999771118164,-73.30245971679688,165.41250610351562
1711476153.5504432,-2.7799997329711914,-71.17752075195312,149.5448455810547,6.790003776550293,-71.70236206054688,149.93484497070312,56.82484436035156,-73.26002502441406,163.46234130859375,-57.89999771118164,-73.30245971679688,165.41250610351562
1711476153.5604625,-2.7799997329711914,-71.17752075195312,149.5448455810547,6.790003776550293,-71.70236206054688,149.93484497070312,56.82484436035156,-73.26002502441406,163.46234130859375,-57.89999771118164,-73.30245971679688,165.41250610351562
1711476153.570428,-2.7799997329711914,-71.17752075195312,149.5448455810547,6.790003776550293,-71.70236206054688,149.93484497070312,56.82484436035156,-73.26002502441406,163.46234130859375,-57.89999771118164,-73.30245971679688,165.41250610351562
1711476153.580422,-2.7799997329711914,-71.17752075195312,149.5448455810547,6.790003776550293,-71.70236206054688,149.93484497070312,56.82484436035156,-73.26002502441406,163.46234130859375,-57.89999771118164,-73.30245971679688,165.41250610351562
1711476153.590439,-2.7799997329711914,-71.17752075195312,149.5448455810547,6.790003776550293,-71.70236206054688,149.93484497070312,56.82484436035156,-73.26002502441406,163.46234130859375,-57.89999771118164,-73.30245971679688,165.41250610351562
1711476153.600441,-2.7799997329711914,-71.17752075195312,149.5448455810547,6.790003776550293,-71.70236206054688,149.93484497070312,56.82484436035156,-73.26002502441406,163.46234130859375,-57.89999771118164,-73.30245971679688,165.41250610351562
1711476153.610424,-2.7799997329711914,-71.17752075195312,149.5448455810547,6.790003776550293,-71.70236206054688,149.93484497070312,56.82484436035156,-73.26002502441406,163.46234130859375,-57.89999771118164,-73.30245971679688,165.41250610351562
1711476153.6204271,-2.7799997329711914,-71.17752075195312,149.5448455810547,6.790003776550293,-71.70236206054688,149.93484497070312,56.82484436035156,-73.26002502441406,163.46234130859375,-57.89999771118164,-73.30245971679688,165.41250610351562
1711476153.630452,-2.7799997329711914,-71.17752075195312,149.5448455810547,6.790003776550293,-71.70236206054688,149.93484497070312,56.82484436035156,-73.26002502441406,163.46234130859375,-57.89999771118164,-73.30245971679688,165.41250610351562
1711476153.64047,-2.7799997329711914,-71.17752075195312,149.5448455810547,6.790003776550293,-71.70236206054688,149.93484497070312,56.82484436035156,-73.26002502441406,163.46234130859375,-57.89999771118164,-73.30245971679688,165.41250610351562
1711476153.6504347,-2.7799997329711914,-71.17752075195312,149.5448455810547,6.790003776550293,-71.70236206054688,149.93484497070312,56.82484436035156,-73.26002502441406,163.46234130859375,-57.89999771118164,-73.30245971679688,165.41250610351562
1711476153.6604385,-2.7799997329711914,-71.17752075195312,149.5448455810547,6.790003776550293,-71.70236206054688,149.93484497070312,56.82484436035156,-73.26002502441406,163.46234130859375,-57.89999771118164,-73.30245971679688,165.41250610351562
1711476153.6704252,-2.7799997329711914,-71.17752075195312,149.5448455810547,6.790003776550293,-71.70236206054688,149.93484497070312,56.82484436035156,-73.26002502441406,163.46234130859375,-57.89999771118164,-73.30245971679688,165.41250610351562
1711476153.680445,-2.7799997329711914,-71.17752075195312,149.5448455810547,6.790003776550293,-71.70236206054688,149.93484497070312,56.82484436035156,-73.26002502441406,163.46234130859375,-57.89999771118164,-73.30245971679688,165.41250610351562
1711476153.6904273,-2.7799997329711914,-71.17752075195312,149.5448455810547,6.790003776550293,-71.70236206054688,149.93484497070312,56.82484436035156,-73.26002502441406,163.46234130859375,-57.89999771118164,-73.30245971679688,165.41250610351562
1711476153.7004592,-2.7799997329711914,-71.17752075195312,149.5448455810547,6.790003776550293,-71.70236206054688,149.93484497070312,56.82484436035156,-73.26002502441406,163.46234130859375,-57.89999771118164,-73.30245971679688,165.41250610351562
1711476153.7106335,-2.7799997329711914,-71.17752075195312,149.5448455810547,6.790003776550293,-71.70236206054688,149.93484497070312,56.82484436035156,-73.26002502441406,163.46234130859375,-57.89999771118164,-73.30245971679688,165.41250610351562
1711476153.7204595,-2.7799997329711914,-71.17752075195312,149.5448455810547,6.790003776550293,-71.70236206054688,149.93484497070312,56.82484436035156,-73.26002502441406,163.46234130859375,-57.89999771118164,-73.30245971679688,165.41250610351562
1711476153.7304482,-2.7799997329711914,-71.17752075195312,149.5448455810547,6.790003776550293,-71.70236206054688,149.93484497070312,56.82484436035156,-73.26002502441406,163.46234130859375,-57.89999771118164,-73.30245971679688,165.41250610351562
1711476153.7404633,-2.7799997329711914,-71.17752075195312,149.5448455810547,6.790003776550293,-71.70236206054688,149.93484497070312,56.82484436035156,-73.26002502441406,163.46234130859375,-57.89999771118164,-73.30245971679688,165.41250610351562
1711476153.750439,-2.7799997329711914,-71.17752075195312,149.5448455810547,6.790003776550293,-71.70236206054688,149.93484497070312,56.82484436035156,-73.26002502441406,163.46234130859375,-57.89999771118164,-73.30245971679688,165.41250610351562
1711476153.7604554,-2.7799997329711914,-71.17752075195312,149.5448455810547,6.790003776550293,-71.70236206054688,149.93484497070312,56.82484436035156,-73.26002502441406,163.46234130859375,-57.89999771118164,-73.30245971679688,165.41250610351562
1711476153.7704937,-2.7799997329711914,-71.17752075195312,149.5448455810547,6.790003776550293,-71.70236206054688,149.93484497070312,56.82484436035156,-73.26002502441406,163.46234130859375,-57.89999771118164,-73.30245971679688,165.41250610351562
1711476153.7804637,-2.7799997329711914,-71.17752075195312,149.5448455810547,6.790003776550293,-71.70236206054688,149.93484497070312,56.82484436035156,-73.26002502441406,163.46234130859375,-57.89999771118164,-73.30245971679688,165.41250610351562
1711476153.7904205,-2.7799997329711914,-71.17752075195312,149.5448455810547,6.790003776550293,-71.70236206054688,149.93484497070312,56.82484436035156,-73.26002502441406,163.46234130859375,-57.89999771118164,-73.30245971679688,165.41250610351562
1711476153.8004463,-2.7799997329711914,-71.17752075195312,149.5448455810547,6.790003776550293,-71.70236206054688,149.93484497070312,56.82484436035156,-73.26002502441406,163.46234130859375,-57.89999771118164,-73.30245971679688,165.41250610351562
1711476153.8104246,-2.7799997329711914,-71.17752075195312,149.5448455810547,6.790003776550293,-71.70236206054688,149.93484497070312,56.82484436035156,-73.26002502441406,163.46234130859375,-57.89999771118164,-73.30245971679688,165.41250610351562
1711476153.8204324,-2.7799997329711914,-71.17752075195312,149.5448455810547,6.790003776550293,-71.70236206054688,149.93484497070312,56.82484436035156,-73.26002502441406,163.46234130859375,-57.89999771118164,-73.30245971679688,165.41250610351562
1711476153.8304338,-2.7799997329711914,-71.17752075195312,149.5448455810547,6.790003776550293,-71.70236206054688,149.93484497070312,56.82484436035156,-73.26002502441406,163.46234130859375,-57.89999771118164,-73.30245971679688,165.41250610351562
1711476153.8404253,-2.7799997329711914,-71.17752075195312,149.5448455810547,6.790003776550293,-71.70236206054688,149.93484497070312,56.82484436035156,-73.26002502441406,163.46234130859375,-57.89999771118164,-73.30245971679688,165.41250610351562
1711476153.8504462,-2.7799997329711914,-71.17752075195312,149.5448455810547,6.790003776550293,-71.70236206054688,149.93484497070312,56.82484436035156,-73.26002502441406,163.46234130859375,-57.89999771118164,-73.30245971679688,165.41250610351562
1711476153.860429,-2.7799997329711914,-71.17752075195312,149.5448455810547,6.790003776550293,-71.70236206054688,149.93484497070312,56.82484436035156,-73.26002502441406,163.46234130859375,-57.89999771118164,-73.30245971679688,165.41250610351562
1711476153.8706114,-2.7799997329711914,-71.17752075195312,149.5448455810547,6.790003776550293,-71.70236206054688,149.93484497070312,56.82484436035156,-73.26002502441406,163.46234130859375,-57.89999771118164,-73.30245971679688,165.41250610351562
1711476153.88046,-2.7799997329711914,-71.17752075195312,149.5448455810547,6.790003776550293,-71.70236206054688,149.93484497070312,56.82484436035156,-73.26002502441406,163.46234130859375,-57.89999771118164,-73.30245971679688,165.41250610351562
1711476153.8904548,-2.7799997329711914,-71.17752075195312,149.5448455810547,6.790003776550293,-71.70236206054688,149.93484497070312,56.82484436035156,-73.26002502441406,163.46234130859375,-57.89999771118164,-73.30245971679688,165.41250610351562
1711476153.9004302,-2.7799997329711914,-71.17752075195312,149.5448455810547,6.790003776550293,-71.70236206054688,149.93484497070312,56.82484436035156,-73.26002502441406,163.46234130859375,-57.89999771118164,-73.30245971679688,165.41250610351562
1711476153.9104578,-2.7799997329711914,-71.17752075195312,149.5448455810547,6.790003776550293,-71.70236206054688,149.93484497070312,56.82484436035156,-73.26002502441406,163.46234130859375,-57.89999771118164,-73.30245971679688,165.41250610351562
1711476153.9204502,-2.7799997329711914,-71.17752075195312,149.5448455810547,6.790003776550293,-71.70236206054688,149.93484497070312,56.82484436035156,-73.26002502441406,163.46234130859375,-57.89999771118164,-73.30245971679688,165.41250610351562
1711476153.9304407,-2.7799997329711914,-71.17752075195312,149.5448455810547,6.790003776550293,-71.70236206054688,149.93484497070312,56.82484436035156,-73.26002502441406,163.46234130859375,-57.89999771118164,-73.30245971679688,165.41250610351562
1711476153.9404485,-2.7799997329711914,-71.17752075195312,149.5448455810547,6.790003776550293,-71.70236206054688,149.93484497070312,56.82484436035156,-73.26002502441406,163.46234130859375,-57.89999771118164,-73.30245971679688,165.41250610351562
1711476153.9504519,-2.7799997329711914,-71.17752075195312,149.5448455810547,6.790003776550293,-71.70236206054688,149.93484497070312,56.82484436035156,-73.26002502441406,163.46234130859375,-57.89999771118164,-73.30245971679688,165.41250610351562
1711476153.9604328,-2.7799997329711914,-71.17752075195312,149.5448455810547,6.790003776550293,-71.70236206054688,149.93484497070312,56.82484436035156,-73.26002502441406,163.46234130859375,-57.89999771118164,-73.30245971679688,165.41250610351562
1711476153.9704502,-2.7799997329711914,-71.17752075195312,149.5448455810547,6.790003776550293,-71.70236206054688,149.93484497070312,56.82484436035156,-73.26002502441406,163.46234130859375,-57.89999771118164,-73.30245971679688,165.41250610351562
1711476153.9804597,-2.7799997329711914,-71.17752075195312,149.5448455810547,6.790003776550293,-71.70236206054688,149.93484497070312,56.82484436035156,-73.26002502441406,163.46234130859375,-57.89999771118164,-73.30245971679688,165.41250610351562
1711476153.9904325,-2.7799997329711914,-71.17752075195312,149.5448455810547,6.790003776550293,-71.70236206054688,149.93484497070312,56.82484436035156,-73.26002502441406,163.46234130859375,-57.89999771118164,-73.30245971679688,165.41250610351562
1711476154.0004494,-2.7799997329711914,-71.17752075195312,149.5448455810547,6.790003776550293,-71.70236206054688,149.93484497070312,56.82484436035156,-73.26002502441406,163.46234130859375,-57.89999771118164,-73.30245971679688,165.41250610351562
1711476154.0104773,-2.7799997329711914,-71.17752075195312,149.5448455810547,6.790003776550293,-71.70236206054688,149.93484497070312,56.82484436035156,-73.26002502441406,163.46234130859375,-57.89999771118164,-73.30245971679688,165.41250610351562
1711476154.0204654,-2.7799997329711914,-71.17752075195312,149.5448455810547,6.790003776550293,-71.70236206054688,149.93484497070312,56.82484436035156,-73.26002502441406,163.46234130859375,-57.89999771118164,-73.30245971679688,165.41250610351562
1711476154.0304542,-2.7799997329711914,-71.17752075195312,149.5448455810547,6.790003776550293,-71.70236206054688,149.93484497070312,56.82484436035156,-73.26002502441406,163.46234130859375,-57.89999771118164,-73.30245971679688,165.41250610351562
1711476154.040466,-2.7799997329711914,-71.17752075195312,149.5448455810547,6.790003776550293,-71.70236206054688,149.93484497070312,56.82484436035156,-73.26002502441406,163.46234130859375,-57.89999771118164,-73.30245971679688,165.41250610351562
1711476154.0505064,-2.7799997329711914,-71.17752075195312,149.5448455810547,6.790003776550293,-71.70236206054688,149.93484497070312,56.82484436035156,-73.26002502441406,163.46234130859375,-57.89999771118164,-73.30245971679688,165.41250610351562
1711476154.0606644,-2.7799997329711914,-71.17752075195312,149.5448455810547,6.790003776550293,-71.70236206054688,149.93484497070312,56.82484436035156,-73.26002502441406,163.46234130859375,-57.89999771118164,-73.30245971679688,165.41250610351562
1711476154.0704465,-2.7799997329711914,-71.17752075195312,149.5448455810547,6.790003776550293,-71.70236206054688,149.93484497070312,56.82484436035156,-73.26002502441406,163.46234130859375,-57.89999771118164,-73.30245971679688,165.41250610351562
1711476154.080453,-2.7799997329711914,-71.17752075195312,149.5448455810547,6.790003776550293,-71.70236206054688,149.93484497070312,56.82484436035156,-73.26002502441406,163.46234130859375,-57.89999771118164,-73.30245971679688,165.41250610351562
1711476154.090464,-2.7799997329711914,-71.17752075195312,149.5448455810547,6.790003776550293,-71.70236206054688,149.93484497070312,56.82484436035156,-73.26002502441406,163.46234130859375,-57.89999771118164,-73.30245971679688,165.41250610351562
1711476154.1004891,-2.7799997329711914,-71.17752075195312,149.5448455810547,6.790003776550293,-71.70236206054688,149.93484497070312,56.82484436035156,-73.26002502441406,163.46234130859375,-57.89999771118164,-73.30245971679688,165.41250610351562
1711476154.1104627,-2.7799997329711914,-71.17752075195312,149.5448455810547,6.790003776550293,-71.70236206054688,149.93484497070312,56.82484436035156,-73.26002502441406,163.46234130859375,-57.89999771118164,-73.30245971679688,165.41250610351562
1711476154.120462,-2.7799997329711914,-71.17752075195312,149.5448455810547,6.790003776550293,-71.70236206054688,149.93484497070312,56.82484436035156,-73.26002502441406,163.46234130859375,-57.89999771118164,-73.30245971679688,165.41250610351562
1711476154.1304643,-2.7799997329711914,-71.17752075195312,149.5448455810547,6.790003776550293,-71.70236206054688,149.93484497070312,56.82484436035156,-73.26002502441406,163.46234130859375,-57.89999771118164,-73.30245971679688,165.41250610351562
1711476154.1405284,-2.7799997329711914,-71.17752075195312,149.5448455810547,6.790003776550293,-71.70236206054688,149.93484497070312,56.82484436035156,-73.26002502441406,163.46234130859375,-57.89999771118164,-73.30245971679688,165.41250610351562
1711476154.150461,-2.7799997329711914,-71.17752075195312,149.5448455810547,6.790003776550293,-71.70236206054688,149.93484497070312,56.82484436035156,-73.26002502441406,163.46234130859375,-57.89999771118164,-73.30245971679688,165.41250610351562
1711476154.160471,-2.7799997329711914,-71.17752075195312,149.5448455810547,6.790003776550293,-71.70236206054688,149.93484497070312,56.82484436035156,-73.26002502441406,163.46234130859375,-57.89999771118164,-73.30245971679688,165.41250610351562
1711476154.1704533,-2.7799997329711914,-71.17752075195312,149.5448455810547,6.790003776550293,-71.70236206054688,149.93484497070312,56.82484436035156,-73.26002502441406,163.46234130859375,-57.89999771118164,-73.30245971679688,165.41250610351562
1711476154.1804583,-2.7799997329711914,-71.17752075195312,149.5448455810547,6.790003776550293,-71.70236206054688,149.93484497070312,56.82484436035156,-73.26002502441406,163.46234130859375,-57.89999771118164,-73.30245971679688,165.41250610351562
1711476154.1904771,-2.7799997329711914,-71.17752075195312,149.5448455810547,6.790003776550293,-71.70236206054688,149.93484497070312,56.82484436035156,-73.26002502441406,163.46234130859375,-57.89999771118164,-73.30245971679688,165.41250610351562
1711476154.2004645,-2.7799997329711914,-71.17752075195312,149.5448455810547,6.790003776550293,-71.70236206054688,149.93484497070312,56.82484436035156,-73.26002502441406,163.46234130859375,-57.89999771118164,-73.30245971679688,165.41250610351562
1711476154.2104552,-2.7799997329711914,-71.17752075195312,149.5448455810547,6.790003776550293,-71.70236206054688,149.93484497070312,56.82484436035156,-73.26002502441406,163.46234130859375,-57.89999771118164,-73.30245971679688,165.41250610351562
1711476154.2204616,-2.7799997329711914,-71.17752075195312,149.5448455810547,6.790003776550293,-71.70236206054688,149.93484497070312,56.82484436035156,-73.26002502441406,163.46234130859375,-57.89999771118164,-73.30245971679688,165.41250610351562
1711476154.2304528,-2.7799997329711914,-71.17752075195312,149.5448455810547,6.790003776550293,-71.70236206054688,149.93484497070312,56.82484436035156,-73.26002502441406,163.46234130859375,-57.89999771118164,-73.30245971679688,165.41250610351562
1711476154.2404675,-2.7799997329711914,-71.17752075195312,149.5448455810547,6.790003776550293,-71.70236206054688,149.93484497070312,56.82484436035156,-73.26002502441406,163.46234130859375,-57.89999771118164,-73.30245971679688,165.41250610351562
1711476154.2504668,-2.7799997329711914,-71.17752075195312,149.5448455810547,6.790003776550293,-71.70236206054688,149.93484497070312,56.82484436035156,-73.26002502441406,163.46234130859375,-57.89999771118164,-73.30245971679688,165.41250610351562
1711476154.2604651,-2.7799997329711914,-71.17752075195312,149.5448455810547,6.790003776550293,-71.70236206054688,149.93484497070312,56.82484436035156,-73.26002502441406,163.46234130859375,-57.89999771118164,-73.30245971679688,165.41250610351562
1711476154.2704868,-2.7799997329711914,-71.17752075195312,149.5448455810547,6.790003776550293,-71.70236206054688,149.93484497070312,56.82484436035156,-73.26002502441406,163.46234130859375,-57.89999771118164,-73.30245971679688,165.41250610351562
1711476154.2804823,-2.7799997329711914,-71.17752075195312,149.5448455810547,6.790003776550293,-71.70236206054688,149.93484497070312,56.82484436035156,-73.26002502441406,163.46234130859375,-57.89999771118164,-73.30245971679688,165.41250610351562
1711476154.2904637,-2.7799997329711914,-71.17752075195312,149.5448455810547,6.790003776550293,-71.70236206054688,149.93484497070312,56.82484436035156,-73.26002502441406,163.46234130859375,-57.89999771118164,-73.30245971679688,165.41250610351562
1711476154.300468,-2.7799997329711914,-71.17752075195312,149.5448455810547,6.790003776550293,-71.70236206054688,149.93484497070312,56.82484436035156,-73.26002502441406,163.46234130859375,-57.89999771118164,-73.30245971679688,165.41250610351562
1711476154.31047,-2.7799997329711914,-71.17752075195312,149.5448455810547,6.790003776550293,-71.70236206054688,149.93484497070312,56.82484436035156,-73.26002502441406,163.46234130859375,-57.89999771118164,-73.30245971679688,165.41250610351562
1711476154.3204727,-2.7799997329711914,-71.17752075195312,149.5448455810547,6.790003776550293,-71.70236206054688,149.93484497070312,56.82484436035156,-73.26002502441406,163.46234130859375,-57.89999771118164,-73.30245971679688,165.41250610351562
1711476154.3304834,-2.7799997329711914,-71.17752075195312,149.5448455810547,6.790003776550293,-71.70236206054688,149.93484497070312,56.82484436035156,-73.26002502441406,163.46234130859375,-57.89999771118164,-73.30245971679688,165.41250610351562
1711476154.3404636,-2.7799997329711914,-71.17752075195312,149.5448455810547,6.790003776550293,-71.70236206054688,149.93484497070312,56.82484436035156,-73.26002502441406,163.46234130859375,-57.89999771118164,-73.30245971679688,165.41250610351562
1711476154.3504503,-2.7799997329711914,-71.17752075195312,149.5448455810547,6.790003776550293,-71.70236206054688,149.93484497070312,56.82484436035156,-73.26002502441406,163.46234130859375,-57.89999771118164,-73.30245971679688,165.41250610351562
1711476154.3604727,-2.7799997329711914,-71.17752075195312,149.5448455810547,6.790003776550293,-71.70236206054688,149.93484497070312,56.82484436035156,-73.26002502441406,163.46234130859375,-57.89999771118164,-73.30245971679688,165.41250610351562
1711476154.3704734,-2.7799997329711914,-71.17752075195312,149.5448455810547,6.790003776550293,-71.70236206054688,149.93484497070312,56.82484436035156,-73.26002502441406,163.46234130859375,-57.89999771118164,-73.30245971679688,165.41250610351562
1711476154.3804748,-2.7799997329711914,-71.17752075195312,149.5448455810547,6.790003776550293,-71.70236206054688,149.93484497070312,56.82484436035156,-73.26002502441406,163.46234130859375,-57.89999771118164,-73.30245971679688,165.41250610351562
1711476154.3904688,-2.7799997329711914,-71.17752075195312,149.5448455810547,6.790003776550293,-71.70236206054688,149.93484497070312,56.82484436035156,-73.26002502441406,163.46234130859375,-57.89999771118164,-73.30245971679688,165.41250610351562
1711476154.4004827,-2.7799997329711914,-71.17752075195312,149.5448455810547,6.790003776550293,-71.70236206054688,149.93484497070312,56.82484436035156,-73.26002502441406,163.46234130859375,-57.89999771118164,-73.30245971679688,165.41250610351562
1711476154.4104805,-2.7799997329711914,-71.17752075195312,149.5448455810547,6.790003776550293,-71.70236206054688,149.93484497070312,56.82484436035156,-73.26002502441406,163.46234130859375,-57.89999771118164,-73.30245971679688,165.41250610351562
1711476154.4204774,-2.7799997329711914,-71.17752075195312,149.5448455810547,6.790003776550293,-71.70236206054688,149.93484497070312,56.82484436035156,-73.26002502441406,163.46234130859375,-57.89999771118164,-73.30245971679688,165.41250610351562
1711476154.4304695,-2.7799997329711914,-71.17752075195312,149.5448455810547,6.790003776550293,-71.70236206054688,149.93484497070312,56.82484436035156,-73.26002502441406,163.46234130859375,-57.89999771118164,-73.30245971679688,165.41250610351562
1711476154.4404984,-2.7799997329711914,-71.17752075195312,149.5448455810547,6.790003776550293,-71.70236206054688,149.93484497070312,56.82484436035156,-73.26002502441406,163.46234130859375,-57.89999771118164,-73.30245971679688,165.41250610351562
1711476154.450486,-2.7799997329711914,-71.17752075195312,149.5448455810547,6.790003776550293,-71.70236206054688,149.93484497070312,56.82484436035156,-73.26002502441406,163.46234130859375,-57.89999771118164,-73.30245971679688,165.41250610351562
1711476154.460495,-2.7799997329711914,-71.17752075195312,149.5448455810547,6.790003776550293,-71.70236206054688,149.93484497070312,56.82484436035156,-73.26002502441406,163.46234130859375,-57.89999771118164,-73.30245971679688,165.41250610351562
1711476154.4704618,-2.7799997329711914,-71.17752075195312,149.5448455810547,6.790003776550293,-71.70236206054688,149.93484497070312,56.82484436035156,-73.26002502441406,163.46234130859375,-57.89999771118164,-73.30245971679688,165.41250610351562
1711476154.4804819,-2.7799997329711914,-71.17752075195312,149.5448455810547,6.790003776550293,-71.70236206054688,149.93484497070312,56.82484436035156,-73.26002502441406,163.46234130859375,-57.89999771118164,-73.30245971679688,165.41250610351562
1711476154.490486,-2.7799997329711914,-71.17752075195312,149.5448455810547,6.790003776550293,-71.70236206054688,149.93484497070312,56.82484436035156,-73.26002502441406,163.46234130859375,-57.89999771118164,-73.30245971679688,165.41250610351562
1711476154.500465,-2.7799997329711914,-71.17752075195312,149.5448455810547,6.790003776550293,-71.70236206054688,149.93484497070312,56.82484436035156,-73.26002502441406,163.46234130859375,-57.89999771118164,-73.30245971679688,165.41250610351562
1711476154.5104787,-2.7799997329711914,-71.17752075195312,149.5448455810547,6.790003776550293,-71.70236206054688,149.93484497070312,56.82484436035156,-73.26002502441406,163.46234130859375,-57.89999771118164,-73.30245971679688,165.41250610351562
1711476154.5204775,-2.7799997329711914,-71.17752075195312,149.5448455810547,6.790003776550293,-71.70236206054688,149.93484497070312,56.82484436035156,-73.26002502441406,163.46234130859375,-57.89999771118164,-73.30245971679688,165.41250610351562
1711476154.5304682,-2.7799997329711914,-71.17752075195312,149.5448455810547,6.790003776550293,-71.70236206054688,149.93484497070312,56.82484436035156,-73.26002502441406,163.46234130859375,-57.89999771118164,-73.30245971679688,165.41250610351562
1711476154.540487,-2.7799997329711914,-71.17752075195312,149.5448455810547,6.790003776550293,-71.70236206054688,149.93484497070312,56.82484436035156,-73.26002502441406,163.46234130859375,-57.89999771118164,-73.30245971679688,165.41250610351562
1711476154.5504792,-2.7799997329711914,-71.17752075195312,149.5448455810547,6.790003776550293,-71.70236206054688,149.93484497070312,56.82484436035156,-73.26002502441406,163.46234130859375,-57.89999771118164,-73.30245971679688,165.41250610351562
1711476154.5604882,-2.7799997329711914,-71.17752075195312,149.5448455810547,6.790003776550293,-71.70236206054688,149.93484497070312,56.82484436035156,-73.26002502441406,163.46234130859375,-57.89999771118164,-73.30245971679688,165.41250610351562
1711476154.5704777,-2.7799997329711914,-71.17752075195312,149.5448455810547,6.790003776550293,-71.70236206054688,149.93484497070312,56.82484436035156,-73.26002502441406,163.46234130859375,-57.89999771118164,-73.30245971679688,165.41250610351562
1711476154.5804832,-2.7799997329711914,-71.17752075195312,149.5448455810547,6.790003776550293,-71.70236206054688,149.93484497070312,56.82484436035156,-73.26002502441406,163.46234130859375,-57.89999771118164,-73.30245971679688,165.41250610351562
1711476154.5905287,-2.7799997329711914,-71.17752075195312,149.5448455810547,6.790003776550293,-71.70236206054688,149.93484497070312,56.82484436035156,-73.26002502441406,163.46234130859375,-57.89999771118164,-73.30245971679688,165.41250610351562
1711476154.6004853,-2.7799997329711914,-71.17752075195312,149.5448455810547,6.790003776550293,-71.70236206054688,149.93484497070312,56.82484436035156,-73.26002502441406,163.46234130859375,-57.89999771118164,-73.30245971679688,165.41250610351562
1711476154.610476,-2.7799997329711914,-71.17752075195312,149.5448455810547,6.790003776550293,-71.70236206054688,149.93484497070312,56.82484436035156,-73.26002502441406,163.46234130859375,-57.89999771118164,-73.30245971679688,165.41250610351562
1711476154.620442,-2.7799997329711914,-71.17752075195312,149.5448455810547,6.790003776550293,-71.70236206054688,149.93484497070312,56.82484436035156,-73.26002502441406,163.46234130859375,-57.89999771118164,-73.30245971679688,165.41250610351562
1711476154.6304843,-2.7799997329711914,-71.17752075195312,149.5448455810547,6.790003776550293,-71.70236206054688,149.93484497070312,56.82484436035156,-73.26002502441406,163.46234130859375,-57.89999771118164,-73.30245971679688,165.41250610351562
1711476154.64048,-2.7799997329711914,-71.17752075195312,149.5448455810547,6.790003776550293,-71.70236206054688,149.93484497070312,56.82484436035156,-73.26002502441406,163.46234130859375,-57.89999771118164,-73.30245971679688,165.41250610351562
1711476154.65047,-2.7799997329711914,-71.17752075195312,149.5448455810547,6.790003776550293,-71.70236206054688,149.93484497070312,56.82484436035156,-73.26002502441406,163.46234130859375,-57.89999771118164,-73.30245971679688,165.41250610351562
1711476154.660491,-2.7799997329711914,-71.17752075195312,149.5448455810547,6.790003776550293,-71.70236206054688,149.93484497070312,56.82484436035156,-73.26002502441406,163.46234130859375,-57.89999771118164,-73.30245971679688,165.41250610351562
1711476154.6705,-2.7799997329711914,-71.17752075195312,149.5448455810547,6.790003776550293,-71.70236206054688,149.93484497070312,56.82484436035156,-73.26002502441406,163.46234130859375,-57.89999771118164,-73.30245971679688,165.41250610351562
1711476154.68047,-2.7799997329711914,-71.17752075195312,149.5448455810547,6.790003776550293,-71.70236206054688,149.93484497070312,56.82484436035156,-73.26002502441406,163.46234130859375,-57.89999771118164,-73.30245971679688,165.41250610351562
1711476154.690494,-2.7799997329711914,-71.17752075195312,149.5448455810547,6.790003776550293,-71.70236206054688,149.93484497070312,56.82484436035156,-73.26002502441406,163.46234130859375,-57.89999771118164,-73.30245971679688,165.41250610351562
1711476154.7004988,-2.7799997329711914,-71.17752075195312,149.5448455810547,6.790003776550293,-71.70236206054688,149.93484497070312,56.82484436035156,-73.26002502441406,163.46234130859375,-57.89999771118164,-73.30245971679688,165.41250610351562
1711476154.710478,-2.7799997329711914,-71.17752075195312,149.5448455810547,6.790003776550293,-71.70236206054688,149.93484497070312,56.82484436035156,-73.26002502441406,163.46234130859375,-57.89999771118164,-73.30245971679688,165.41250610351562
1711476154.7204947,-2.7799997329711914,-71.17752075195312,149.5448455810547,6.790003776550293,-71.70236206054688,149.93484497070312,56.82484436035156,-73.26002502441406,163.46234130859375,-57.89999771118164,-73.30245971679688,165.41250610351562
1711476154.7304885,-2.7799997329711914,-71.17752075195312,149.5448455810547,6.790003776550293,-71.70236206054688,149.93484497070312,56.82484436035156,-73.26002502441406,163.46234130859375,-57.89999771118164,-73.30245971679688,165.41250610351562
1711476154.740496,-2.7799997329711914,-71.17752075195312,149.5448455810547,6.790003776550293,-71.70236206054688,149.93484497070312,56.82484436035156,-73.26002502441406,163.46234130859375,-57.89999771118164,-73.30245971679688,165.41250610351562
1711476154.750492,-2.7799997329711914,-71.17752075195312,149.5448455810547,6.790003776550293,-71.70236206054688,149.93484497070312,56.82484436035156,-73.26002502441406,163.46234130859375,-57.89999771118164,-73.30245971679688,165.41250610351562
1711476154.7604759,-2.7799997329711914,-71.17752075195312,149.5448455810547,6.790003776550293,-71.70236206054688,149.93484497070312,56.82484436035156,-73.26002502441406,163.46234130859375,-57.89999771118164,-73.30245971679688,165.41250610351562
1711476154.770478,-2.7799997329711914,-71.17752075195312,149.5448455810547,6.790003776550293,-71.70236206054688,149.93484497070312,56.82484436035156,-73.26002502441406,163.46234130859375,-57.89999771118164,-73.30245971679688,165.41250610351562
1711476154.7804983,-2.7799997329711914,-71.17752075195312,149.5448455810547,6.790003776550293,-71.70236206054688,149.93484497070312,56.82484436035156,-73.26002502441406,163.46234130859375,-57.89999771118164,-73.30245971679688,165.41250610351562
1711476154.7904966,-2.7799997329711914,-71.17752075195312,149.5448455810547,6.790003776550293,-71.70236206054688,149.93484497070312,56.82484436035156,-73.26002502441406,163.46234130859375,-57.89999771118164,-73.30245971679688,165.41250610351562
1711476154.8004937,-2.7799997329711914,-71.17752075195312,149.5448455810547,6.790003776550293,-71.70236206054688,149.93484497070312,56.82484436035156,-73.26002502441406,163.46234130859375,-57.89999771118164,-73.30245971679688,165.41250610351562
1711476154.8104877,-2.7799997329711914,-71.17752075195312,149.5448455810547,6.790003776550293,-71.70236206054688,149.93484497070312,56.82484436035156,-73.26002502441406,163.46234130859375,-57.89999771118164,-73.30245971679688,165.41250610351562
1711476154.8204825,-2.7799997329711914,-71.17752075195312,149.5448455810547,6.790003776550293,-71.70236206054688,149.93484497070312,56.82484436035156,-73.26002502441406,163.46234130859375,-57.89999771118164,-73.30245971679688,165.41250610351562
1711476154.8304777,-2.7799997329711914,-71.17752075195312,149.5448455810547,6.790003776550293,-71.70236206054688,149.93484497070312,56.82484436035156,-73.26002502441406,163.46234130859375,-57.89999771118164,-73.30245971679688,165.41250610351562
1711476154.8404863,-2.7799997329711914,-71.17752075195312,149.5448455810547,6.790003776550293,-71.70236206054688,149.93484497070312,56.82484436035156,-73.26002502441406,163.46234130859375,-57.89999771118164,-73.30245971679688,165.41250610351562
1711476154.85051,-2.7799997329711914,-71.17752075195312,149.5448455810547,6.790003776550293,-71.70236206054688,149.93484497070312,56.82484436035156,-73.26002502441406,163.46234130859375,-57.89999771118164,-73.30245971679688,165.41250610351562
1711476154.8604794,-2.7799997329711914,-71.17752075195312,149.5448455810547,6.790003776550293,-71.70236206054688,149.93484497070312,56.82484436035156,-73.26002502441406,163.46234130859375,-57.89999771118164,-73.30245971679688,165.41250610351562
1711476154.870473,-2.7799997329711914,-71.17752075195312,149.5448455810547,6.790003776550293,-71.70236206054688,149.93484497070312,56.82484436035156,-73.26002502441406,163.46234130859375,-57.89999771118164,-73.30245971679688,165.41250610351562
1711476154.8809133,-2.7799997329711914,-71.17752075195312,149.5448455810547,6.790003776550293,-71.70236206054688,149.93484497070312,56.82484436035156,-73.26002502441406,163.46234130859375,-57.89999771118164,-73.30245971679688,165.41250610351562
1711476154.8904998,-2.7799997329711914,-71.17752075195312,149.5448455810547,6.790003776550293,-71.70236206054688,149.93484497070312,56.82484436035156,-73.26002502441406,163.46234130859375,-57.89999771118164,-73.30245971679688,165.41250610351562
1711476154.9004827,-2.7799997329711914,-71.17752075195312,149.5448455810547,6.790003776550293,-71.70236206054688,149.93484497070312,56.82484436035156,-73.26002502441406,163.46234130859375,-57.89999771118164,-73.30245971679688,165.41250610351562
1711476154.9105017,-2.7799997329711914,-71.17752075195312,149.5448455810547,6.790003776550293,-71.70236206054688,149.93484497070312,56.82484436035156,-73.26002502441406,163.46234130859375,-57.89999771118164,-73.30245971679688,165.41250610351562
1711476154.9204602,-2.7799997329711914,-71.17752075195312,149.5448455810547,6.790003776550293,-71.70236206054688,149.93484497070312,56.82484436035156,-73.26002502441406,163.46234130859375,-57.89999771118164,-73.30245971679688,165.41250610351562
1711476154.930503,-2.7799997329711914,-71.17752075195312,149.5448455810547,6.790003776550293,-71.70236206054688,149.93484497070312,56.82484436035156,-73.26002502441406,163.46234130859375,-57.89999771118164,-73.30245971679688,165.41250610351562
1711476154.9404984,-2.7799997329711914,-71.17752075195312,149.5448455810547,6.790003776550293,-71.70236206054688,149.93484497070312,56.82484436035156,-73.26002502441406,163.46234130859375,-57.89999771118164,-73.30245971679688,165.41250610351562
1711476154.950503,-2.7799997329711914,-71.17752075195312,149.5448455810547,6.790003776550293,-71.70236206054688,149.93484497070312,56.82484436035156,-73.26002502441406,163.46234130859375,-57.89999771118164,-73.30245971679688,165.41250610351562
1711476154.960503,-2.7799997329711914,-71.17752075195312,149.5448455810547,6.790003776550293,-71.70236206054688,149.93484497070312,56.82484436035156,-73.26002502441406,163.46234130859375,-57.89999771118164,-73.30245971679688,165.41250610351562
1711476154.970702,-2.7799997329711914,-71.17752075195312,149.5448455810547,6.790003776550293,-71.70236206054688,149.93484497070312,56.82484436035156,-73.26002502441406,163.46234130859375,-57.89999771118164,-73.30245971679688,165.41250610351562
1711476154.9804895,-2.7799997329711914,-71.17752075195312,149.5448455810547,6.790003776550293,-71.70236206054688,149.93484497070312,56.82484436035156,-73.26002502441406,163.46234130859375,-57.89999771118164,-73.30245971679688,165.41250610351562
1711476154.9905043,-2.7799997329711914,-71.17752075195312,149.5448455810547,6.790003776550293,-71.70236206054688,149.93484497070312,56.82484436035156,-73.26002502441406,163.46234130859375,-57.89999771118164,-73.30245971679688,165.41250610351562
1711476155.0004947,-2.7799997329711914,-71.17752075195312,149.5448455810547,6.790003776550293,-71.70236206054688,149.93484497070312,56.82484436035156,-73.26002502441406,163.46234130859375,-57.89999771118164,-73.30245971679688,165.41250610351562
1711476155.0105867,-2.7799997329711914,-71.17752075195312,149.5448455810547,6.790003776550293,-71.70236206054688,149.93484497070312,56.82484436035156,-73.26002502441406,163.46234130859375,-57.89999771118164,-73.30245971679688,165.41250610351562
1711476155.020511,-2.7799997329711914,-71.17752075195312,149.5448455810547,6.790003776550293,-71.70236206054688,149.93484497070312,56.82484436035156,-73.26002502441406,163.46234130859375,-57.89999771118164,-73.30245971679688,165.41250610351562
1711476155.030509,-2.7799997329711914,-71.17752075195312,149.5448455810547,6.790003776550293,-71.70236206054688,149.93484497070312,56.82484436035156,-73.26002502441406,163.46234130859375,-57.89999771118164,-73.30245971679688,165.41250610351562
1711476155.0405135,-2.7799997329711914,-71.17752075195312,149.5448455810547,6.790003776550293,-71.70236206054688,149.93484497070312,56.82484436035156,-73.26002502441406,163.46234130859375,-57.89999771118164,-73.30245971679688,165.41250610351562
1711476155.0504994,-2.7799997329711914,-71.17752075195312,149.5448455810547,6.790003776550293,-71.70236206054688,149.93484497070312,56.82484436035156,-73.26002502441406,163.46234130859375,-57.89999771118164,-73.30245971679688,165.41250610351562
1711476155.0605083,-2.7799997329711914,-71.17752075195312,149.5448455810547,6.790003776550293,-71.70236206054688,149.93484497070312,56.82484436035156,-73.26002502441406,163.46234130859375,-57.89999771118164,-73.30245971679688,165.41250610351562
1711476155.0705266,-2.7799997329711914,-71.17752075195312,149.5448455810547,6.790003776550293,-71.70236206054688,149.93484497070312,56.82484436035156,-73.26002502441406,163.46234130859375,-57.89999771118164,-73.30245971679688,165.41250610351562
1711476155.0805142,-2.7799997329711914,-71.17752075195312,149.5448455810547,6.790003776550293,-71.70236206054688,149.93484497070312,56.82484436035156,-73.26002502441406,163.46234130859375,-57.89999771118164,-73.30245971679688,165.41250610351562
1711476155.0905085,-2.7799997329711914,-71.17752075195312,149.5448455810547,6.790003776550293,-71.70236206054688,149.93484497070312,56.82484436035156,-73.26002502441406,163.46234130859375,-57.89999771118164,-73.30245971679688,165.41250610351562
1711476155.1005096,-2.7799997329711914,-71.17752075195312,149.5448455810547,6.790003776550293,-71.70236206054688,149.93484497070312,56.82484436035156,-73.26002502441406,163.46234130859375,-57.89999771118164,-73.30245971679688,165.41250610351562
1711476155.110508,-2.7799997329711914,-71.17752075195312,149.5448455810547,6.790003776550293,-71.70236206054688,149.93484497070312,56.82484436035156,-73.26002502441406,163.46234130859375,-57.89999771118164,-73.30245971679688,165.41250610351562
1711476155.12051,-2.7799997329711914,-71.17752075195312,149.5448455810547,6.790003776550293,-71.70236206054688,149.93484497070312,56.82484436035156,-73.26002502441406,163.46234130859375,-57.89999771118164,-73.30245971679688,165.41250610351562
1711476155.1304944,-2.7799997329711914,-71.17752075195312,149.5448455810547,6.790003776550293,-71.70236206054688,149.93484497070312,56.82484436035156,-73.26002502441406,163.46234130859375,-57.89999771118164,-73.30245971679688,165.41250610351562
1711476155.1405275,-2.7799997329711914,-71.17752075195312,149.5448455810547,6.790003776550293,-71.70236206054688,149.93484497070312,56.82484436035156,-73.26002502441406,163.46234130859375,-57.89999771118164,-73.30245971679688,165.41250610351562
1711476155.1505027,-2.7799997329711914,-71.17752075195312,149.5448455810547,6.790003776550293,-71.70236206054688,149.93484497070312,56.82484436035156,-73.26002502441406,163.46234130859375,-57.89999771118164,-73.30245971679688,165.41250610351562
1711476155.1605027,-2.7799997329711914,-71.17752075195312,149.5448455810547,6.790003776550293,-71.70236206054688,149.93484497070312,56.82484436035156,-73.26002502441406,163.46234130859375,-57.89999771118164,-73.30245971679688,165.41250610351562
1711476155.1705127,-2.7799997329711914,-71.17752075195312,149.5448455810547,6.790003776550293,-71.70236206054688,149.93484497070312,56.82484436035156,-73.26002502441406,163.46234130859375,-57.89999771118164,-73.30245971679688,165.41250610351562
1711476155.1805272,-2.7799997329711914,-71.17752075195312,149.5448455810547,6.790003776550293,-71.70236206054688,149.93484497070312,56.82484436035156,-73.26002502441406,163.46234130859375,-57.89999771118164,-73.30245971679688,165.41250610351562
1711476155.1904938,-2.7799997329711914,-71.17752075195312,149.5448455810547,6.790003776550293,-71.70236206054688,149.93484497070312,56.82484436035156,-73.26002502441406,163.46234130859375,-57.89999771118164,-73.30245971679688,165.41250610351562
1711476155.2005131,-2.7799997329711914,-71.17752075195312,149.5448455810547,6.790003776550293,-71.70236206054688,149.93484497070312,56.82484436035156,-73.26002502441406,163.46234130859375,-57.89999771118164,-73.30245971679688,165.41250610351562
1711476155.2105286,-2.7799997329711914,-71.17752075195312,149.5448455810547,6.790003776550293,-71.70236206054688,149.93484497070312,56.82484436035156,-73.26002502441406,163.46234130859375,-57.89999771118164,-73.30245971679688,165.41250610351562
1711476155.2205064,-2.7799997329711914,-71.17752075195312,149.5448455810547,6.790003776550293,-71.70236206054688,149.93484497070312,56.82484436035156,-73.26002502441406,163.46234130859375,-57.89999771118164,-73.30245971679688,165.41250610351562
1711476155.230523,-2.7799997329711914,-71.17752075195312,149.5448455810547,6.790003776550293,-71.70236206054688,149.93484497070312,56.82484436035156,-73.26002502441406,163.46234130859375,-57.89999771118164,-73.30245971679688,165.41250610351562
1711476155.2405238,-2.7799997329711914,-71.17752075195312,149.5448455810547,6.790003776550293,-71.70236206054688,149.93484497070312,56.82484436035156,-73.26002502441406,163.46234130859375,-57.89999771118164,-73.30245971679688,165.41250610351562
1711476155.2505023,-2.7799997329711914,-71.17752075195312,149.5448455810547,6.790003776550293,-71.70236206054688,149.93484497070312,56.82484436035156,-73.26002502441406,163.46234130859375,-57.89999771118164,-73.30245971679688,165.41250610351562
1711476155.2605243,-2.7799997329711914,-71.17752075195312,149.5448455810547,6.790003776550293,-71.70236206054688,149.93484497070312,56.82484436035156,-73.26002502441406,163.46234130859375,-57.89999771118164,-73.30245971679688,165.41250610351562
1711476155.2705164,-2.7799997329711914,-71.17752075195312,149.5448455810547,6.790003776550293,-71.70236206054688,149.93484497070312,56.82484436035156,-73.26002502441406,163.46234130859375,-57.89999771118164,-73.30245971679688,165.41250610351562
1711476155.2805052,-2.7799997329711914,-71.17752075195312,149.5448455810547,6.790003776550293,-71.70236206054688,149.93484497070312,56.82484436035156,-73.26002502441406,163.46234130859375,-57.89999771118164,-73.30245971679688,165.41250610351562
1711476155.2905266,-2.7799997329711914,-71.17752075195312,149.5448455810547,6.790003776550293,-71.70236206054688,149.93484497070312,56.82484436035156,-73.26002502441406,163.46234130859375,-57.89999771118164,-73.30245971679688,165.41250610351562
1711476155.3005183,-2.7799997329711914,-71.17752075195312,149.5448455810547,6.790003776550293,-71.70236206054688,149.93484497070312,56.82484436035156,-73.26002502441406,163.46234130859375,-57.89999771118164,-73.30245971679688,165.41250610351562
1711476155.310501,-2.7799997329711914,-71.17752075195312,149.5448455810547,6.790003776550293,-71.70236206054688,149.93484497070312,56.82484436035156,-73.26002502441406,163.46234130859375,-57.89999771118164,-73.30245971679688,165.41250610351562
1711476155.3205228,-2.7799997329711914,-71.17752075195312,149.5448455810547,6.790003776550293,-71.70236206054688,149.93484497070312,56.82484436035156,-73.26002502441406,163.46234130859375,-57.89999771118164,-73.30245971679688,165.41250610351562
1711476155.3305168,-2.7799997329711914,-71.17752075195312,149.5448455810547,6.790003776550293,-71.70236206054688,149.93484497070312,56.82484436035156,-73.26002502441406,163.46234130859375,-57.89999771118164,-73.30245971679688,165.41250610351562
1711476155.3405025,-2.7799997329711914,-71.17752075195312,149.5448455810547,6.790003776550293,-71.70236206054688,149.93484497070312,56.82484436035156,-73.26002502441406,163.46234130859375,-57.89999771118164,-73.30245971679688,165.41250610351562
1711476155.3505297,-2.7799997329711914,-71.17752075195312,149.5448455810547,6.790003776550293,-71.70236206054688,149.93484497070312,56.82484436035156,-73.26002502441406,163.46234130859375,-57.89999771118164,-73.30245971679688,165.41250610351562
1711476155.3605278,-2.7799997329711914,-71.17752075195312,149.5448455810547,6.790003776550293,-71.70236206054688,149.93484497070312,56.82484436035156,-73.26002502441406,163.46234130859375,-57.89999771118164,-73.30245971679688,165.41250610351562
1711476155.3705196,-2.7799997329711914,-71.17752075195312,149.5448455810547,6.790003776550293,-71.70236206054688,149.93484497070312,56.82484436035156,-73.26002502441406,163.46234130859375,-57.89999771118164,-73.30245971679688,165.41250610351562
1711476155.3805327,-2.7799997329711914,-71.17752075195312,149.5448455810547,6.790003776550293,-71.70236206054688,149.93484497070312,56.82484436035156,-73.26002502441406,163.46234130859375,-57.89999771118164,-73.30245971679688,165.41250610351562
1711476155.3905227,-2.7799997329711914,-71.17752075195312,149.5448455810547,6.790003776550293,-71.70236206054688,149.93484497070312,56.82484436035156,-73.26002502441406,163.46234130859375,-57.89999771118164,-73.30245971679688,165.41250610351562
1711476155.400514,-2.7799997329711914,-71.17752075195312,149.5448455810547,6.790003776550293,-71.70236206054688,149.93484497070312,56.82484436035156,-73.26002502441406,163.46234130859375,-57.89999771118164,-73.30245971679688,165.41250610351562
1711476155.4105294,-2.7799997329711914,-71.17752075195312,149.5448455810547,6.790003776550293,-71.70236206054688,149.93484497070312,56.82484436035156,-73.26002502441406,163.46234130859375,-57.89999771118164,-73.30245971679688,165.41250610351562
1711476155.4205499,-2.7799997329711914,-71.17752075195312,149.5448455810547,6.790003776550293,-71.70236206054688,149.93484497070312,56.82484436035156,-73.26002502441406,163.46234130859375,-57.89999771118164,-73.30245971679688,165.41250610351562
1711476155.4305227,-2.7799997329711914,-71.17752075195312,149.5448455810547,6.790003776550293,-71.70236206054688,149.93484497070312,56.82484436035156,-73.26002502441406,163.46234130859375,-57.89999771118164,-73.30245971679688,165.41250610351562
1711476155.440541,-2.7799997329711914,-71.17752075195312,149.5448455810547,6.790003776550293,-71.70236206054688,149.93484497070312,56.82484436035156,-73.26002502441406,163.46234130859375,-57.89999771118164,-73.30245971679688,165.41250610351562
1711476155.4505434,-2.7799997329711914,-71.17752075195312,149.5448455810547,6.790003776550293,-71.70236206054688,149.93484497070312,56.82484436035156,-73.26002502441406,163.46234130859375,-57.89999771118164,-73.30245971679688,165.41250610351562
1711476155.4605267,-2.7799997329711914,-71.17752075195312,149.5448455810547,6.790003776550293,-71.70236206054688,149.93484497070312,56.82484436035156,-73.26002502441406,163.46234130859375,-57.89999771118164,-73.30245971679688,165.41250610351562
1711476155.4705126,-2.7799997329711914,-71.17752075195312,149.5448455810547,6.790003776550293,-71.70236206054688,149.93484497070312,56.82484436035156,-73.26002502441406,163.46234130859375,-57.89999771118164,-73.30245971679688,165.41250610351562
1711476155.4805288,-2.7799997329711914,-71.17752075195312,149.5448455810547,6.790003776550293,-71.70236206054688,149.93484497070312,56.82484436035156,-73.26002502441406,163.46234130859375,-57.89999771118164,-73.30245971679688,165.41250610351562
1711476155.490508,-2.7799997329711914,-71.17752075195312,149.5448455810547,6.790003776550293,-71.70236206054688,149.93484497070312,56.82484436035156,-73.26002502441406,163.46234130859375,-57.89999771118164,-73.30245971679688,165.41250610351562
1711476155.5005271,-2.7799997329711914,-71.17752075195312,149.5448455810547,6.790003776550293,-71.70236206054688,149.93484497070312,56.82484436035156,-73.26002502441406,163.46234130859375,-57.89999771118164,-73.30245971679688,165.41250610351562
1711476155.5105495,-2.7799997329711914,-71.17752075195312,149.5448455810547,6.790003776550293,-71.70236206054688,149.93484497070312,56.82484436035156,-73.26002502441406,163.46234130859375,-57.89999771118164,-73.30245971679688,165.41250610351562
1711476155.5205116,-2.7799997329711914,-71.17752075195312,149.5448455810547,6.790003776550293,-71.70236206054688,149.93484497070312,56.82484436035156,-73.26002502441406,163.46234130859375,-57.89999771118164,-73.30245971679688,165.41250610351562
1711476155.5305395,-2.7799997329711914,-71.17752075195312,149.5448455810547,6.790003776550293,-71.70236206054688,149.93484497070312,56.82484436035156,-73.26002502441406,163.46234130859375,-57.89999771118164,-73.30245971679688,165.41250610351562
1711476155.540537,-2.7799997329711914,-71.17752075195312,149.5448455810547,6.790003776550293,-71.70236206054688,149.93484497070312,56.82484436035156,-73.26002502441406,163.46234130859375,-57.89999771118164,-73.30245971679688,165.41250610351562
1711476155.550532,-2.7799997329711914,-71.17752075195312,149.5448455810547,6.790003776550293,-71.70236206054688,149.93484497070312,56.82484436035156,-73.26002502441406,163.46234130859375,-57.89999771118164,-73.30245971679688,165.41250610351562
1711476155.5605407,-2.7799997329711914,-71.17752075195312,149.5448455810547,6.790003776550293,-71.70236206054688,149.93484497070312,56.82484436035156,-73.26002502441406,163.46234130859375,-57.89999771118164,-73.30245971679688,165.41250610351562
1711476155.5705383,-2.7799997329711914,-71.17752075195312,149.5448455810547,6.790003776550293,-71.70236206054688,149.93484497070312,56.82484436035156,-73.26002502441406,163.46234130859375,-57.89999771118164,-73.30245971679688,165.41250610351562
1711476155.5805397,-2.7799997329711914,-71.17752075195312,149.5448455810547,6.790003776550293,-71.70236206054688,149.93484497070312,56.82484436035156,-73.26002502441406,163.46234130859375,-57.89999771118164,-73.30245971679688,165.41250610351562
1711476155.5905435,-2.7799997329711914,-71.17752075195312,149.5448455810547,6.790003776550293,-71.70236206054688,149.93484497070312,56.82484436035156,-73.26002502441406,163.46234130859375,-57.89999771118164,-73.30245971679688,165.41250610351562
1711476155.60053,-2.7799997329711914,-71.17752075195312,149.5448455810547,6.790003776550293,-71.70236206054688,149.93484497070312,56.82484436035156,-73.26002502441406,163.46234130859375,-57.89999771118164,-73.30245971679688,165.41250610351562
1711476155.6105478,-2.7799997329711914,-71.17752075195312,149.5448455810547,6.790003776550293,-71.70236206054688,149.93484497070312,56.82484436035156,-73.26002502441406,163.46234130859375,-57.89999771118164,-73.30245971679688,165.41250610351562
1711476155.6205275,-2.7799997329711914,-71.17752075195312,149.5448455810547,6.790003776550293,-71.70236206054688,149.93484497070312,56.82484436035156,-73.26002502441406,163.46234130859375,-57.89999771118164,-73.30245971679688,165.41250610351562
1711476155.6305416,-2.7799997329711914,-71.17752075195312,149.5448455810547,6.790003776550293,-71.70236206054688,149.93484497070312,56.82484436035156,-73.26002502441406,163.46234130859375,-57.89999771118164,-73.30245971679688,165.41250610351562
1711476155.6405618,-2.7799997329711914,-71.17752075195312,149.5448455810547,6.790003776550293,-71.70236206054688,149.93484497070312,56.82484436035156,-73.26002502441406,163.46234130859375,-57.89999771118164,-73.30245971679688,165.41250610351562
1711476155.6505306,-2.7799997329711914,-71.17752075195312,149.5448455810547,6.790003776550293,-71.70236206054688,149.93484497070312,56.82484436035156,-73.26002502441406,163.46234130859375,-57.89999771118164,-73.30245971679688,165.41250610351562
1711476155.66052,-2.7799997329711914,-71.17752075195312,149.5448455810547,6.790003776550293,-71.70236206054688,149.93484497070312,56.82484436035156,-73.26002502441406,163.46234130859375,-57.89999771118164,-73.30245971679688,165.41250610351562
1711476155.6705492,-2.7799997329711914,-71.17752075195312,149.5448455810547,6.790003776550293,-71.70236206054688,149.93484497070312,56.82484436035156,-73.26002502441406,163.46234130859375,-57.89999771118164,-73.30245971679688,165.41250610351562
1711476155.6805344,-2.7799997329711914,-71.17752075195312,149.5448455810547,6.790003776550293,-71.70236206054688,149.93484497070312,56.82484436035156,-73.26002502441406,163.46234130859375,-57.89999771118164,-73.30245971679688,165.41250610351562
1711476155.6905441,-2.7799997329711914,-71.17752075195312,149.5448455810547,6.790003776550293,-71.70236206054688,149.93484497070312,56.82484436035156,-73.26002502441406,163.46234130859375,-57.89999771118164,-73.30245971679688,165.41250610351562
1711476155.7008212,-2.7799997329711914,-71.17752075195312,149.5448455810547,6.790003776550293,-71.70236206054688,149.93484497070312,56.82484436035156,-73.26002502441406,163.46234130859375,-57.89999771118164,-73.30245971679688,165.41250610351562
1711476155.710529,-2.7799997329711914,-71.17752075195312,149.5448455810547,6.790003776550293,-71.70236206054688,149.93484497070312,56.82484436035156,-73.26002502441406,163.46234130859375,-57.89999771118164,-73.30245971679688,165.41250610351562
1711476155.7205348,-2.7799997329711914,-71.17752075195312,149.5448455810547,6.790003776550293,-71.70236206054688,149.93484497070312,56.82484436035156,-73.26002502441406,163.46234130859375,-57.89999771118164,-73.30245971679688,165.41250610351562
1711476155.7305508,-2.7799997329711914,-71.17752075195312,149.5448455810547,6.790003776550293,-71.70236206054688,149.93484497070312,56.82484436035156,-73.26002502441406,163.46234130859375,-57.89999771118164,-73.30245971679688,165.41250610351562
1711476155.7405448,-2.7799997329711914,-71.17752075195312,149.5448455810547,6.790003776550293,-71.70236206054688,149.93484497070312,56.82484436035156,-73.26002502441406,163.46234130859375,-57.89999771118164,-73.30245971679688,165.41250610351562
1711476155.7505496,-2.7799997329711914,-71.17752075195312,149.5448455810547,6.790003776550293,-71.70236206054688,149.93484497070312,56.82484436035156,-73.26002502441406,163.46234130859375,-57.89999771118164,-73.30245971679688,165.41250610351562
1711476155.7605505,-2.7799997329711914,-71.17752075195312,149.5448455810547,6.790003776550293,-71.70236206054688,149.93484497070312,56.82484436035156,-73.26002502441406,163.46234130859375,-57.89999771118164,-73.30245971679688,165.41250610351562
1711476155.7705266,-2.7799997329711914,-71.17752075195312,149.5448455810547,6.790003776550293,-71.70236206054688,149.93484497070312,56.82484436035156,-73.26002502441406,163.46234130859375,-57.89999771118164,-73.30245971679688,165.41250610351562
1711476155.7805524,-2.7799997329711914,-71.17752075195312,149.5448455810547,6.790003776550293,-71.70236206054688,149.93484497070312,56.82484436035156,-73.26002502441406,163.46234130859375,-57.89999771118164,-73.30245971679688,165.41250610351562
1711476155.7905571,-2.7799997329711914,-71.17752075195312,149.5448455810547,6.790003776550293,-71.70236206054688,149.93484497070312,56.82484436035156,-73.26002502441406,163.46234130859375,-57.89999771118164,-73.30245971679688,165.41250610351562
1711476155.8005464,-2.7799997329711914,-71.17752075195312,149.5448455810547,6.790003776550293,-71.70236206054688,149.93484497070312,56.82484436035156,-73.26002502441406,163.46234130859375,-57.89999771118164,-73.30245971679688,165.41250610351562
1711476155.8105378,-2.7799997329711914,-71.17752075195312,149.5448455810547,6.790003776550293,-71.70236206054688,149.93484497070312,56.82484436035156,-73.26002502441406,163.46234130859375,-57.89999771118164,-73.30245971679688,165.41250610351562
1711476155.8205779,-2.7799997329711914,-71.17752075195312,149.5448455810547,6.790003776550293,-71.70236206054688,149.93484497070312,56.82484436035156,-73.26002502441406,163.46234130859375,-57.89999771118164,-73.30245971679688,165.41250610351562
1711476155.8305812,-2.7799997329711914,-71.17752075195312,149.5448455810547,6.790003776550293,-71.70236206054688,149.93484497070312,56.82484436035156,-73.26002502441406,163.46234130859375,-57.89999771118164,-73.30245971679688,165.41250610351562
1711476155.8405411,-2.7799997329711914,-71.17752075195312,149.5448455810547,6.790003776550293,-71.70236206054688,149.93484497070312,56.82484436035156,-73.26002502441406,163.46234130859375,-57.89999771118164,-73.30245971679688,165.41250610351562
1711476155.8505585,-2.7799997329711914,-71.17752075195312,149.5448455810547,6.790003776550293,-71.70236206054688,149.93484497070312,56.82484436035156,-73.26002502441406,163.46234130859375,-57.89999771118164,-73.30245971679688,165.41250610351562
1711476155.860554,-2.7799997329711914,-71.17752075195312,149.5448455810547,6.790003776550293,-71.70236206054688,149.93484497070312,56.82484436035156,-73.26002502441406,163.46234130859375,-57.89999771118164,-73.30245971679688,165.41250610351562
1711476155.8705602,-2.7799997329711914,-71.17752075195312,149.5448455810547,6.790003776550293,-71.70236206054688,149.93484497070312,56.82484436035156,-73.26002502441406,163.46234130859375,-57.89999771118164,-73.30245971679688,165.41250610351562
1711476155.8805413,-2.7799997329711914,-71.17752075195312,149.5448455810547,6.790003776550293,-71.70236206054688,149.93484497070312,56.82484436035156,-73.26002502441406,163.46234130859375,-57.89999771118164,-73.30245971679688,165.41250610351562
1711476155.8905404,-2.7799997329711914,-71.17752075195312,149.5448455810547,6.790003776550293,-71.70236206054688,149.93484497070312,56.82484436035156,-73.26002502441406,163.46234130859375,-57.89999771118164,-73.30245971679688,165.41250610351562
1711476155.900556,-2.7799997329711914,-71.17752075195312,149.5448455810547,6.790003776550293,-71.70236206054688,149.93484497070312,56.82484436035156,-73.26002502441406,163.46234130859375,-57.89999771118164,-73.30245971679688,165.41250610351562
1711476155.910544,-2.7799997329711914,-71.17752075195312,149.5448455810547,6.790003776550293,-71.70236206054688,149.93484497070312,56.82484436035156,-73.26002502441406,163.46234130859375,-57.89999771118164,-73.30245971679688,165.41250610351562
1711476155.9205568,-2.7799997329711914,-71.17752075195312,149.5448455810547,6.790003776550293,-71.70236206054688,149.93484497070312,56.82484436035156,-73.26002502441406,163.46234130859375,-57.89999771118164,-73.30245971679688,165.41250610351562
1711476155.9305444,-2.7799997329711914,-71.17752075195312,149.5448455810547,6.790003776550293,-71.70236206054688,149.93484497070312,56.82484436035156,-73.26002502441406,163.46234130859375,-57.89999771118164,-73.30245971679688,165.41250610351562
1711476155.9405618,-2.7799997329711914,-71.17752075195312,149.5448455810547,6.790003776550293,-71.70236206054688,149.93484497070312,56.82484436035156,-73.26002502441406,163.46234130859375,-57.89999771118164,-73.30245971679688,165.41250610351562
1711476155.9505405,-2.7799997329711914,-71.17752075195312,149.5448455810547,6.790003776550293,-71.70236206054688,149.93484497070312,56.82484436035156,-73.26002502441406,163.46234130859375,-57.89999771118164,-73.30245971679688,165.41250610351562
1711476155.9605498,-2.7799997329711914,-71.17752075195312,149.5448455810547,6.790003776550293,-71.70236206054688,149.93484497070312,56.82484436035156,-73.26002502441406,163.46234130859375,-57.89999771118164,-73.30245971679688,165.41250610351562
1711476155.9705555,-2.7799997329711914,-71.17752075195312,149.5448455810547,6.790003776550293,-71.70236206054688,149.93484497070312,56.82484436035156,-73.26002502441406,163.46234130859375,-57.89999771118164,-73.30245971679688,165.41250610351562
1711476155.9805543,-2.7799997329711914,-71.17752075195312,149.5448455810547,6.790003776550293,-71.70236206054688,149.93484497070312,56.82484436035156,-73.26002502441406,163.46234130859375,-57.89999771118164,-73.30245971679688,165.41250610351562
1711476155.9905674,-2.7799997329711914,-71.17752075195312,149.5448455810547,6.790003776550293,-71.70236206054688,149.93484497070312,56.82484436035156,-73.26002502441406,163.46234130859375,-57.89999771118164,-73.30245971679688,165.41250610351562
1711476156.00056,-2.7799997329711914,-71.17752075195312,149.5448455810547,6.790003776550293,-71.70236206054688,149.93484497070312,56.82484436035156,-73.26002502441406,163.46234130859375,-57.89999771118164,-73.30245971679688,165.41250610351562
1711476156.0105612,-2.7799997329711914,-71.17752075195312,149.5448455810547,6.790003776550293,-71.70236206054688,149.93484497070312,56.82484436035156,-73.26002502441406,163.46234130859375,-57.89999771118164,-73.30245971679688,165.41250610351562
1711476156.0205677,-2.7799997329711914,-71.17752075195312,149.5448455810547,6.790003776550293,-71.70236206054688,149.93484497070312,56.82484436035156,-73.26002502441406,163.46234130859375,-57.89999771118164,-73.30245971679688,165.41250610351562
1711476156.0305562,-2.7799997329711914,-71.17752075195312,149.5448455810547,6.790003776550293,-71.70236206054688,149.93484497070312,56.82484436035156,-73.26002502441406,163.46234130859375,-57.89999771118164,-73.30245971679688,165.41250610351562
1711476156.0405538,-2.7799997329711914,-71.17752075195312,149.5448455810547,6.790003776550293,-71.70236206054688,149.93484497070312,56.82484436035156,-73.26002502441406,163.46234130859375,-57.89999771118164,-73.30245971679688,165.41250610351562
1711476156.050552,-2.7799997329711914,-71.17752075195312,149.5448455810547,6.790003776550293,-71.70236206054688,149.93484497070312,56.82484436035156,-73.26002502441406,163.46234130859375,-57.89999771118164,-73.30245971679688,165.41250610351562
1711476156.0605602,-2.7799997329711914,-71.17752075195312,149.5448455810547,6.790003776550293,-71.70236206054688,149.93484497070312,56.82484436035156,-73.26002502441406,163.46234130859375,-57.89999771118164,-73.30245971679688,165.41250610351562
1711476156.0705605,-2.7799997329711914,-71.17752075195312,149.5448455810547,6.790003776550293,-71.70236206054688,149.93484497070312,56.82484436035156,-73.26002502441406,163.46234130859375,-57.89999771118164,-73.30245971679688,165.41250610351562
1711476156.080554,-2.7799997329711914,-71.17752075195312,149.5448455810547,6.790003776550293,-71.70236206054688,149.93484497070312,56.82484436035156,-73.26002502441406,163.46234130859375,-57.89999771118164,-73.30245971679688,165.41250610351562
1711476156.090657,-2.7799997329711914,-71.17752075195312,149.5448455810547,6.790003776550293,-71.70236206054688,149.93484497070312,56.82484436035156,-73.26002502441406,163.46234130859375,-57.89999771118164,-73.30245971679688,165.41250610351562
1711476156.1005602,-2.7799997329711914,-71.17752075195312,149.5448455810547,6.790003776550293,-71.70236206054688,149.93484497070312,56.82484436035156,-73.26002502441406,163.46234130859375,-57.89999771118164,-73.30245971679688,165.41250610351562
1711476156.1105654,-2.7799997329711914,-71.17752075195312,149.5448455810547,6.790003776550293,-71.70236206054688,149.93484497070312,56.82484436035156,-73.26002502441406,163.46234130859375,-57.89999771118164,-73.30245971679688,165.41250610351562
1711476156.1205595,-2.7799997329711914,-71.17752075195312,149.5448455810547,6.790003776550293,-71.70236206054688,149.93484497070312,56.82484436035156,-73.26002502441406,163.46234130859375,-57.89999771118164,-73.30245971679688,165.41250610351562
1711476156.130552,-2.7799997329711914,-71.17752075195312,149.5448455810547,6.790003776550293,-71.70236206054688,149.93484497070312,56.82484436035156,-73.26002502441406,163.46234130859375,-57.89999771118164,-73.30245971679688,165.41250610351562
1711476156.140561,-2.7799997329711914,-71.17752075195312,149.5448455810547,6.790003776550293,-71.70236206054688,149.93484497070312,56.82484436035156,-73.26002502441406,163.46234130859375,-57.89999771118164,-73.30245971679688,165.41250610351562
1711476156.1505692,-2.7799997329711914,-71.17752075195312,149.5448455810547,6.790003776550293,-71.70236206054688,149.93484497070312,56.82484436035156,-73.26002502441406,163.46234130859375,-57.89999771118164,-73.30245971679688,165.41250610351562
1711476156.1605659,-2.7799997329711914,-71.17752075195312,149.5448455810547,6.790003776550293,-71.70236206054688,149.93484497070312,56.82484436035156,-73.26002502441406,163.46234130859375,-57.89999771118164,-73.30245971679688,165.41250610351562
1711476156.1705515,-2.7799997329711914,-71.17752075195312,149.5448455810547,6.790003776550293,-71.70236206054688,149.93484497070312,56.82484436035156,-73.26002502441406,163.46234130859375,-57.89999771118164,-73.30245971679688,165.41250610351562
1711476156.1805725,-2.7799997329711914,-71.17752075195312,149.5448455810547,6.790003776550293,-71.70236206054688,149.93484497070312,56.82484436035156,-73.26002502441406,163.46234130859375,-57.89999771118164,-73.30245971679688,165.41250610351562
1711476156.1905546,-2.7799997329711914,-71.17752075195312,149.5448455810547,6.790003776550293,-71.70236206054688,149.93484497070312,56.82484436035156,-73.26002502441406,163.46234130859375,-57.89999771118164,-73.30245971679688,165.41250610351562
1711476156.2005725,-2.7799997329711914,-71.17752075195312,149.5448455810547,6.790003776550293,-71.70236206054688,149.93484497070312,56.82484436035156,-73.26002502441406,163.46234130859375,-57.89999771118164,-73.30245971679688,165.41250610351562
1711476156.210581,-2.7799997329711914,-71.17752075195312,149.5448455810547,6.790003776550293,-71.70236206054688,149.93484497070312,56.82484436035156,-73.26002502441406,163.46234130859375,-57.89999771118164,-73.30245971679688,165.41250610351562
1711476156.2205644,-2.7799997329711914,-71.17752075195312,149.5448455810547,6.790003776550293,-71.70236206054688,149.93484497070312,56.82484436035156,-73.26002502441406,163.46234130859375,-57.89999771118164,-73.30245971679688,165.41250610351562
1711476156.2305598,-2.7799997329711914,-71.17752075195312,149.5448455810547,6.790003776550293,-71.70236206054688,149.93484497070312,56.82484436035156,-73.26002502441406,163.46234130859375,-57.89999771118164,-73.30245971679688,165.41250610351562
1711476156.240577,-2.7799997329711914,-71.17752075195312,149.5448455810547,6.790003776550293,-71.70236206054688,149.93484497070312,56.82484436035156,-73.26002502441406,163.46234130859375,-57.89999771118164,-73.30245971679688,165.41250610351562
1711476156.250566,-2.7799997329711914,-71.17752075195312,149.5448455810547,6.790003776550293,-71.70236206054688,149.93484497070312,56.82484436035156,-73.26002502441406,163.46234130859375,-57.89999771118164,-73.30245971679688,165.41250610351562
1711476156.2605639,-2.7799997329711914,-71.17752075195312,149.5448455810547,6.790003776550293,-71.70236206054688,149.93484497070312,56.82484436035156,-73.26002502441406,163.46234130859375,-57.89999771118164,-73.30245971679688,165.41250610351562
1711476156.2705667,-2.7799997329711914,-71.17752075195312,149.5448455810547,6.790003776550293,-71.70236206054688,149.93484497070312,56.82484436035156,-73.26002502441406,163.46234130859375,-57.89999771118164,-73.30245971679688,165.41250610351562
1711476156.280584,-2.7799997329711914,-71.17752075195312,149.5448455810547,6.790003776550293,-71.70236206054688,149.93484497070312,56.82484436035156,-73.26002502441406,163.46234130859375,-57.89999771118164,-73.30245971679688,165.41250610351562
1711476156.2905743,-2.7799997329711914,-71.17752075195312,149.5448455810547,6.790003776550293,-71.70236206054688,149.93484497070312,56.82484436035156,-73.26002502441406,163.46234130859375,-57.89999771118164,-73.30245971679688,165.41250610351562
1711476156.3005698,-2.7799997329711914,-71.17752075195312,149.5448455810547,6.790003776550293,-71.70236206054688,149.93484497070312,56.82484436035156,-73.26002502441406,163.46234130859375,-57.89999771118164,-73.30245971679688,165.41250610351562
1711476156.3105917,-2.7799997329711914,-71.17752075195312,149.5448455810547,6.790003776550293,-71.70236206054688,149.93484497070312,56.82484436035156,-73.26002502441406,163.46234130859375,-57.89999771118164,-73.30245971679688,165.41250610351562
1711476156.3205786,-2.7799997329711914,-71.17752075195312,149.5448455810547,6.790003776550293,-71.70236206054688,149.93484497070312,56.82484436035156,-73.26002502441406,163.46234130859375,-57.89999771118164,-73.30245971679688,165.41250610351562
1711476156.3305717,-2.7799997329711914,-71.17752075195312,149.5448455810547,6.790003776550293,-71.70236206054688,149.93484497070312,56.82484436035156,-73.26002502441406,163.46234130859375,-57.89999771118164,-73.30245971679688,165.41250610351562
1711476156.340577,-2.7799997329711914,-71.17752075195312,149.5448455810547,6.790003776550293,-71.70236206054688,149.93484497070312,56.82484436035156,-73.26002502441406,163.46234130859375,-57.89999771118164,-73.30245971679688,165.41250610351562
1711476156.3505723,-2.7799997329711914,-71.17752075195312,149.5448455810547,6.790003776550293,-71.70236206054688,149.93484497070312,56.82484436035156,-73.26002502441406,163.46234130859375,-57.89999771118164,-73.30245971679688,165.41250610351562
1711476156.3605723,-2.7799997329711914,-71.17752075195312,149.5448455810547,6.790003776550293,-71.70236206054688,149.93484497070312,56.82484436035156,-73.26002502441406,163.46234130859375,-57.89999771118164,-73.30245971679688,165.41250610351562
1711476156.37056,-2.7799997329711914,-71.17752075195312,149.5448455810547,6.790003776550293,-71.70236206054688,149.93484497070312,56.82484436035156,-73.26002502441406,163.46234130859375,-57.89999771118164,-73.30245971679688,165.41250610351562
1711476156.3840783,-2.7799997329711914,-71.17752075195312,149.5448455810547,6.790003776550293,-71.70236206054688,149.93484497070312,56.82484436035156,-73.26002502441406,163.46234130859375,-57.89999771118164,-73.30245971679688,165.41250610351562
1711476156.390561,-2.7799997329711914,-71.17752075195312,149.5448455810547,6.790003776550293,-71.70236206054688,149.93484497070312,56.82484436035156,-73.26002502441406,163.46234130859375,-57.89999771118164,-73.30245971679688,165.41250610351562
1711476156.4005735,-2.7799997329711914,-71.17752075195312,149.5448455810547,6.790003776550293,-71.70236206054688,149.93484497070312,56.82484436035156,-73.26002502441406,163.46234130859375,-57.89999771118164,-73.30245971679688,165.41250610351562
1711476156.4105701,-2.7799997329711914,-71.17752075195312,149.5448455810547,6.790003776550293,-71.70236206054688,149.93484497070312,56.82484436035156,-73.26002502441406,163.46234130859375,-57.89999771118164,-73.30245971679688,165.41250610351562
1711476156.4205744,-2.7799997329711914,-71.17752075195312,149.5448455810547,6.790003776550293,-71.70236206054688,149.93484497070312,56.82484436035156,-73.26002502441406,163.46234130859375,-57.89999771118164,-73.30245971679688,165.41250610351562
1711476156.4305632,-2.7799997329711914,-71.17752075195312,149.5448455810547,6.790003776550293,-71.70236206054688,149.93484497070312,56.82484436035156,-73.26002502441406,163.46234130859375,-57.89999771118164,-73.30245971679688,165.41250610351562
1711476156.440565,-2.7799997329711914,-71.17752075195312,149.5448455810547,6.790003776550293,-71.70236206054688,149.93484497070312,56.82484436035156,-73.26002502441406,163.46234130859375,-57.89999771118164,-73.30245971679688,165.41250610351562
1711476156.450568,-2.7799997329711914,-71.17752075195312,149.5448455810547,6.790003776550293,-71.70236206054688,149.93484497070312,56.82484436035156,-73.26002502441406,163.46234130859375,-57.89999771118164,-73.30245971679688,165.41250610351562
1711476156.460587,-2.7799997329711914,-71.17752075195312,149.5448455810547,6.790003776550293,-71.70236206054688,149.93484497070312,56.82484436035156,-73.26002502441406,163.46234130859375,-57.89999771118164,-73.30245971679688,165.41250610351562
1711476156.470615,-2.7799997329711914,-71.17752075195312,149.5448455810547,6.790003776550293,-71.70236206054688,149.93484497070312,56.82484436035156,-73.26002502441406,163.46234130859375,-57.89999771118164,-73.30245971679688,165.41250610351562
1711476156.4805655,-2.7799997329711914,-71.17752075195312,149.5448455810547,6.790003776550293,-71.70236206054688,149.93484497070312,56.82484436035156,-73.26002502441406,163.46234130859375,-57.89999771118164,-73.30245971679688,165.41250610351562
1711476156.490583,-2.7799997329711914,-71.17752075195312,149.5448455810547,6.790003776550293,-71.70236206054688,149.93484497070312,56.82484436035156,-73.26002502441406,163.46234130859375,-57.89999771118164,-73.30245971679688,165.41250610351562
1711476156.5005813,-2.7799997329711914,-71.17752075195312,149.5448455810547,6.790003776550293,-71.70236206054688,149.93484497070312,56.82484436035156,-73.26002502441406,163.46234130859375,-57.89999771118164,-73.30245971679688,165.41250610351562
1711476156.5105608,-2.7799997329711914,-71.17752075195312,149.5448455810547,6.790003776550293,-71.70236206054688,149.93484497070312,56.82484436035156,-73.26002502441406,163.46234130859375,-57.89999771118164,-73.30245971679688,165.41250610351562
1711476156.5205622,-2.7799997329711914,-71.17752075195312,149.5448455810547,6.790003776550293,-71.70236206054688,149.93484497070312,56.82484436035156,-73.26002502441406,163.46234130859375,-57.89999771118164,-73.30245971679688,165.41250610351562
1711476156.5305877,-2.7799997329711914,-71.17752075195312,149.5448455810547,6.790003776550293,-71.70236206054688,149.93484497070312,56.82484436035156,-73.26002502441406,163.46234130859375,-57.89999771118164,-73.30245971679688,165.41250610351562
1711476156.5405803,-2.7799997329711914,-71.17752075195312,149.5448455810547,6.790003776550293,-71.70236206054688,149.93484497070312,56.82484436035156,-73.26002502441406,163.46234130859375,-57.89999771118164,-73.30245971679688,165.41250610351562
1711476156.5505915,-2.7799997329711914,-71.17752075195312,149.5448455810547,6.790003776550293,-71.70236206054688,149.93484497070312,56.82484436035156,-73.26002502441406,163.46234130859375,-57.89999771118164,-73.30245971679688,165.41250610351562
1711476156.5605803,-2.7799997329711914,-71.17752075195312,149.5448455810547,6.790003776550293,-71.70236206054688,149.93484497070312,56.82484436035156,-73.26002502441406,163.46234130859375,-57.89999771118164,-73.30245971679688,165.41250610351562
1711476156.570566,-2.7799997329711914,-71.17752075195312,149.5448455810547,6.790003776550293,-71.70236206054688,149.93484497070312,56.82484436035156,-73.26002502441406,163.46234130859375,-57.89999771118164,-73.30245971679688,165.41250610351562
1711476156.580566,-2.7799997329711914,-71.17752075195312,149.5448455810547,6.790003776550293,-71.70236206054688,149.93484497070312,56.82484436035156,-73.26002502441406,163.46234130859375,-57.89999771118164,-73.30245971679688,165.41250610351562
1711476156.590573,-2.7799997329711914,-71.17752075195312,149.5448455810547,6.790003776550293,-71.70236206054688,149.93484497070312,56.82484436035156,-73.26002502441406,163.46234130859375,-57.89999771118164,-73.30245971679688,165.41250610351562
1711476156.6005816,-2.7799997329711914,-71.17752075195312,149.5448455810547,6.790003776550293,-71.70236206054688,149.93484497070312,56.82484436035156,-73.26002502441406,163.46234130859375,-57.89999771118164,-73.30245971679688,165.41250610351562
1711476156.6105688,-2.7799997329711914,-71.17752075195312,149.5448455810547,6.790003776550293,-71.70236206054688,149.93484497070312,56.82484436035156,-73.26002502441406,163.46234130859375,-57.89999771118164,-73.30245971679688,165.41250610351562
1711476156.620583,-2.7799997329711914,-71.17752075195312,149.5448455810547,6.790003776550293,-71.70236206054688,149.93484497070312,56.82484436035156,-73.26002502441406,163.46234130859375,-57.89999771118164,-73.30245971679688,165.41250610351562
1711476156.6305625,-2.7799997329711914,-71.17752075195312,149.5448455810547,6.790003776550293,-71.70236206054688,149.93484497070312,56.82484436035156,-73.26002502441406,163.46234130859375,-57.89999771118164,-73.30245971679688,165.41250610351562
1711476156.6405976,-2.7799997329711914,-71.17752075195312,149.5448455810547,6.790003776550293,-71.70236206054688,149.93484497070312,56.82484436035156,-73.26002502441406,163.46234130859375,-57.89999771118164,-73.30245971679688,165.41250610351562
1711476156.6505787,-2.7799997329711914,-71.17752075195312,149.5448455810547,6.790003776550293,-71.70236206054688,149.93484497070312,56.82484436035156,-73.26002502441406,163.46234130859375,-57.89999771118164,-73.30245971679688,165.41250610351562
1711476156.6605783,-2.7799997329711914,-71.17752075195312,149.5448455810547,6.790003776550293,-71.70236206054688,149.93484497070312,56.82484436035156,-73.26002502441406,163.46234130859375,-57.89999771118164,-73.30245971679688,165.41250610351562
1711476156.6706314,-2.7799997329711914,-71.17752075195312,149.5448455810547,6.790003776550293,-71.70236206054688,149.93484497070312,56.82484436035156,-73.26002502441406,163.46234130859375,-57.89999771118164,-73.30245971679688,165.41250610351562
1711476156.680606,-2.7799997329711914,-71.17752075195312,149.5448455810547,6.790003776550293,-71.70236206054688,149.93484497070312,56.82484436035156,-73.26002502441406,163.46234130859375,-57.89999771118164,-73.30245971679688,165.41250610351562
1711476156.6905868,-2.7799997329711914,-71.17752075195312,149.5448455810547,6.790003776550293,-71.70236206054688,149.93484497070312,56.82484436035156,-73.26002502441406,163.46234130859375,-57.89999771118164,-73.30245971679688,165.41250610351562
1711476156.700595,-2.7799997329711914,-71.17752075195312,149.5448455810547,6.790003776550293,-71.70236206054688,149.93484497070312,56.82484436035156,-73.26002502441406,163.46234130859375,-57.89999771118164,-73.30245971679688,165.41250610351562
1711476156.7105875,-2.7799997329711914,-71.17752075195312,149.5448455810547,6.790003776550293,-71.70236206054688,149.93484497070312,56.82484436035156,-73.26002502441406,163.46234130859375,-57.89999771118164,-73.30245971679688,165.41250610351562
1711476156.7205696,-2.7799997329711914,-71.17752075195312,149.5448455810547,6.790003776550293,-71.70236206054688,149.93484497070312,56.82484436035156,-73.26002502441406,163.46234130859375,-57.89999771118164,-73.30245971679688,165.41250610351562
1711476156.7305927,-2.7799997329711914,-71.17752075195312,149.5448455810547,6.790003776550293,-71.70236206054688,149.93484497070312,56.82484436035156,-73.26002502441406,163.46234130859375,-57.89999771118164,-73.30245971679688,165.41250610351562
1711476156.7406042,-2.7799997329711914,-71.17752075195312,149.5448455810547,6.790003776550293,-71.70236206054688,149.93484497070312,56.82484436035156,-73.26002502441406,163.46234130859375,-57.89999771118164,-73.30245971679688,165.41250610351562
1711476156.7505672,-2.7799997329711914,-71.17752075195312,149.5448455810547,6.790003776550293,-71.70236206054688,149.93484497070312,56.82484436035156,-73.26002502441406,163.46234130859375,-57.89999771118164,-73.30245971679688,165.41250610351562
1711476156.7605956,-2.7799997329711914,-71.17752075195312,149.5448455810547,6.790003776550293,-71.70236206054688,149.93484497070312,56.82484436035156,-73.26002502441406,163.46234130859375,-57.89999771118164,-73.30245971679688,165.41250610351562
1711476156.7705922,-2.7799997329711914,-71.17752075195312,149.5448455810547,6.790003776550293,-71.70236206054688,149.93484497070312,56.82484436035156,-73.26002502441406,163.46234130859375,-57.89999771118164,-73.30245971679688,165.41250610351562
1711476156.7805746,-2.7799997329711914,-71.17752075195312,149.5448455810547,6.790003776550293,-71.70236206054688,149.93484497070312,56.82484436035156,-73.26002502441406,163.46234130859375,-57.89999771118164,-73.30245971679688,165.41250610351562
1711476156.7905905,-2.7799997329711914,-71.17752075195312,149.5448455810547,6.790003776550293,-71.70236206054688,149.93484497070312,56.82484436035156,-73.26002502441406,163.46234130859375,-57.89999771118164,-73.30245971679688,165.41250610351562
1711476156.8005936,-2.7799997329711914,-71.17752075195312,149.5448455810547,6.790003776550293,-71.70236206054688,149.93484497070312,56.82484436035156,-73.26002502441406,163.46234130859375,-57.89999771118164,-73.30245971679688,165.41250610351562
1711476156.8105767,-2.7799997329711914,-71.17752075195312,149.5448455810547,6.790003776550293,-71.70236206054688,149.93484497070312,56.82484436035156,-73.26002502441406,163.46234130859375,-57.89999771118164,-73.30245971679688,165.41250610351562
1711476156.8205965,-2.7799997329711914,-71.17752075195312,149.5448455810547,6.790003776550293,-71.70236206054688,149.93484497070312,56.82484436035156,-73.26002502441406,163.46234130859375,-57.89999771118164,-73.30245971679688,165.41250610351562
1711476156.830604,-2.7799997329711914,-71.17752075195312,149.5448455810547,6.790003776550293,-71.70236206054688,149.93484497070312,56.82484436035156,-73.26002502441406,163.46234130859375,-57.89999771118164,-73.30245971679688,165.41250610351562
1711476156.8405857,-2.7799997329711914,-71.17752075195312,149.5448455810547,6.790003776550293,-71.70236206054688,149.93484497070312,56.82484436035156,-73.26002502441406,163.46234130859375,-57.89999771118164,-73.30245971679688,165.41250610351562
1711476156.8505967,-2.7799997329711914,-71.17752075195312,149.5448455810547,6.790003776550293,-71.70236206054688,149.93484497070312,56.82484436035156,-73.26002502441406,163.46234130859375,-57.89999771118164,-73.30245971679688,165.41250610351562
1711476156.860596,-2.7799997329711914,-71.17752075195312,149.5448455810547,6.790003776550293,-71.70236206054688,149.93484497070312,56.82484436035156,-73.26002502441406,163.46234130859375,-57.89999771118164,-73.30245971679688,165.41250610351562
1711476156.870596,-2.7799997329711914,-71.17752075195312,149.5448455810547,6.790003776550293,-71.70236206054688,149.93484497070312,56.82484436035156,-73.26002502441406,163.46234130859375,-57.89999771118164,-73.30245971679688,165.41250610351562
1711476156.8805945,-2.7799997329711914,-71.17752075195312,149.5448455810547,6.790003776550293,-71.70236206054688,149.93484497070312,56.82484436035156,-73.26002502441406,163.46234130859375,-57.89999771118164,-73.30245971679688,165.41250610351562
1711476156.8906283,-2.7799997329711914,-71.17752075195312,149.5448455810547,6.790003776550293,-71.70236206054688,149.93484497070312,56.82484436035156,-73.26002502441406,163.46234130859375,-57.89999771118164,-73.30245971679688,165.41250610351562
1711476156.9005864,-2.7799997329711914,-71.17752075195312,149.5448455810547,6.790003776550293,-71.70236206054688,149.93484497070312,56.82484436035156,-73.26002502441406,163.46234130859375,-57.89999771118164,-73.30245971679688,165.41250610351562
1711476156.9106042,-2.7799997329711914,-71.17752075195312,149.5448455810547,6.790003776550293,-71.70236206054688,149.93484497070312,56.82484436035156,-73.26002502441406,163.46234130859375,-57.89999771118164,-73.30245971679688,165.41250610351562
1711476156.9206042,-2.7799997329711914,-71.17752075195312,149.5448455810547,6.790003776550293,-71.70236206054688,149.93484497070312,56.82484436035156,-73.26002502441406,163.46234130859375,-57.89999771118164,-73.30245971679688,165.41250610351562
1711476156.930577,-2.7799997329711914,-71.17752075195312,149.5448455810547,6.790003776550293,-71.70236206054688,149.93484497070312,56.82484436035156,-73.26002502441406,163.46234130859375,-57.89999771118164,-73.30245971679688,165.41250610351562
1711476156.9406013,-2.7799997329711914,-71.17752075195312,149.5448455810547,6.790003776550293,-71.70236206054688,149.93484497070312,56.82484436035156,-73.26002502441406,163.46234130859375,-57.89999771118164,-73.30245971679688,165.41250610351562
1711476156.950604,-2.7799997329711914,-71.17752075195312,149.5448455810547,6.790003776550293,-71.70236206054688,149.93484497070312,56.82484436035156,-73.26002502441406,163.46234130859375,-57.89999771118164,-73.30245971679688,165.41250610351562
1711476156.9605908,-2.7799997329711914,-71.17752075195312,149.5448455810547,6.790003776550293,-71.70236206054688,149.93484497070312,56.82484436035156,-73.26002502441406,163.46234130859375,-57.89999771118164,-73.30245971679688,165.41250610351562
1711476156.9705915,-2.7799997329711914,-71.17752075195312,149.5448455810547,6.790003776550293,-71.70236206054688,149.93484497070312,56.82484436035156,-73.26002502441406,163.46234130859375,-57.89999771118164,-73.30245971679688,165.41250610351562
1711476156.980599,-2.7799997329711914,-71.17752075195312,149.5448455810547,6.790003776550293,-71.70236206054688,149.93484497070312,56.82484436035156,-73.26002502441406,163.46234130859375,-57.89999771118164,-73.30245971679688,165.41250610351562
1711476156.9906163,-2.7799997329711914,-71.17752075195312,149.5448455810547,6.790003776550293,-71.70236206054688,149.93484497070312,56.82484436035156,-73.26002502441406,163.46234130859375,-57.89999771118164,-73.30245971679688,165.41250610351562
1711476157.0005858,-2.7799997329711914,-71.17752075195312,149.5448455810547,6.790003776550293,-71.70236206054688,149.93484497070312,56.82484436035156,-73.26002502441406,163.46234130859375,-57.89999771118164,-73.30245971679688,165.41250610351562
1711476157.0106213,-2.7799997329711914,-71.17752075195312,149.5448455810547,6.790003776550293,-71.70236206054688,149.93484497070312,56.82484436035156,-73.26002502441406,163.46234130859375,-57.89999771118164,-73.30245971679688,165.41250610351562
1711476157.0205994,-2.7799997329711914,-71.17752075195312,149.5448455810547,6.790003776550293,-71.70236206054688,149.93484497070312,56.82484436035156,-73.26002502441406,163.46234130859375,-57.89999771118164,-73.30245971679688,165.41250610351562
1711476157.0306032,-2.7799997329711914,-71.17752075195312,149.5448455810547,6.790003776550293,-71.70236206054688,149.93484497070312,56.82484436035156,-73.26002502441406,163.46234130859375,-57.89999771118164,-73.30245971679688,165.41250610351562
1711476157.0406163,-2.7799997329711914,-71.17752075195312,149.5448455810547,6.790003776550293,-71.70236206054688,149.93484497070312,56.82484436035156,-73.26002502441406,163.46234130859375,-57.89999771118164,-73.30245971679688,165.41250610351562
1711476157.0505962,-2.7799997329711914,-71.17752075195312,149.5448455810547,6.790003776550293,-71.70236206054688,149.93484497070312,56.82484436035156,-73.26002502441406,163.46234130859375,-57.89999771118164,-73.30245971679688,165.41250610351562
1711476157.060599,-2.7799997329711914,-71.17752075195312,149.5448455810547,6.790003776550293,-71.70236206054688,149.93484497070312,56.82484436035156,-73.26002502441406,163.46234130859375,-57.89999771118164,-73.30245971679688,165.41250610351562
1711476157.0706084,-2.7799997329711914,-71.17752075195312,149.5448455810547,6.790003776550293,-71.70236206054688,149.93484497070312,56.82484436035156,-73.26002502441406,163.46234130859375,-57.89999771118164,-73.30245971679688,165.41250610351562
1711476157.0805893,-2.7799997329711914,-71.17752075195312,149.5448455810547,6.790003776550293,-71.70236206054688,149.93484497070312,56.82484436035156,-73.26002502441406,163.46234130859375,-57.89999771118164,-73.30245971679688,165.41250610351562
1711476157.0906084,-2.7799997329711914,-71.17752075195312,149.5448455810547,6.790003776550293,-71.70236206054688,149.93484497070312,56.82484436035156,-73.26002502441406,163.46234130859375,-57.89999771118164,-73.30245971679688,165.41250610351562
1711476157.1006064,-2.7799997329711914,-71.17752075195312,149.5448455810547,6.790003776550293,-71.70236206054688,149.93484497070312,56.82484436035156,-73.26002502441406,163.46234130859375,-57.89999771118164,-73.30245971679688,165.41250610351562
1711476157.1105978,-2.7799997329711914,-71.17752075195312,149.5448455810547,6.790003776550293,-71.70236206054688,149.93484497070312,56.82484436035156,-73.26002502441406,163.46234130859375,-57.89999771118164,-73.30245971679688,165.41250610351562
1711476157.1206129,-2.7799997329711914,-71.17752075195312,149.5448455810547,6.790003776550293,-71.70236206054688,149.93484497070312,56.82484436035156,-73.26002502441406,163.46234130859375,-57.89999771118164,-73.30245971679688,165.41250610351562
1711476157.1306098,-2.7799997329711914,-71.17752075195312,149.5448455810547,6.790003776550293,-71.70236206054688,149.93484497070312,56.82484436035156,-73.26002502441406,163.46234130859375,-57.89999771118164,-73.30245971679688,165.41250610351562
1711476157.1406157,-2.7799997329711914,-71.17752075195312,149.5448455810547,6.790003776550293,-71.70236206054688,149.93484497070312,56.82484436035156,-73.26002502441406,163.46234130859375,-57.89999771118164,-73.30245971679688,165.41250610351562
1711476157.1506102,-2.7799997329711914,-71.17752075195312,149.5448455810547,6.790003776550293,-71.70236206054688,149.93484497070312,56.82484436035156,-73.26002502441406,163.46234130859375,-57.89999771118164,-73.30245971679688,165.41250610351562
1711476157.160608,-2.7799997329711914,-71.17752075195312,149.5448455810547,6.790003776550293,-71.70236206054688,149.93484497070312,56.82484436035156,-73.26002502441406,163.46234130859375,-57.89999771118164,-73.30245971679688,165.41250610351562
1711476157.1706212,-2.7799997329711914,-71.17752075195312,149.5448455810547,6.790003776550293,-71.70236206054688,149.93484497070312,56.82484436035156,-73.26002502441406,163.46234130859375,-57.89999771118164,-73.30245971679688,165.41250610351562
1711476157.1806116,-2.7799997329711914,-71.17752075195312,149.5448455810547,6.790003776550293,-71.70236206054688,149.93484497070312,56.82484436035156,-73.26002502441406,163.46234130859375,-57.89999771118164,-73.30245971679688,165.41250610351562
1711476157.190634,-2.7799997329711914,-71.17752075195312,149.5448455810547,6.790003776550293,-71.70236206054688,149.93484497070312,56.82484436035156,-73.26002502441406,163.46234130859375,-57.89999771118164,-73.30245971679688,165.41250610351562
1711476157.200602,-2.7799997329711914,-71.17752075195312,149.5448455810547,6.790003776550293,-71.70236206054688,149.93484497070312,56.82484436035156,-73.26002502441406,163.46234130859375,-57.89999771118164,-73.30245971679688,165.41250610351562
1711476157.2106094,-2.7799997329711914,-71.17752075195312,149.5448455810547,6.790003776550293,-71.70236206054688,149.93484497070312,56.82484436035156,-73.26002502441406,163.46234130859375,-57.89999771118164,-73.30245971679688,165.41250610351562
1711476157.2205958,-2.7799997329711914,-71.17752075195312,149.5448455810547,6.790003776550293,-71.70236206054688,149.93484497070312,56.82484436035156,-73.26002502441406,163.46234130859375,-57.89999771118164,-73.30245971679688,165.41250610351562
1711476157.2306077,-2.7799997329711914,-71.17752075195312,149.5448455810547,6.790003776550293,-71.70236206054688,149.93484497070312,56.82484436035156,-73.26002502441406,163.46234130859375,-57.89999771118164,-73.30245971679688,165.41250610351562
1711476157.240627,-2.7799997329711914,-71.17752075195312,149.5448455810547,6.790003776550293,-71.70236206054688,149.93484497070312,56.82484436035156,-73.26002502441406,163.46234130859375,-57.89999771118164,-73.30245971679688,165.41250610351562
1711476157.250606,-2.7799997329711914,-71.17752075195312,149.5448455810547,6.790003776550293,-71.70236206054688,149.93484497070312,56.82484436035156,-73.26002502441406,163.46234130859375,-57.89999771118164,-73.30245971679688,165.41250610351562
1711476157.2606087,-2.7799997329711914,-71.17752075195312,149.5448455810547,6.790003776550293,-71.70236206054688,149.93484497070312,56.82484436035156,-73.26002502441406,163.46234130859375,-57.89999771118164,-73.30245971679688,165.41250610351562
1711476157.270607,-2.7799997329711914,-71.17752075195312,149.5448455810547,6.790003776550293,-71.70236206054688,149.93484497070312,56.82484436035156,-73.26002502441406,163.46234130859375,-57.89999771118164,-73.30245971679688,165.41250610351562
1711476157.2805998,-2.7799997329711914,-71.17752075195312,149.5448455810547,6.790003776550293,-71.70236206054688,149.93484497070312,56.82484436035156,-73.26002502441406,163.46234130859375,-57.89999771118164,-73.30245971679688,165.41250610351562
1711476157.2906125,-2.7799997329711914,-71.17752075195312,149.5448455810547,6.790003776550293,-71.70236206054688,149.93484497070312,56.82484436035156,-73.26002502441406,163.46234130859375,-57.89999771118164,-73.30245971679688,165.41250610351562
1711476157.300599,-2.7799997329711914,-71.17752075195312,149.5448455810547,6.790003776550293,-71.70236206054688,149.93484497070312,56.82484436035156,-73.26002502441406,163.46234130859375,-57.89999771118164,-73.30245971679688,165.41250610351562
1711476157.3106287,-2.7799997329711914,-71.17752075195312,149.5448455810547,6.790003776550293,-71.70236206054688,149.93484497070312,56.82484436035156,-73.26002502441406,163.46234130859375,-57.89999771118164,-73.30245971679688,165.41250610351562
1711476157.3206053,-2.7799997329711914,-71.17752075195312,149.5448455810547,6.790003776550293,-71.70236206054688,149.93484497070312,56.82484436035156,-73.26002502441406,163.46234130859375,-57.89999771118164,-73.30245971679688,165.41250610351562
1711476157.3306196,-2.7799997329711914,-71.17752075195312,149.5448455810547,6.790003776550293,-71.70236206054688,149.93484497070312,56.82484436035156,-73.26002502441406,163.46234130859375,-57.89999771118164,-73.30245971679688,165.41250610351562
1711476157.3406107,-2.7799997329711914,-71.17752075195312,149.5448455810547,6.790003776550293,-71.70236206054688,149.93484497070312,56.82484436035156,-73.26002502441406,163.46234130859375,-57.89999771118164,-73.30245971679688,165.41250610351562
1711476157.3506243,-2.7799997329711914,-71.17752075195312,149.5448455810547,6.790003776550293,-71.70236206054688,149.93484497070312,56.82484436035156,-73.26002502441406,163.46234130859375,-57.89999771118164,-73.30245971679688,165.41250610351562
1711476157.3606186,-2.7799997329711914,-71.17752075195312,149.5448455810547,6.790003776550293,-71.70236206054688,149.93484497070312,56.82484436035156,-73.26002502441406,163.46234130859375,-57.89999771118164,-73.30245971679688,165.41250610351562
1711476157.3706224,-2.7799997329711914,-71.17752075195312,149.5448455810547,6.790003776550293,-71.70236206054688,149.93484497070312,56.82484436035156,-73.26002502441406,163.46234130859375,-57.89999771118164,-73.30245971679688,165.41250610351562
1711476157.3806136,-2.7799997329711914,-71.17752075195312,149.5448455810547,6.790003776550293,-71.70236206054688,149.93484497070312,56.82484436035156,-73.26002502441406,163.46234130859375,-57.89999771118164,-73.30245971679688,165.41250610351562
1711476157.3906188,-2.7799997329711914,-71.17752075195312,149.5448455810547,6.790003776550293,-71.70236206054688,149.93484497070312,56.82484436035156,-73.26002502441406,163.46234130859375,-57.89999771118164,-73.30245971679688,165.41250610351562
1711476157.4006164,-2.7799997329711914,-71.17752075195312,149.5448455810547,6.790003776550293,-71.70236206054688,149.93484497070312,56.82484436035156,-73.26002502441406,163.46234130859375,-57.89999771118164,-73.30245971679688,165.41250610351562
1711476157.4106212,-2.7799997329711914,-71.17752075195312,149.5448455810547,6.790003776550293,-71.70236206054688,149.93484497070312,56.82484436035156,-73.26002502441406,163.46234130859375,-57.89999771118164,-73.30245971679688,165.41250610351562
1711476157.4206295,-2.7799997329711914,-71.17752075195312,149.5448455810547,6.790003776550293,-71.70236206054688,149.93484497070312,56.82484436035156,-73.26002502441406,163.46234130859375,-57.89999771118164,-73.30245971679688,165.41250610351562
1711476157.430616,-2.7799997329711914,-71.17752075195312,149.5448455810547,6.790003776550293,-71.70236206054688,149.93484497070312,56.82484436035156,-73.26002502441406,163.46234130859375,-57.89999771118164,-73.30245971679688,165.41250610351562
1711476157.4406204,-2.7799997329711914,-71.17752075195312,149.5448455810547,6.790003776550293,-71.70236206054688,149.93484497070312,56.82484436035156,-73.26002502441406,163.46234130859375,-57.89999771118164,-73.30245971679688,165.41250610351562
1711476157.450622,-2.7799997329711914,-71.17752075195312,149.5448455810547,6.790003776550293,-71.70236206054688,149.93484497070312,56.82484436035156,-73.26002502441406,163.46234130859375,-57.89999771118164,-73.30245971679688,165.41250610351562
1711476157.4606345,-2.7799997329711914,-71.17752075195312,149.5448455810547,6.790003776550293,-71.70236206054688,149.93484497070312,56.82484436035156,-73.26002502441406,163.46234130859375,-57.89999771118164,-73.30245971679688,165.41250610351562
1711476157.4706216,-2.7799997329711914,-71.17752075195312,149.5448455810547,6.790003776550293,-71.70236206054688,149.93484497070312,56.82484436035156,-73.26002502441406,163.46234130859375,-57.89999771118164,-73.30245971679688,165.41250610351562
1711476157.4806318,-2.7799997329711914,-71.17752075195312,149.5448455810547,6.790003776550293,-71.70236206054688,149.93484497070312,56.82484436035156,-73.26002502441406,163.46234130859375,-57.89999771118164,-73.30245971679688,165.41250610351562
1711476157.490612,-2.7799997329711914,-71.17752075195312,149.5448455810547,6.790003776550293,-71.70236206054688,149.93484497070312,56.82484436035156,-73.26002502441406,163.46234130859375,-57.89999771118164,-73.30245971679688,165.41250610351562
1711476157.500632,-2.7799997329711914,-71.17752075195312,149.5448455810547,6.790003776550293,-71.70236206054688,149.93484497070312,56.82484436035156,-73.26002502441406,163.46234130859375,-57.89999771118164,-73.30245971679688,165.41250610351562
1711476157.5106294,-2.7799997329711914,-71.17752075195312,149.5448455810547,6.790003776550293,-71.70236206054688,149.93484497070312,56.82484436035156,-73.26002502441406,163.46234130859375,-57.89999771118164,-73.30245971679688,165.41250610351562
1711476157.5206304,-2.7799997329711914,-71.17752075195312,149.5448455810547,6.790003776550293,-71.70236206054688,149.93484497070312,56.82484436035156,-73.26002502441406,163.46234130859375,-57.89999771118164,-73.30245971679688,165.41250610351562
1711476157.5306382,-2.7799997329711914,-71.17752075195312,149.5448455810547,6.790003776550293,-71.70236206054688,149.93484497070312,56.82484436035156,-73.26002502441406,163.46234130859375,-57.89999771118164,-73.30245971679688,165.41250610351562
1711476157.540628,-2.7799997329711914,-71.17752075195312,149.5448455810547,6.790003776550293,-71.70236206054688,149.93484497070312,56.82484436035156,-73.26002502441406,163.46234130859375,-57.89999771118164,-73.30245971679688,165.41250610351562
1711476157.5506413,-2.7799997329711914,-71.17752075195312,149.5448455810547,6.790003776550293,-71.70236206054688,149.93484497070312,56.82484436035156,-73.26002502441406,163.46234130859375,-57.89999771118164,-73.30245971679688,165.41250610351562
1711476157.5607023,-2.7799997329711914,-71.17752075195312,149.5448455810547,6.790003776550293,-71.70236206054688,149.93484497070312,56.82484436035156,-73.26002502441406,163.46234130859375,-57.89999771118164,-73.30245971679688,165.41250610351562
1711476157.5706508,-2.7799997329711914,-71.17752075195312,149.5448455810547,6.790003776550293,-71.70236206054688,149.93484497070312,56.82484436035156,-73.26002502441406,163.46234130859375,-57.89999771118164,-73.30245971679688,165.41250610351562
1711476157.5806284,-2.7799997329711914,-71.17752075195312,149.5448455810547,6.790003776550293,-71.70236206054688,149.93484497070312,56.82484436035156,-73.26002502441406,163.46234130859375,-57.89999771118164,-73.30245971679688,165.41250610351562
1711476157.5906317,-2.7799997329711914,-71.17752075195312,149.5448455810547,6.790003776550293,-71.70236206054688,149.93484497070312,56.82484436035156,-73.26002502441406,163.46234130859375,-57.89999771118164,-73.30245971679688,165.41250610351562
1711476157.6006303,-2.7799997329711914,-71.17752075195312,149.5448455810547,6.790003776550293,-71.70236206054688,149.93484497070312,56.82484436035156,-73.26002502441406,163.46234130859375,-57.89999771118164,-73.30245971679688,165.41250610351562
1711476157.610622,-2.7799997329711914,-71.17752075195312,149.5448455810547,6.790003776550293,-71.70236206054688,149.93484497070312,56.82484436035156,-73.26002502441406,163.46234130859375,-57.89999771118164,-73.30245971679688,165.41250610351562
1711476157.6206188,-2.7799997329711914,-71.17752075195312,149.5448455810547,6.790003776550293,-71.70236206054688,149.93484497070312,56.82484436035156,-73.26002502441406,163.46234130859375,-57.89999771118164,-73.30245971679688,165.41250610351562
1711476157.6306345,-2.7799997329711914,-71.17752075195312,149.5448455810547,6.790003776550293,-71.70236206054688,149.93484497070312,56.82484436035156,-73.26002502441406,163.46234130859375,-57.89999771118164,-73.30245971679688,165.41250610351562
1711476157.6407313,-2.7799997329711914,-71.17752075195312,149.5448455810547,6.790003776550293,-71.70236206054688,149.93484497070312,56.82484436035156,-73.26002502441406,163.46234130859375,-57.89999771118164,-73.30245971679688,165.41250610351562
1711476157.650628,-2.7799997329711914,-71.17752075195312,149.5448455810547,6.790003776550293,-71.70236206054688,149.93484497070312,56.82484436035156,-73.26002502441406,163.46234130859375,-57.89999771118164,-73.30245971679688,165.41250610351562
1711476157.660626,-2.7799997329711914,-71.17752075195312,149.5448455810547,6.790003776550293,-71.70236206054688,149.93484497070312,56.82484436035156,-73.26002502441406,163.46234130859375,-57.89999771118164,-73.30245971679688,165.41250610351562
1711476157.6706576,-2.7799997329711914,-71.17752075195312,149.5448455810547,6.790003776550293,-71.70236206054688,149.93484497070312,56.82484436035156,-73.26002502441406,163.46234130859375,-57.89999771118164,-73.30245971679688,165.41250610351562
1711476157.6806276,-2.7799997329711914,-71.17752075195312,149.5448455810547,6.790003776550293,-71.70236206054688,149.93484497070312,56.82484436035156,-73.26002502441406,163.46234130859375,-57.89999771118164,-73.30245971679688,165.41250610351562
1711476157.6906483,-2.7799997329711914,-71.17752075195312,149.5448455810547,6.790003776550293,-71.70236206054688,149.93484497070312,56.82484436035156,-73.26002502441406,163.46234130859375,-57.89999771118164,-73.30245971679688,165.41250610351562
1711476157.700678,-2.7799997329711914,-71.17752075195312,149.5448455810547,6.790003776550293,-71.70236206054688,149.93484497070312,56.82484436035156,-73.26002502441406,163.46234130859375,-57.89999771118164,-73.30245971679688,165.41250610351562
1711476157.7106247,-2.7799997329711914,-71.17752075195312,149.5448455810547,6.790003776550293,-71.70236206054688,149.93484497070312,56.82484436035156,-73.26002502441406,163.46234130859375,-57.89999771118164,-73.30245971679688,165.41250610351562
1711476157.7206476,-2.7799997329711914,-71.17752075195312,149.5448455810547,6.790003776550293,-71.70236206054688,149.93484497070312,56.82484436035156,-73.26002502441406,163.46234130859375,-57.89999771118164,-73.30245971679688,165.41250610351562
1711476157.7306285,-2.7799997329711914,-71.17752075195312,149.5448455810547,6.790003776550293,-71.70236206054688,149.93484497070312,56.82484436035156,-73.26002502441406,163.46234130859375,-57.89999771118164,-73.30245971679688,165.41250610351562
1711476157.740629,-2.7799997329711914,-71.17752075195312,149.5448455810547,6.790003776550293,-71.70236206054688,149.93484497070312,56.82484436035156,-73.26002502441406,163.46234130859375,-57.89999771118164,-73.30245971679688,165.41250610351562
1711476157.7506382,-2.7799997329711914,-71.17752075195312,149.5448455810547,6.790003776550293,-71.70236206054688,149.93484497070312,56.82484436035156,-73.26002502441406,163.46234130859375,-57.89999771118164,-73.30245971679688,165.41250610351562
1711476157.7606487,-2.7799997329711914,-71.17752075195312,149.5448455810547,6.790003776550293,-71.70236206054688,149.93484497070312,56.82484436035156,-73.26002502441406,163.46234130859375,-57.89999771118164,-73.30245971679688,165.41250610351562
1711476157.7706354,-2.7799997329711914,-71.17752075195312,149.5448455810547,6.790003776550293,-71.70236206054688,149.93484497070312,56.82484436035156,-73.26002502441406,163.46234130859375,-57.89999771118164,-73.30245971679688,165.41250610351562
1711476157.780646,-2.7799997329711914,-71.17752075195312,149.5448455810547,6.790003776550293,-71.70236206054688,149.93484497070312,56.82484436035156,-73.26002502441406,163.46234130859375,-57.89999771118164,-73.30245971679688,165.41250610351562
1711476157.790639,-2.7799997329711914,-71.17752075195312,149.5448455810547,6.790003776550293,-71.70236206054688,149.93484497070312,56.82484436035156,-73.26002502441406,163.46234130859375,-57.89999771118164,-73.30245971679688,165.41250610351562
1711476157.8006277,-2.7799997329711914,-71.17752075195312,149.5448455810547,6.790003776550293,-71.70236206054688,149.93484497070312,56.82484436035156,-73.26002502441406,163.46234130859375,-57.89999771118164,-73.30245971679688,165.41250610351562
1711476157.810638,-2.7799997329711914,-71.17752075195312,149.5448455810547,6.790003776550293,-71.70236206054688,149.93484497070312,56.82484436035156,-73.26002502441406,163.46234130859375,-57.89999771118164,-73.30245971679688,165.41250610351562
1711476157.8206491,-2.7799997329711914,-71.17752075195312,149.5448455810547,6.790003776550293,-71.70236206054688,149.93484497070312,56.82484436035156,-73.26002502441406,163.46234130859375,-57.89999771118164,-73.30245971679688,165.41250610351562
1711476157.8306563,-2.7799997329711914,-71.17752075195312,149.5448455810547,6.790003776550293,-71.70236206054688,149.93484497070312,56.82484436035156,-73.26002502441406,163.46234130859375,-57.89999771118164,-73.30245971679688,165.41250610351562
1711476157.8406265,-2.7799997329711914,-71.17752075195312,149.5448455810547,6.790003776550293,-71.70236206054688,149.93484497070312,56.82484436035156,-73.26002502441406,163.46234130859375,-57.89999771118164,-73.30245971679688,165.41250610351562
1711476157.850645,-2.7799997329711914,-71.17752075195312,149.5448455810547,6.790003776550293,-71.70236206054688,149.93484497070312,56.82484436035156,-73.26002502441406,163.46234130859375,-57.89999771118164,-73.30245971679688,165.41250610351562
1711476157.8606374,-2.7799997329711914,-71.17752075195312,149.5448455810547,6.790003776550293,-71.70236206054688,149.93484497070312,56.82484436035156,-73.26002502441406,163.46234130859375,-57.89999771118164,-73.30245971679688,165.41250610351562
1711476157.870647,-2.7799997329711914,-71.17752075195312,149.5448455810547,6.790003776550293,-71.70236206054688,149.93484497070312,56.82484436035156,-73.26002502441406,163.46234130859375,-57.89999771118164,-73.30245971679688,165.41250610351562
1711476157.880645,-2.7799997329711914,-71.17752075195312,149.5448455810547,6.790003776550293,-71.70236206054688,149.93484497070312,56.82484436035156,-73.26002502441406,163.46234130859375,-57.89999771118164,-73.30245971679688,165.41250610351562
1711476157.8906286,-2.7799997329711914,-71.17752075195312,149.5448455810547,6.790003776550293,-71.70236206054688,149.93484497070312,56.82484436035156,-73.26002502441406,163.46234130859375,-57.89999771118164,-73.30245971679688,165.41250610351562
1711476157.9006438,-2.7799997329711914,-71.17752075195312,149.5448455810547,6.790003776550293,-71.70236206054688,149.93484497070312,56.82484436035156,-73.26002502441406,163.46234130859375,-57.89999771118164,-73.30245971679688,165.41250610351562
1711476157.9106371,-2.7799997329711914,-71.17752075195312,149.5448455810547,6.790003776550293,-71.70236206054688,149.93484497070312,56.82484436035156,-73.26002502441406,163.46234130859375,-57.89999771118164,-73.30245971679688,165.41250610351562
1711476157.920639,-2.7799997329711914,-71.17752075195312,149.5448455810547,6.790003776550293,-71.70236206054688,149.93484497070312,56.82484436035156,-73.26002502441406,163.46234130859375,-57.89999771118164,-73.30245971679688,165.41250610351562
1711476157.930658,-2.7799997329711914,-71.17752075195312,149.5448455810547,6.790003776550293,-71.70236206054688,149.93484497070312,56.82484436035156,-73.26002502441406,163.46234130859375,-57.89999771118164,-73.30245971679688,165.41250610351562
1711476157.9406483,-2.7799997329711914,-71.17752075195312,149.5448455810547,6.790003776550293,-71.70236206054688,149.93484497070312,56.82484436035156,-73.26002502441406,163.46234130859375,-57.89999771118164,-73.30245971679688,165.41250610351562
1711476157.950636,-2.7799997329711914,-71.17752075195312,149.5448455810547,6.790003776550293,-71.70236206054688,149.93484497070312,56.82484436035156,-73.26002502441406,163.46234130859375,-57.89999771118164,-73.30245971679688,165.41250610351562
1711476157.960646,-2.7799997329711914,-71.17752075195312,149.5448455810547,6.790003776550293,-71.70236206054688,149.93484497070312,56.82484436035156,-73.26002502441406,163.46234130859375,-57.89999771118164,-73.30245971679688,165.41250610351562
1711476157.9706583,-2.7799997329711914,-71.17752075195312,149.5448455810547,6.790003776550293,-71.70236206054688,149.93484497070312,56.82484436035156,-73.26002502441406,163.46234130859375,-57.89999771118164,-73.30245971679688,165.41250610351562
1711476157.9806416,-2.7799997329711914,-71.17752075195312,149.5448455810547,6.790003776550293,-71.70236206054688,149.93484497070312,56.82484436035156,-73.26002502441406,163.46234130859375,-57.89999771118164,-73.30245971679688,165.41250610351562
1711476157.990658,-2.7799997329711914,-71.17752075195312,149.5448455810547,6.790003776550293,-71.70236206054688,149.93484497070312,56.82484436035156,-73.26002502441406,163.46234130859375,-57.89999771118164,-73.30245971679688,165.41250610351562
1711476158.0006382,-2.7799997329711914,-71.17752075195312,149.5448455810547,6.790003776550293,-71.70236206054688,149.93484497070312,56.82484436035156,-73.26002502441406,163.46234130859375,-57.89999771118164,-73.30245971679688,165.41250610351562
1711476158.0106425,-2.7799997329711914,-71.17752075195312,149.5448455810547,6.790003776550293,-71.70236206054688,149.93484497070312,56.82484436035156,-73.26002502441406,163.46234130859375,-57.89999771118164,-73.30245971679688,165.41250610351562
1711476158.0206687,-2.7799997329711914,-71.17752075195312,149.5448455810547,6.790003776550293,-71.70236206054688,149.93484497070312,56.82484436035156,-73.26002502441406,163.46234130859375,-57.89999771118164,-73.30245971679688,165.41250610351562
1711476158.0306585,-2.7799997329711914,-71.17752075195312,149.5448455810547,6.790003776550293,-71.70236206054688,149.93484497070312,56.82484436035156,-73.26002502441406,163.46234130859375,-57.89999771118164,-73.30245971679688,165.41250610351562
1711476158.0406332,-2.7799997329711914,-71.17752075195312,149.5448455810547,6.790003776550293,-71.70236206054688,149.93484497070312,56.82484436035156,-73.26002502441406,163.46234130859375,-57.89999771118164,-73.30245971679688,165.41250610351562
1711476158.0506587,-2.7799997329711914,-71.17752075195312,149.5448455810547,6.790003776550293,-71.70236206054688,149.93484497070312,56.82484436035156,-73.26002502441406,163.46234130859375,-57.89999771118164,-73.30245971679688,165.41250610351562
1711476158.0606604,-2.7799997329711914,-71.17752075195312,149.5448455810547,6.790003776550293,-71.70236206054688,149.93484497070312,56.82484436035156,-73.26002502441406,163.46234130859375,-57.89999771118164,-73.30245971679688,165.41250610351562
1711476158.0706494,-2.7799997329711914,-71.17752075195312,149.5448455810547,6.790003776550293,-71.70236206054688,149.93484497070312,56.82484436035156,-73.26002502441406,163.46234130859375,-57.89999771118164,-73.30245971679688,165.41250610351562
1711476158.0806582,-2.7799997329711914,-71.17752075195312,149.5448455810547,6.790003776550293,-71.70236206054688,149.93484497070312,56.82484436035156,-73.26002502441406,163.46234130859375,-57.89999771118164,-73.30245971679688,165.41250610351562
1711476158.0906603,-2.7799997329711914,-71.17752075195312,149.5448455810547,6.790003776550293,-71.70236206054688,149.93484497070312,56.82484436035156,-73.26002502441406,163.46234130859375,-57.89999771118164,-73.30245971679688,165.41250610351562
1711476158.1006482,-2.7799997329711914,-71.17752075195312,149.5448455810547,6.790003776550293,-71.70236206054688,149.93484497070312,56.82484436035156,-73.26002502441406,163.46234130859375,-57.89999771118164,-73.30245971679688,165.41250610351562
1711476158.110664,-2.7799997329711914,-71.17752075195312,149.5448455810547,6.790003776550293,-71.70236206054688,149.93484497070312,56.82484436035156,-73.26002502441406,163.46234130859375,-57.89999771118164,-73.30245971679688,165.41250610351562
1711476158.1206415,-2.7799997329711914,-71.17752075195312,149.5448455810547,6.790003776550293,-71.70236206054688,149.93484497070312,56.82484436035156,-73.26002502441406,163.46234130859375,-57.89999771118164,-73.30245971679688,165.41250610351562
1711476158.1306612,-2.7799997329711914,-71.17752075195312,149.5448455810547,6.790003776550293,-71.70236206054688,149.93484497070312,56.82484436035156,-73.26002502441406,163.46234130859375,-57.89999771118164,-73.30245971679688,165.41250610351562
1711476158.1406605,-2.7799997329711914,-71.17752075195312,149.5448455810547,6.790003776550293,-71.70236206054688,149.93484497070312,56.82484436035156,-73.26002502441406,163.46234130859375,-57.89999771118164,-73.30245971679688,165.41250610351562
1711476158.1506655,-2.7799997329711914,-71.17752075195312,149.5448455810547,6.790003776550293,-71.70236206054688,149.93484497070312,56.82484436035156,-73.26002502441406,163.46234130859375,-57.89999771118164,-73.30245971679688,165.41250610351562
1711476158.1606467,-2.7799997329711914,-71.17752075195312,149.5448455810547,6.790003776550293,-71.70236206054688,149.93484497070312,56.82484436035156,-73.26002502441406,163.46234130859375,-57.89999771118164,-73.30245971679688,165.41250610351562
1711476158.1706953,-2.7799997329711914,-71.17752075195312,149.5448455810547,6.790003776550293,-71.70236206054688,149.93484497070312,56.82484436035156,-73.26002502441406,163.46234130859375,-57.89999771118164,-73.30245971679688,165.41250610351562
1711476158.180674,-2.7799997329711914,-71.17752075195312,149.5448455810547,6.790003776550293,-71.70236206054688,149.93484497070312,56.82484436035156,-73.26002502441406,163.46234130859375,-57.89999771118164,-73.30245971679688,165.41250610351562
1711476158.1906428,-2.7799997329711914,-71.17752075195312,149.5448455810547,6.790003776550293,-71.70236206054688,149.93484497070312,56.82484436035156,-73.26002502441406,163.46234130859375,-57.89999771118164,-73.30245971679688,165.41250610351562
1711476158.2006485,-2.7799997329711914,-71.17752075195312,149.5448455810547,6.790003776550293,-71.70236206054688,149.93484497070312,56.82484436035156,-73.26002502441406,163.46234130859375,-57.89999771118164,-73.30245971679688,165.41250610351562
1711476158.2107897,-2.7799997329711914,-71.17752075195312,149.5448455810547,6.790003776550293,-71.70236206054688,149.93484497070312,56.82484436035156,-73.26002502441406,163.46234130859375,-57.89999771118164,-73.30245971679688,165.41250610351562
1711476158.2206523,-2.7799997329711914,-71.17752075195312,149.5448455810547,6.790003776550293,-71.70236206054688,149.93484497070312,56.82484436035156,-73.26002502441406,163.46234130859375,-57.89999771118164,-73.30245971679688,165.41250610351562
1711476158.2306628,-2.7799997329711914,-71.17752075195312,149.5448455810547,6.790003776550293,-71.70236206054688,149.93484497070312,56.82484436035156,-73.26002502441406,163.46234130859375,-57.89999771118164,-73.30245971679688,165.41250610351562
1711476158.2406638,-2.7799997329711914,-71.17752075195312,149.5448455810547,6.790003776550293,-71.70236206054688,149.93484497070312,56.82484436035156,-73.26002502441406,163.46234130859375,-57.89999771118164,-73.30245971679688,165.41250610351562
1711476158.2506542,-2.7799997329711914,-71.17752075195312,149.5448455810547,6.790003776550293,-71.70236206054688,149.93484497070312,56.82484436035156,-73.26002502441406,163.46234130859375,-57.89999771118164,-73.30245971679688,165.41250610351562
1711476158.2606754,-2.7799997329711914,-71.17752075195312,149.5448455810547,6.790003776550293,-71.70236206054688,149.93484497070312,56.82484436035156,-73.26002502441406,163.46234130859375,-57.89999771118164,-73.30245971679688,165.41250610351562
1711476158.2706711,-2.7799997329711914,-71.17752075195312,149.5448455810547,6.790003776550293,-71.70236206054688,149.93484497070312,56.82484436035156,-73.26002502441406,163.46234130859375,-57.89999771118164,-73.30245971679688,165.41250610351562
1711476158.280659,-2.7799997329711914,-71.17752075195312,149.5448455810547,6.790003776550293,-71.70236206054688,149.93484497070312,56.82484436035156,-73.26002502441406,163.46234130859375,-57.89999771118164,-73.30245971679688,165.41250610351562
1711476158.2906795,-2.7799997329711914,-71.17752075195312,149.5448455810547,6.790003776550293,-71.70236206054688,149.93484497070312,56.82484436035156,-73.26002502441406,163.46234130859375,-57.89999771118164,-73.30245971679688,165.41250610351562
1711476158.3006651,-2.7799997329711914,-71.17752075195312,149.5448455810547,6.790003776550293,-71.70236206054688,149.93484497070312,56.82484436035156,-73.26002502441406,163.46234130859375,-57.89999771118164,-73.30245971679688,165.41250610351562
1711476158.3106608,-2.7799997329711914,-71.17752075195312,149.5448455810547,6.790003776550293,-71.70236206054688,149.93484497070312,56.82484436035156,-73.26002502441406,163.46234130859375,-57.89999771118164,-73.30245971679688,165.41250610351562
1711476158.3206713,-2.7799997329711914,-71.17752075195312,149.5448455810547,6.790003776550293,-71.70236206054688,149.93484497070312,56.82484436035156,-73.26002502441406,163.46234130859375,-57.89999771118164,-73.30245971679688,165.41250610351562
1711476158.3306599,-2.7799997329711914,-71.17752075195312,149.5448455810547,6.790003776550293,-71.70236206054688,149.93484497070312,56.82484436035156,-73.26002502441406,163.46234130859375,-57.89999771118164,-73.30245971679688,165.41250610351562
1711476158.3406715,-2.7799997329711914,-71.17752075195312,149.5448455810547,6.790003776550293,-71.70236206054688,149.93484497070312,56.82484436035156,-73.26002502441406,163.46234130859375,-57.89999771118164,-73.30245971679688,165.41250610351562
1711476158.350664,-2.7799997329711914,-71.17752075195312,149.5448455810547,6.790003776550293,-71.70236206054688,149.93484497070312,56.82484436035156,-73.26002502441406,163.46234130859375,-57.89999771118164,-73.30245971679688,165.41250610351562
1711476158.3606641,-2.7799997329711914,-71.17752075195312,149.5448455810547,6.790003776550293,-71.70236206054688,149.93484497070312,56.82484436035156,-73.26002502441406,163.46234130859375,-57.89999771118164,-73.30245971679688,165.41250610351562
1711476158.370659,-2.7799997329711914,-71.17752075195312,149.5448455810547,6.790003776550293,-71.70236206054688,149.93484497070312,56.82484436035156,-73.26002502441406,163.46234130859375,-57.89999771118164,-73.30245971679688,165.41250610351562
1711476158.3806634,-2.7799997329711914,-71.17752075195312,149.5448455810547,6.790003776550293,-71.70236206054688,149.93484497070312,56.82484436035156,-73.26002502441406,163.46234130859375,-57.89999771118164,-73.30245971679688,165.41250610351562
1711476158.3906984,-2.7799997329711914,-71.17752075195312,149.5448455810547,6.790003776550293,-71.70236206054688,149.93484497070312,56.82484436035156,-73.26002502441406,163.46234130859375,-57.89999771118164,-73.30245971679688,165.41250610351562
1711476158.400673,-2.7799997329711914,-71.17752075195312,149.5448455810547,6.790003776550293,-71.70236206054688,149.93484497070312,56.82484436035156,-73.26002502441406,163.46234130859375,-57.89999771118164,-73.30245971679688,165.41250610351562
1711476158.4106903,-2.7799997329711914,-71.17752075195312,149.5448455810547,6.790003776550293,-71.70236206054688,149.93484497070312,56.82484436035156,-73.26002502441406,163.46234130859375,-57.89999771118164,-73.30245971679688,165.41250610351562
1711476158.4206731,-2.7799997329711914,-71.17752075195312,149.5448455810547,6.790003776550293,-71.70236206054688,149.93484497070312,56.82484436035156,-73.26002502441406,163.46234130859375,-57.89999771118164,-73.30245971679688,165.41250610351562
1711476158.4306724,-2.7799997329711914,-71.17752075195312,149.5448455810547,6.790003776550293,-71.70236206054688,149.93484497070312,56.82484436035156,-73.26002502441406,163.46234130859375,-57.89999771118164,-73.30245971679688,165.41250610351562
1711476158.4406917,-2.7799997329711914,-71.17752075195312,149.5448455810547,6.790003776550293,-71.70236206054688,149.93484497070312,56.82484436035156,-73.26002502441406,163.46234130859375,-57.89999771118164,-73.30245971679688,165.41250610351562
1711476158.450663,-2.7799997329711914,-71.17752075195312,149.5448455810547,6.790003776550293,-71.70236206054688,149.93484497070312,56.82484436035156,-73.26002502441406,163.46234130859375,-57.89999771118164,-73.30245971679688,165.41250610351562
1711476158.460676,-2.7799997329711914,-71.17752075195312,149.5448455810547,6.790003776550293,-71.70236206054688,149.93484497070312,56.82484436035156,-73.26002502441406,163.46234130859375,-57.89999771118164,-73.30245971679688,165.41250610351562
1711476158.4706774,-2.7799997329711914,-71.17752075195312,149.5448455810547,6.790003776550293,-71.70236206054688,149.93484497070312,56.82484436035156,-73.26002502441406,163.46234130859375,-57.89999771118164,-73.30245971679688,165.41250610351562
1711476158.4806752,-2.7799997329711914,-71.17752075195312,149.5448455810547,6.790003776550293,-71.70236206054688,149.93484497070312,56.82484436035156,-73.26002502441406,163.46234130859375,-57.89999771118164,-73.30245971679688,165.41250610351562
1711476158.4906967,-2.7799997329711914,-71.17752075195312,149.5448455810547,6.790003776550293,-71.70236206054688,149.93484497070312,56.82484436035156,-73.26002502441406,163.46234130859375,-57.89999771118164,-73.30245971679688,165.41250610351562
1711476158.5006912,-2.7799997329711914,-71.17752075195312,149.5448455810547,6.790003776550293,-71.70236206054688,149.93484497070312,56.82484436035156,-73.26002502441406,163.46234130859375,-57.89999771118164,-73.30245971679688,165.41250610351562
1711476158.5106854,-2.7799997329711914,-71.17752075195312,149.5448455810547,6.790003776550293,-71.70236206054688,149.93484497070312,56.82484436035156,-73.26002502441406,163.46234130859375,-57.89999771118164,-73.30245971679688,165.41250610351562
1711476158.5206833,-2.7799997329711914,-71.17752075195312,149.5448455810547,6.790003776550293,-71.70236206054688,149.93484497070312,56.82484436035156,-73.26002502441406,163.46234130859375,-57.89999771118164,-73.30245971679688,165.41250610351562
1711476158.5306754,-2.7799997329711914,-71.17752075195312,149.5448455810547,6.790003776550293,-71.70236206054688,149.93484497070312,56.82484436035156,-73.26002502441406,163.46234130859375,-57.89999771118164,-73.30245971679688,165.41250610351562
1711476158.540687,-2.7799997329711914,-71.17752075195312,149.5448455810547,6.790003776550293,-71.70236206054688,149.93484497070312,56.82484436035156,-73.26002502441406,163.46234130859375,-57.89999771118164,-73.30245971679688,165.41250610351562
1711476158.550678,-2.7799997329711914,-71.17752075195312,149.5448455810547,6.790003776550293,-71.70236206054688,149.93484497070312,56.82484436035156,-73.26002502441406,163.46234130859375,-57.89999771118164,-73.30245971679688,165.41250610351562
1711476158.560687,-2.7799997329711914,-71.17752075195312,149.5448455810547,6.790003776550293,-71.70236206054688,149.93484497070312,56.82484436035156,-73.26002502441406,163.46234130859375,-57.89999771118164,-73.30245971679688,165.41250610351562
1711476158.570679,-2.7799997329711914,-71.17752075195312,149.5448455810547,6.790003776550293,-71.70236206054688,149.93484497070312,56.82484436035156,-73.26002502441406,163.46234130859375,-57.89999771118164,-73.30245971679688,165.41250610351562
1711476158.5807137,-2.7799997329711914,-71.17752075195312,149.5448455810547,6.790003776550293,-71.70236206054688,149.93484497070312,56.82484436035156,-73.26002502441406,163.46234130859375,-57.89999771118164,-73.30245971679688,165.41250610351562
1711476158.590674,-2.7799997329711914,-71.17752075195312,149.5448455810547,6.790003776550293,-71.70236206054688,149.93484497070312,56.82484436035156,-73.26002502441406,163.46234130859375,-57.89999771118164,-73.30245971679688,165.41250610351562
1711476158.600707,-2.7799997329711914,-71.17752075195312,149.5448455810547,6.790003776550293,-71.70236206054688,149.93484497070312,56.82484436035156,-73.26002502441406,163.46234130859375,-57.89999771118164,-73.30245971679688,165.41250610351562
1711476158.6106727,-2.7799997329711914,-71.17752075195312,149.5448455810547,6.790003776550293,-71.70236206054688,149.93484497070312,56.82484436035156,-73.26002502441406,163.46234130859375,-57.89999771118164,-73.30245971679688,165.41250610351562
1711476158.6206858,-2.7799997329711914,-71.17752075195312,149.5448455810547,6.790003776550293,-71.70236206054688,149.93484497070312,56.82484436035156,-73.26002502441406,163.46234130859375,-57.89999771118164,-73.30245971679688,165.41250610351562
1711476158.6306853,-2.7799997329711914,-71.17752075195312,149.5448455810547,6.790003776550293,-71.70236206054688,149.93484497070312,56.82484436035156,-73.26002502441406,163.46234130859375,-57.89999771118164,-73.30245971679688,165.41250610351562
1711476158.6409433,-2.7799997329711914,-71.17752075195312,149.5448455810547,6.790003776550293,-71.70236206054688,149.93484497070312,56.82484436035156,-73.26002502441406,163.46234130859375,-57.89999771118164,-73.30245971679688,165.41250610351562
1711476158.6506958,-2.7799997329711914,-71.17752075195312,149.5448455810547,6.790003776550293,-71.70236206054688,149.93484497070312,56.82484436035156,-73.26002502441406,163.46234130859375,-57.89999771118164,-73.30245971679688,165.41250610351562
1711476158.6606991,-2.7799997329711914,-71.17752075195312,149.5448455810547,6.790003776550293,-71.70236206054688,149.93484497070312,56.82484436035156,-73.26002502441406,163.46234130859375,-57.89999771118164,-73.30245971679688,165.41250610351562
1711476158.6706963,-2.7799997329711914,-71.17752075195312,149.5448455810547,6.790003776550293,-71.70236206054688,149.93484497070312,56.82484436035156,-73.26002502441406,163.46234130859375,-57.89999771118164,-73.30245971679688,165.41250610351562
1711476158.680692,-2.7799997329711914,-71.17752075195312,149.5448455810547,6.790003776550293,-71.70236206054688,149.93484497070312,56.82484436035156,-73.26002502441406,163.46234130859375,-57.89999771118164,-73.30245971679688,165.41250610351562
1711476158.6907058,-2.7799997329711914,-71.17752075195312,149.5448455810547,6.790003776550293,-71.70236206054688,149.93484497070312,56.82484436035156,-73.26002502441406,163.46234130859375,-57.89999771118164,-73.30245971679688,165.41250610351562
1711476158.7006853,-2.7799997329711914,-71.17752075195312,149.5448455810547,6.790003776550293,-71.70236206054688,149.93484497070312,56.82484436035156,-73.26002502441406,163.46234130859375,-57.89999771118164,-73.30245971679688,165.41250610351562
1711476158.7106798,-2.7799997329711914,-71.17752075195312,149.5448455810547,6.790003776550293,-71.70236206054688,149.93484497070312,56.82484436035156,-73.26002502441406,163.46234130859375,-57.89999771118164,-73.30245971679688,165.41250610351562
1711476158.720689,-2.7799997329711914,-71.17752075195312,149.5448455810547,6.790003776550293,-71.70236206054688,149.93484497070312,56.82484436035156,-73.26002502441406,163.46234130859375,-57.89999771118164,-73.30245971679688,165.41250610351562
1711476158.7306821,-2.7799997329711914,-71.17752075195312,149.5448455810547,6.790003776550293,-71.70236206054688,149.93484497070312,56.82484436035156,-73.26002502441406,163.46234130859375,-57.89999771118164,-73.30245971679688,165.41250610351562
1711476158.7407317,-2.7799997329711914,-71.17752075195312,149.5448455810547,6.790003776550293,-71.70236206054688,149.93484497070312,56.82484436035156,-73.26002502441406,163.46234130859375,-57.89999771118164,-73.30245971679688,165.41250610351562
1711476158.7508261,-2.7799997329711914,-71.17752075195312,149.5448455810547,6.790003776550293,-71.70236206054688,149.93484497070312,56.82484436035156,-73.26002502441406,163.46234130859375,-57.89999771118164,-73.30245971679688,165.41250610351562
1711476158.7606792,-2.7799997329711914,-71.17752075195312,149.5448455810547,6.790003776550293,-71.70236206054688,149.93484497070312,56.82484436035156,-73.26002502441406,163.46234130859375,-57.89999771118164,-73.30245971679688,165.41250610351562
1711476158.7707007,-2.7799997329711914,-71.17752075195312,149.5448455810547,6.790003776550293,-71.70236206054688,149.93484497070312,56.82484436035156,-73.26002502441406,163.46234130859375,-57.89999771118164,-73.30245971679688,165.41250610351562
1711476158.7806842,-2.7799997329711914,-71.17752075195312,149.5448455810547,6.790003776550293,-71.70236206054688,149.93484497070312,56.82484436035156,-73.26002502441406,163.46234130859375,-57.89999771118164,-73.30245971679688,165.41250610351562
1711476158.7906933,-2.7799997329711914,-71.17752075195312,149.5448455810547,6.790003776550293,-71.70236206054688,149.93484497070312,56.82484436035156,-73.26002502441406,163.46234130859375,-57.89999771118164,-73.30245971679688,165.41250610351562
1711476158.800693,-2.7799997329711914,-71.17752075195312,149.5448455810547,6.790003776550293,-71.70236206054688,149.93484497070312,56.82484436035156,-73.26002502441406,163.46234130859375,-57.89999771118164,-73.30245971679688,165.41250610351562
1711476158.8106833,-2.7799997329711914,-71.17752075195312,149.5448455810547,6.790003776550293,-71.70236206054688,149.93484497070312,56.82484436035156,-73.26002502441406,163.46234130859375,-57.89999771118164,-73.30245971679688,165.41250610351562
1711476158.8207002,-2.7799997329711914,-71.17752075195312,149.5448455810547,6.790003776550293,-71.70236206054688,149.93484497070312,56.82484436035156,-73.26002502441406,163.46234130859375,-57.89999771118164,-73.30245971679688,165.41250610351562
1711476158.830703,-2.7799997329711914,-71.17752075195312,149.5448455810547,6.790003776550293,-71.70236206054688,149.93484497070312,56.82484436035156,-73.26002502441406,163.46234130859375,-57.89999771118164,-73.30245971679688,165.41250610351562
1711476158.8406858,-2.7799997329711914,-71.17752075195312,149.5448455810547,6.790003776550293,-71.70236206054688,149.93484497070312,56.82484436035156,-73.26002502441406,163.46234130859375,-57.89999771118164,-73.30245971679688,165.41250610351562
1711476158.8506973,-2.7799997329711914,-71.17752075195312,149.5448455810547,6.790003776550293,-71.70236206054688,149.93484497070312,56.82484436035156,-73.26002502441406,163.46234130859375,-57.89999771118164,-73.30245971679688,165.41250610351562
1711476158.8606923,-2.7799997329711914,-71.17752075195312,149.5448455810547,6.790003776550293,-71.70236206054688,149.93484497070312,56.82484436035156,-73.26002502441406,163.46234130859375,-57.89999771118164,-73.30245971679688,165.41250610351562
1711476158.8706975,-2.7799997329711914,-71.17752075195312,149.5448455810547,6.790003776550293,-71.70236206054688,149.93484497070312,56.82484436035156,-73.26002502441406,163.46234130859375,-57.89999771118164,-73.30245971679688,165.41250610351562
1711476158.8806982,-2.7799997329711914,-71.17752075195312,149.5448455810547,6.790003776550293,-71.70236206054688,149.93484497070312,56.82484436035156,-73.26002502441406,163.46234130859375,-57.89999771118164,-73.30245971679688,165.41250610351562
1711476158.8907146,-2.7799997329711914,-71.17752075195312,149.5448455810547,6.790003776550293,-71.70236206054688,149.93484497070312,56.82484436035156,-73.26002502441406,163.46234130859375,-57.89999771118164,-73.30245971679688,165.41250610351562
1711476158.9006906,-2.7799997329711914,-71.17752075195312,149.5448455810547,6.790003776550293,-71.70236206054688,149.93484497070312,56.82484436035156,-73.26002502441406,163.46234130859375,-57.89999771118164,-73.30245971679688,165.41250610351562
1711476158.9107172,-2.7799997329711914,-71.17752075195312,149.5448455810547,6.790003776550293,-71.70236206054688,149.93484497070312,56.82484436035156,-73.26002502441406,163.46234130859375,-57.89999771118164,-73.30245971679688,165.41250610351562
1711476158.9206984,-2.7799997329711914,-71.17752075195312,149.5448455810547,6.790003776550293,-71.70236206054688,149.93484497070312,56.82484436035156,-73.26002502441406,163.46234130859375,-57.89999771118164,-73.30245971679688,165.41250610351562
1711476158.930704,-2.7799997329711914,-71.17752075195312,149.5448455810547,6.790003776550293,-71.70236206054688,149.93484497070312,56.82484436035156,-73.26002502441406,163.46234130859375,-57.89999771118164,-73.30245971679688,165.41250610351562
1711476158.9407132,-2.7799997329711914,-71.17752075195312,149.5448455810547,6.790003776550293,-71.70236206054688,149.93484497070312,56.82484436035156,-73.26002502441406,163.46234130859375,-57.89999771118164,-73.30245971679688,165.41250610351562
1711476158.950705,-2.7799997329711914,-71.17752075195312,149.5448455810547,6.790003776550293,-71.70236206054688,149.93484497070312,56.82484436035156,-73.26002502441406,163.46234130859375,-57.89999771118164,-73.30245971679688,165.41250610351562
1711476158.9607174,-2.7799997329711914,-71.17752075195312,149.5448455810547,6.790003776550293,-71.70236206054688,149.93484497070312,56.82484436035156,-73.26002502441406,163.46234130859375,-57.89999771118164,-73.30245971679688,165.41250610351562
1711476158.9707057,-2.7799997329711914,-71.17752075195312,149.5448455810547,6.790003776550293,-71.70236206054688,149.93484497070312,56.82484436035156,-73.26002502441406,163.46234130859375,-57.89999771118164,-73.30245971679688,165.41250610351562
1711476158.9806986,-2.7799997329711914,-71.17752075195312,149.5448455810547,6.790003776550293,-71.70236206054688,149.93484497070312,56.82484436035156,-73.26002502441406,163.46234130859375,-57.89999771118164,-73.30245971679688,165.41250610351562
1711476158.9907205,-2.7799997329711914,-71.17752075195312,149.5448455810547,6.790003776550293,-71.70236206054688,149.93484497070312,56.82484436035156,-73.26002502441406,163.46234130859375,-57.89999771118164,-73.30245971679688,165.41250610351562
1711476159.0006933,-2.7799997329711914,-71.17752075195312,149.5448455810547,6.790003776550293,-71.70236206054688,149.93484497070312,56.82484436035156,-73.26002502441406,163.46234130859375,-57.89999771118164,-73.30245971679688,165.41250610351562
1711476159.0107014,-2.7799997329711914,-71.17752075195312,149.5448455810547,6.790003776550293,-71.70236206054688,149.93484497070312,56.82484436035156,-73.26002502441406,163.46234130859375,-57.89999771118164,-73.30245971679688,165.41250610351562
1711476159.0207195,-2.7799997329711914,-71.17752075195312,149.5448455810547,6.790003776550293,-71.70236206054688,149.93484497070312,56.82484436035156,-73.26002502441406,163.46234130859375,-57.89999771118164,-73.30245971679688,165.41250610351562
1711476159.0306973,-2.7799997329711914,-71.17752075195312,149.5448455810547,6.790003776550293,-71.70236206054688,149.93484497070312,56.82484436035156,-73.26002502441406,163.46234130859375,-57.89999771118164,-73.30245971679688,165.41250610351562
1711476159.0406954,-2.7799997329711914,-71.17752075195312,149.5448455810547,6.790003776550293,-71.70236206054688,149.93484497070312,56.82484436035156,-73.26002502441406,163.46234130859375,-57.89999771118164,-73.30245971679688,165.41250610351562
1711476159.050687,-2.7799997329711914,-71.17752075195312,149.5448455810547,6.790003776550293,-71.70236206054688,149.93484497070312,56.82484436035156,-73.26002502441406,163.46234130859375,-57.89999771118164,-73.30245971679688,165.41250610351562
1711476159.0606906,-2.7799997329711914,-71.17752075195312,149.5448455810547,6.790003776550293,-71.70236206054688,149.93484497070312,56.82484436035156,-73.26002502441406,163.46234130859375,-57.89999771118164,-73.30245971679688,165.41250610351562
1711476159.070705,-2.7799997329711914,-71.17752075195312,149.5448455810547,6.790003776550293,-71.70236206054688,149.93484497070312,56.82484436035156,-73.26002502441406,163.46234130859375,-57.89999771118164,-73.30245971679688,165.41250610351562
1711476159.0807068,-2.7799997329711914,-71.17752075195312,149.5448455810547,6.790003776550293,-71.70236206054688,149.93484497070312,56.82484436035156,-73.26002502441406,163.46234130859375,-57.89999771118164,-73.30245971679688,165.41250610351562
1711476159.090702,-2.7799997329711914,-71.17752075195312,149.5448455810547,6.790003776550293,-71.70236206054688,149.93484497070312,56.82484436035156,-73.26002502441406,163.46234130859375,-57.89999771118164,-73.30245971679688,165.41250610351562
1711476159.1006887,-2.7799997329711914,-71.17752075195312,149.5448455810547,6.790003776550293,-71.70236206054688,149.93484497070312,56.82484436035156,-73.26002502441406,163.46234130859375,-57.89999771118164,-73.30245971679688,165.41250610351562
1711476159.1107025,-2.7799997329711914,-71.17752075195312,149.5448455810547,6.790003776550293,-71.70236206054688,149.93484497070312,56.82484436035156,-73.26002502441406,163.46234130859375,-57.89999771118164,-73.30245971679688,165.41250610351562
1711476159.1206915,-2.7799997329711914,-71.17752075195312,149.5448455810547,6.790003776550293,-71.70236206054688,149.93484497070312,56.82484436035156,-73.26002502441406,163.46234130859375,-57.89999771118164,-73.30245971679688,165.41250610351562
1711476159.1306968,-2.7799997329711914,-71.17752075195312,149.5448455810547,6.790003776550293,-71.70236206054688,149.93484497070312,56.82484436035156,-73.26002502441406,163.46234130859375,-57.89999771118164,-73.30245971679688,165.41250610351562
1711476159.1407049,-2.7799997329711914,-71.17752075195312,149.5448455810547,6.790003776550293,-71.70236206054688,149.93484497070312,56.82484436035156,-73.26002502441406,163.46234130859375,-57.89999771118164,-73.30245971679688,165.41250610351562
1711476159.150698,-2.7799997329711914,-71.17752075195312,149.5448455810547,6.790003776550293,-71.70236206054688,149.93484497070312,56.82484436035156,-73.26002502441406,163.46234130859375,-57.89999771118164,-73.30245971679688,165.41250610351562
1711476159.1607273,-2.7799997329711914,-71.17752075195312,149.5448455810547,6.790003776550293,-71.70236206054688,149.93484497070312,56.82484436035156,-73.26002502441406,163.46234130859375,-57.89999771118164,-73.30245971679688,165.41250610351562
1711476159.1707022,-2.7799997329711914,-71.17752075195312,149.5448455810547,6.790003776550293,-71.70236206054688,149.93484497070312,56.82484436035156,-73.26002502441406,163.46234130859375,-57.89999771118164,-73.30245971679688,165.41250610351562
1711476159.1807039,-2.7799997329711914,-71.17752075195312,149.5448455810547,6.790003776550293,-71.70236206054688,149.93484497070312,56.82484436035156,-73.26002502441406,163.46234130859375,-57.89999771118164,-73.30245971679688,165.41250610351562
1711476159.190729,-2.7799997329711914,-71.17752075195312,149.5448455810547,6.790003776550293,-71.70236206054688,149.93484497070312,56.82484436035156,-73.26002502441406,163.46234130859375,-57.89999771118164,-73.30245971679688,165.41250610351562
1711476159.2007232,-2.7799997329711914,-71.17752075195312,149.5448455810547,6.790003776550293,-71.70236206054688,149.93484497070312,56.82484436035156,-73.26002502441406,163.46234130859375,-57.89999771118164,-73.30245971679688,165.41250610351562
1711476159.2107015,-2.7799997329711914,-71.17752075195312,149.5448455810547,6.790003776550293,-71.70236206054688,149.93484497070312,56.82484436035156,-73.26002502441406,163.46234130859375,-57.89999771118164,-73.30245971679688,165.41250610351562
1711476159.22071,-2.7799997329711914,-71.17752075195312,149.5448455810547,6.790003776550293,-71.70236206054688,149.93484497070312,56.82484436035156,-73.26002502441406,163.46234130859375,-57.89999771118164,-73.30245971679688,165.41250610351562
1711476159.2307186,-2.7799997329711914,-71.17752075195312,149.5448455810547,6.790003776550293,-71.70236206054688,149.93484497070312,56.82484436035156,-73.26002502441406,163.46234130859375,-57.89999771118164,-73.30245971679688,165.41250610351562
1711476159.240712,-2.7799997329711914,-71.17752075195312,149.5448455810547,6.790003776550293,-71.70236206054688,149.93484497070312,56.82484436035156,-73.26002502441406,163.46234130859375,-57.89999771118164,-73.30245971679688,165.41250610351562
1711476159.2507062,-2.7799997329711914,-71.17752075195312,149.5448455810547,6.790003776550293,-71.70236206054688,149.93484497070312,56.82484436035156,-73.26002502441406,163.46234130859375,-57.89999771118164,-73.30245971679688,165.41250610351562
1711476159.260697,-2.7799997329711914,-71.17752075195312,149.5448455810547,6.790003776550293,-71.70236206054688,149.93484497070312,56.82484436035156,-73.26002502441406,163.46234130859375,-57.89999771118164,-73.30245971679688,165.41250610351562
1711476159.2707272,-2.7799997329711914,-71.17752075195312,149.5448455810547,6.790003776550293,-71.70236206054688,149.93484497070312,56.82484436035156,-73.26002502441406,163.46234130859375,-57.89999771118164,-73.30245971679688,165.41250610351562
1711476159.280738,-2.7799997329711914,-71.17752075195312,149.5448455810547,6.790003776550293,-71.70236206054688,149.93484497070312,56.82484436035156,-73.26002502441406,163.46234130859375,-57.89999771118164,-73.30245971679688,165.41250610351562
1711476159.2907066,-2.7799997329711914,-71.17752075195312,149.5448455810547,6.790003776550293,-71.70236206054688,149.93484497070312,56.82484436035156,-73.26002502441406,163.46234130859375,-57.89999771118164,-73.30245971679688,165.41250610351562
1711476159.3006954,-2.7799997329711914,-71.17752075195312,149.5448455810547,6.790003776550293,-71.70236206054688,149.93484497070312,56.82484436035156,-73.26002502441406,163.46234130859375,-57.89999771118164,-73.30245971679688,165.41250610351562
1711476159.3107011,-2.7799997329711914,-71.17752075195312,149.5448455810547,6.790003776550293,-71.70236206054688,149.93484497070312,56.82484436035156,-73.26002502441406,163.46234130859375,-57.89999771118164,-73.30245971679688,165.41250610351562
1711476159.3206975,-2.7799997329711914,-71.17752075195312,149.5448455810547,6.790003776550293,-71.70236206054688,149.93484497070312,56.82484436035156,-73.26002502441406,163.46234130859375,-57.89999771118164,-73.30245971679688,165.41250610351562
1711476159.330701,-2.7799997329711914,-71.17752075195312,149.5448455810547,6.790003776550293,-71.70236206054688,149.93484497070312,56.82484436035156,-73.26002502441406,163.46234130859375,-57.89999771118164,-73.30245971679688,165.41250610351562
1711476159.3407073,-2.7799997329711914,-71.17752075195312,149.5448455810547,6.790003776550293,-71.70236206054688,149.93484497070312,56.82484436035156,-73.26002502441406,163.46234130859375,-57.89999771118164,-73.30245971679688,165.41250610351562
1711476159.350715,-2.7799997329711914,-71.17752075195312,149.5448455810547,6.790003776550293,-71.70236206054688,149.93484497070312,56.82484436035156,-73.26002502441406,163.46234130859375,-57.89999771118164,-73.30245971679688,165.41250610351562
1711476159.360708,-2.7799997329711914,-71.17752075195312,149.5448455810547,6.790003776550293,-71.70236206054688,149.93484497070312,56.82484436035156,-73.26002502441406,163.46234130859375,-57.89999771118164,-73.30245971679688,165.41250610351562
1711476159.3707418,-2.7799997329711914,-71.17752075195312,149.5448455810547,6.790003776550293,-71.70236206054688,149.93484497070312,56.82484436035156,-73.26002502441406,163.46234130859375,-57.89999771118164,-73.30245971679688,165.41250610351562
1711476159.3807435,-2.7799997329711914,-71.17752075195312,149.5448455810547,6.790003776550293,-71.70236206054688,149.93484497070312,56.82484436035156,-73.26002502441406,163.46234130859375,-57.89999771118164,-73.30245971679688,165.41250610351562
1711476159.3907063,-2.7799997329711914,-71.17752075195312,149.5448455810547,6.790003776550293,-71.70236206054688,149.93484497070312,56.82484436035156,-73.26002502441406,163.46234130859375,-57.89999771118164,-73.30245971679688,165.41250610351562
1711476159.400736,-2.7799997329711914,-71.17752075195312,149.5448455810547,6.790003776550293,-71.70236206054688,149.93484497070312,56.82484436035156,-73.26002502441406,163.46234130859375,-57.89999771118164,-73.30245971679688,165.41250610351562
1711476159.410708,-2.7799997329711914,-71.17752075195312,149.5448455810547,6.790003776550293,-71.70236206054688,149.93484497070312,56.82484436035156,-73.26002502441406,163.46234130859375,-57.89999771118164,-73.30245971679688,165.41250610351562
1711476159.4207244,-2.7799997329711914,-71.17752075195312,149.5448455810547,6.790003776550293,-71.70236206054688,149.93484497070312,56.82484436035156,-73.26002502441406,163.46234130859375,-57.89999771118164,-73.30245971679688,165.41250610351562
1711476159.4307327,-2.7799997329711914,-71.17752075195312,149.5448455810547,6.790003776550293,-71.70236206054688,149.93484497070312,56.82484436035156,-73.26002502441406,163.46234130859375,-57.89999771118164,-73.30245971679688,165.41250610351562
1711476159.4407263,-2.7799997329711914,-71.17752075195312,149.5448455810547,6.790003776550293,-71.70236206054688,149.93484497070312,56.82484436035156,-73.26002502441406,163.46234130859375,-57.89999771118164,-73.30245971679688,165.41250610351562
1711476159.4507062,-2.7799997329711914,-71.17752075195312,149.5448455810547,6.790003776550293,-71.70236206054688,149.93484497070312,56.82484436035156,-73.26002502441406,163.46234130859375,-57.89999771118164,-73.30245971679688,165.41250610351562
1711476159.460729,-2.7799997329711914,-71.17752075195312,149.5448455810547,6.790003776550293,-71.70236206054688,149.93484497070312,56.82484436035156,-73.26002502441406,163.46234130859375,-57.89999771118164,-73.30245971679688,165.41250610351562
1711476159.470728,-2.7799997329711914,-71.17752075195312,149.5448455810547,6.790003776550293,-71.70236206054688,149.93484497070312,56.82484436035156,-73.26002502441406,163.46234130859375,-57.89999771118164,-73.30245971679688,165.41250610351562
1711476159.480759,-2.7799997329711914,-71.17752075195312,149.5448455810547,6.790003776550293,-71.70236206054688,149.93484497070312,56.82484436035156,-73.26002502441406,163.46234130859375,-57.89999771118164,-73.30245971679688,165.41250610351562
1711476159.4907565,-2.7799997329711914,-71.17752075195312,149.5448455810547,6.790003776550293,-71.70236206054688,149.93484497070312,56.82484436035156,-73.26002502441406,163.46234130859375,-57.89999771118164,-73.30245971679688,165.41250610351562
1711476159.5007308,-2.7799997329711914,-71.17752075195312,149.5448455810547,6.790003776550293,-71.70236206054688,149.93484497070312,56.82484436035156,-73.26002502441406,163.46234130859375,-57.89999771118164,-73.30245971679688,165.41250610351562
1711476159.5107086,-2.7799997329711914,-71.17752075195312,149.5448455810547,6.790003776550293,-71.70236206054688,149.93484497070312,56.82484436035156,-73.26002502441406,163.46234130859375,-57.89999771118164,-73.30245971679688,165.41250610351562
1711476159.5207262,-2.7799997329711914,-71.17752075195312,149.5448455810547,6.790003776550293,-71.70236206054688,149.93484497070312,56.82484436035156,-73.26002502441406,163.46234130859375,-57.89999771118164,-73.30245971679688,165.41250610351562
1711476159.530733,-2.7799997329711914,-71.17752075195312,149.5448455810547,6.790003776550293,-71.70236206054688,149.93484497070312,56.82484436035156,-73.26002502441406,163.46234130859375,-57.89999771118164,-73.30245971679688,165.41250610351562
1711476159.5407214,-2.7799997329711914,-71.17752075195312,149.5448455810547,6.790003776550293,-71.70236206054688,149.93484497070312,56.82484436035156,-73.26002502441406,163.46234130859375,-57.89999771118164,-73.30245971679688,165.41250610351562
1711476159.5507247,-2.7799997329711914,-71.17752075195312,149.5448455810547,6.790003776550293,-71.70236206054688,149.93484497070312,56.82484436035156,-73.26002502441406,163.46234130859375,-57.89999771118164,-73.30245971679688,165.41250610351562
1711476159.5607307,-2.7799997329711914,-71.17752075195312,149.5448455810547,6.790003776550293,-71.70236206054688,149.93484497070312,56.82484436035156,-73.26002502441406,163.46234130859375,-57.89999771118164,-73.30245971679688,165.41250610351562
1711476159.57071,-2.7799997329711914,-71.17752075195312,149.5448455810547,6.790003776550293,-71.70236206054688,149.93484497070312,56.82484436035156,-73.26002502441406,163.46234130859375,-57.89999771118164,-73.30245971679688,165.41250610351562
1711476159.5807288,-2.7799997329711914,-71.17752075195312,149.5448455810547,6.790003776550293,-71.70236206054688,149.93484497070312,56.82484436035156,-73.26002502441406,163.46234130859375,-57.89999771118164,-73.30245971679688,165.41250610351562
1711476159.5909467,-2.7799997329711914,-71.17752075195312,149.5448455810547,6.790003776550293,-71.70236206054688,149.93484497070312,56.82484436035156,-73.26002502441406,163.46234130859375,-57.89999771118164,-73.30245971679688,165.41250610351562
1711476159.6007295,-2.7799997329711914,-71.17752075195312,149.5448455810547,6.790003776550293,-71.70236206054688,149.93484497070312,56.82484436035156,-73.26002502441406,163.46234130859375,-57.89999771118164,-73.30245971679688,165.41250610351562
1711476159.610742,-2.7799997329711914,-71.17752075195312,149.5448455810547,6.790003776550293,-71.70236206054688,149.93484497070312,56.82484436035156,-73.26002502441406,163.46234130859375,-57.89999771118164,-73.30245971679688,165.41250610351562
1711476159.6207497,-2.7799997329711914,-71.17752075195312,149.5448455810547,6.790003776550293,-71.70236206054688,149.93484497070312,56.82484436035156,-73.26002502441406,163.46234130859375,-57.89999771118164,-73.30245971679688,165.41250610351562
1711476159.6307218,-2.7799997329711914,-71.17752075195312,149.5448455810547,6.790003776550293,-71.70236206054688,149.93484497070312,56.82484436035156,-73.26002502441406,163.46234130859375,-57.89999771118164,-73.30245971679688,165.41250610351562
1711476159.6407156,-2.7799997329711914,-71.17752075195312,149.5448455810547,6.790003776550293,-71.70236206054688,149.93484497070312,56.82484436035156,-73.26002502441406,163.46234130859375,-57.89999771118164,-73.30245971679688,165.41250610351562
1711476159.650726,-2.7799997329711914,-71.17752075195312,149.5448455810547,6.790003776550293,-71.70236206054688,149.93484497070312,56.82484436035156,-73.26002502441406,163.46234130859375,-57.89999771118164,-73.30245971679688,165.41250610351562
1711476159.660733,-2.7799997329711914,-71.17752075195312,149.5448455810547,6.790003776550293,-71.70236206054688,149.93484497070312,56.82484436035156,-73.26002502441406,163.46234130859375,-57.89999771118164,-73.30245971679688,165.41250610351562
1711476159.6707363,-2.7799997329711914,-71.17752075195312,149.5448455810547,6.790003776550293,-71.70236206054688,149.93484497070312,56.82484436035156,-73.26002502441406,163.46234130859375,-57.89999771118164,-73.30245971679688,165.41250610351562
1711476159.680729,-2.7799997329711914,-71.17752075195312,149.5448455810547,6.790003776550293,-71.70236206054688,149.93484497070312,56.82484436035156,-73.26002502441406,163.46234130859375,-57.89999771118164,-73.30245971679688,165.41250610351562
1711476159.690715,-2.7799997329711914,-71.17752075195312,149.5448455810547,6.790003776550293,-71.70236206054688,149.93484497070312,56.82484436035156,-73.26002502441406,163.46234130859375,-57.89999771118164,-73.30245971679688,165.41250610351562
1711476159.7007332,-2.7799997329711914,-71.17752075195312,149.5448455810547,6.790003776550293,-71.70236206054688,149.93484497070312,56.82484436035156,-73.26002502441406,163.46234130859375,-57.89999771118164,-73.30245971679688,165.41250610351562
1711476159.7107406,-2.7799997329711914,-71.17752075195312,149.5448455810547,6.790003776550293,-71.70236206054688,149.93484497070312,56.82484436035156,-73.26002502441406,163.46234130859375,-57.89999771118164,-73.30245971679688,165.41250610351562
1711476159.7207298,-2.7799997329711914,-71.17752075195312,149.5448455810547,6.790003776550293,-71.70236206054688,149.93484497070312,56.82484436035156,-73.26002502441406,163.46234130859375,-57.89999771118164,-73.30245971679688,165.41250610351562
1711476159.7307475,-2.7799997329711914,-71.17752075195312,149.5448455810547,6.790003776550293,-71.70236206054688,149.93484497070312,56.82484436035156,-73.26002502441406,163.46234130859375,-57.89999771118164,-73.30245971679688,165.41250610351562
1711476159.7407458,-2.7799997329711914,-71.17752075195312,149.5448455810547,6.790003776550293,-71.70236206054688,149.93484497070312,56.82484436035156,-73.26002502441406,163.46234130859375,-57.89999771118164,-73.30245971679688,165.41250610351562
1711476159.7507288,-2.7799997329711914,-71.17752075195312,149.5448455810547,6.790003776550293,-71.70236206054688,149.93484497070312,56.82484436035156,-73.26002502441406,163.46234130859375,-57.89999771118164,-73.30245971679688,165.41250610351562
1711476159.7607472,-2.7799997329711914,-71.17752075195312,149.5448455810547,6.790003776550293,-71.70236206054688,149.93484497070312,56.82484436035156,-73.26002502441406,163.46234130859375,-57.89999771118164,-73.30245971679688,165.41250610351562
1711476159.7707362,-2.7799997329711914,-71.17752075195312,149.5448455810547,6.790003776550293,-71.70236206054688,149.93484497070312,56.82484436035156,-73.26002502441406,163.46234130859375,-57.89999771118164,-73.30245971679688,165.41250610351562
1711476159.7807376,-2.7799997329711914,-71.17752075195312,149.5448455810547,6.790003776550293,-71.70236206054688,149.93484497070312,56.82484436035156,-73.26002502441406,163.46234130859375,-57.89999771118164,-73.30245971679688,165.41250610351562
1711476159.7907488,-2.7799997329711914,-71.17752075195312,149.5448455810547,6.790003776550293,-71.70236206054688,149.93484497070312,56.82484436035156,-73.26002502441406,163.46234130859375,-57.89999771118164,-73.30245971679688,165.41250610351562
1711476159.8007386,-2.7799997329711914,-71.17752075195312,149.5448455810547,6.790003776550293,-71.70236206054688,149.93484497070312,56.82484436035156,-73.26002502441406,163.46234130859375,-57.89999771118164,-73.30245971679688,165.41250610351562
1711476159.810732,-2.7799997329711914,-71.17752075195312,149.5448455810547,6.790003776550293,-71.70236206054688,149.93484497070312,56.82484436035156,-73.26002502441406,163.46234130859375,-57.89999771118164,-73.30245971679688,165.41250610351562
1711476159.8207276,-2.7799997329711914,-71.17752075195312,149.5448455810547,6.790003776550293,-71.70236206054688,149.93484497070312,56.82484436035156,-73.26002502441406,163.46234130859375,-57.89999771118164,-73.30245971679688,165.41250610351562
1711476159.8307436,-2.7799997329711914,-71.17752075195312,149.5448455810547,6.790003776550293,-71.70236206054688,149.93484497070312,56.82484436035156,-73.26002502441406,163.46234130859375,-57.89999771118164,-73.30245971679688,165.41250610351562
1711476159.840753,-2.7799997329711914,-71.17752075195312,149.5448455810547,6.790003776550293,-71.70236206054688,149.93484497070312,56.82484436035156,-73.26002502441406,163.46234130859375,-57.89999771118164,-73.30245971679688,165.41250610351562
1711476159.8507457,-2.7799997329711914,-71.17752075195312,149.5448455810547,6.790003776550293,-71.70236206054688,149.93484497070312,56.82484436035156,-73.26002502441406,163.46234130859375,-57.89999771118164,-73.30245971679688,165.41250610351562
1711476159.8607578,-2.7799997329711914,-71.17752075195312,149.5448455810547,6.790003776550293,-71.70236206054688,149.93484497070312,56.82484436035156,-73.26002502441406,163.46234130859375,-57.89999771118164,-73.30245971679688,165.41250610351562
1711476159.8707254,-2.7799997329711914,-71.17752075195312,149.5448455810547,6.790003776550293,-71.70236206054688,149.93484497070312,56.82484436035156,-73.26002502441406,163.46234130859375,-57.89999771118164,-73.30245971679688,165.41250610351562
1711476159.8807533,-2.7799997329711914,-71.17752075195312,149.5448455810547,6.790003776550293,-71.70236206054688,149.93484497070312,56.82484436035156,-73.26002502441406,163.46234130859375,-57.89999771118164,-73.30245971679688,165.41250610351562
1711476159.8907418,-2.7799997329711914,-71.17752075195312,149.5448455810547,6.790003776550293,-71.70236206054688,149.93484497070312,56.82484436035156,-73.26002502441406,163.46234130859375,-57.89999771118164,-73.30245971679688,165.41250610351562
1711476159.9007347,-2.7799997329711914,-71.17752075195312,149.5448455810547,6.790003776550293,-71.70236206054688,149.93484497070312,56.82484436035156,-73.26002502441406,163.46234130859375,-57.89999771118164,-73.30245971679688,165.41250610351562
1711476159.9107323,-2.7799997329711914,-71.17752075195312,149.5448455810547,6.790003776550293,-71.70236206054688,149.93484497070312,56.82484436035156,-73.26002502441406,163.46234130859375,-57.89999771118164,-73.30245971679688,165.41250610351562
1711476159.9207344,-2.7799997329711914,-71.17752075195312,149.5448455810547,6.790003776550293,-71.70236206054688,149.93484497070312,56.82484436035156,-73.26002502441406,163.46234130859375,-57.89999771118164,-73.30245971679688,165.41250610351562
1711476159.930746,-2.7799997329711914,-71.17752075195312,149.5448455810547,6.790003776550293,-71.70236206054688,149.93484497070312,56.82484436035156,-73.26002502441406,163.46234130859375,-57.89999771118164,-73.30245971679688,165.41250610351562
1711476159.9407585,-2.7799997329711914,-71.17752075195312,149.5448455810547,6.790003776550293,-71.70236206054688,149.93484497070312,56.82484436035156,-73.26002502441406,163.46234130859375,-57.89999771118164,-73.30245971679688,165.41250610351562
1711476159.9507482,-2.7799997329711914,-71.17752075195312,149.5448455810547,6.790003776550293,-71.70236206054688,149.93484497070312,56.82484436035156,-73.26002502441406,163.46234130859375,-57.89999771118164,-73.30245971679688,165.41250610351562
1711476159.960758,-2.7799997329711914,-71.17752075195312,149.5448455810547,6.790003776550293,-71.70236206054688,149.93484497070312,56.82484436035156,-73.26002502441406,163.46234130859375,-57.89999771118164,-73.30245971679688,165.41250610351562
1711476159.9707506,-2.7799997329711914,-71.17752075195312,149.5448455810547,6.790003776550293,-71.70236206054688,149.93484497070312,56.82484436035156,-73.26002502441406,163.46234130859375,-57.89999771118164,-73.30245971679688,165.41250610351562
1711476159.9807577,-2.7799997329711914,-71.17752075195312,149.5448455810547,6.790003776550293,-71.70236206054688,149.93484497070312,56.82484436035156,-73.26002502441406,163.46234130859375,-57.89999771118164,-73.30245971679688,165.41250610351562
1711476159.9907773,-2.7799997329711914,-71.17752075195312,149.5448455810547,6.790003776550293,-71.70236206054688,149.93484497070312,56.82484436035156,-73.26002502441406,163.46234130859375,-57.89999771118164,-73.30245971679688,165.41250610351562
1711476160.0007296,-2.7799997329711914,-71.17752075195312,149.5448455810547,6.790003776550293,-71.70236206054688,149.93484497070312,56.82484436035156,-73.26002502441406,163.46234130859375,-57.89999771118164,-73.30245971679688,165.41250610351562
1711476160.0107582,-2.7799997329711914,-71.17752075195312,149.5448455810547,6.790003776550293,-71.70236206054688,149.93484497070312,56.82484436035156,-73.26002502441406,163.46234130859375,-57.89999771118164,-73.30245971679688,165.41250610351562
1711476160.0207496,-2.7799997329711914,-71.17752075195312,149.5448455810547,6.790003776550293,-71.70236206054688,149.93484497070312,56.82484436035156,-73.26002502441406,163.46234130859375,-57.89999771118164,-73.30245971679688,165.41250610351562
1711476160.0307415,-2.7799997329711914,-71.17752075195312,149.5448455810547,6.790003776550293,-71.70236206054688,149.93484497070312,56.82484436035156,-73.26002502441406,163.46234130859375,-57.89999771118164,-73.30245971679688,165.41250610351562
1711476160.0407517,-2.7799997329711914,-71.17752075195312,149.5448455810547,6.790003776550293,-71.70236206054688,149.93484497070312,56.82484436035156,-73.26002502441406,163.46234130859375,-57.89999771118164,-73.30245971679688,165.41250610351562
1711476160.0507486,-2.7799997329711914,-71.17752075195312,149.5448455810547,6.790003776550293,-71.70236206054688,149.93484497070312,56.82484436035156,-73.26002502441406,163.46234130859375,-57.89999771118164,-73.30245971679688,165.41250610351562
1711476160.060747,-2.7799997329711914,-71.17752075195312,149.5448455810547,6.790003776550293,-71.70236206054688,149.93484497070312,56.82484436035156,-73.26002502441406,163.46234130859375,-57.89999771118164,-73.30245971679688,165.41250610351562
1711476160.0707438,-2.7799997329711914,-71.17752075195312,149.5448455810547,6.790003776550293,-71.70236206054688,149.93484497070312,56.82484436035156,-73.26002502441406,163.46234130859375,-57.89999771118164,-73.30245971679688,165.41250610351562
1711476160.0807436,-2.7799997329711914,-71.17752075195312,149.5448455810547,6.790003776550293,-71.70236206054688,149.93484497070312,56.82484436035156,-73.26002502441406,163.46234130859375,-57.89999771118164,-73.30245971679688,165.41250610351562
1711476160.0907688,-2.7799997329711914,-71.17752075195312,149.5448455810547,6.790003776550293,-71.70236206054688,149.93484497070312,56.82484436035156,-73.26002502441406,163.46234130859375,-57.89999771118164,-73.30245971679688,165.41250610351562
1711476160.1007512,-2.7799997329711914,-71.17752075195312,149.5448455810547,6.790003776550293,-71.70236206054688,149.93484497070312,56.82484436035156,-73.26002502441406,163.46234130859375,-57.89999771118164,-73.30245971679688,165.41250610351562
1711476160.1107411,-2.7799997329711914,-71.17752075195312,149.5448455810547,6.790003776550293,-71.70236206054688,149.93484497070312,56.82484436035156,-73.26002502441406,163.46234130859375,-57.89999771118164,-73.30245971679688,165.41250610351562
1711476160.1207561,-2.7799997329711914,-71.17752075195312,149.5448455810547,6.790003776550293,-71.70236206054688,149.93484497070312,56.82484436035156,-73.26002502441406,163.46234130859375,-57.89999771118164,-73.30245971679688,165.41250610351562
1711476160.1307538,-2.7799997329711914,-71.17752075195312,149.5448455810547,6.790003776550293,-71.70236206054688,149.93484497070312,56.82484436035156,-73.26002502441406,163.46234130859375,-57.89999771118164,-73.30245971679688,165.41250610351562
1711476160.1407619,-2.7799997329711914,-71.17752075195312,149.5448455810547,6.790003776550293,-71.70236206054688,149.93484497070312,56.82484436035156,-73.26002502441406,163.46234130859375,-57.89999771118164,-73.30245971679688,165.41250610351562
1711476160.1507542,-2.7799997329711914,-71.17752075195312,149.5448455810547,6.790003776550293,-71.70236206054688,149.93484497070312,56.82484436035156,-73.26002502441406,163.46234130859375,-57.89999771118164,-73.30245971679688,165.41250610351562
1711476160.1607497,-2.7799997329711914,-71.17752075195312,149.5448455810547,6.790003776550293,-71.70236206054688,149.93484497070312,56.82484436035156,-73.26002502441406,163.46234130859375,-57.89999771118164,-73.30245971679688,165.41250610351562
1711476160.1707675,-2.7799997329711914,-71.17752075195312,149.5448455810547,6.790003776550293,-71.70236206054688,149.93484497070312,56.82484436035156,-73.26002502441406,163.46234130859375,-57.89999771118164,-73.30245971679688,165.41250610351562
1711476160.1807609,-2.7799997329711914,-71.17752075195312,149.5448455810547,6.790003776550293,-71.70236206054688,149.93484497070312,56.82484436035156,-73.26002502441406,163.46234130859375,-57.89999771118164,-73.30245971679688,165.41250610351562
1711476160.1907632,-2.7799997329711914,-71.17752075195312,149.5448455810547,6.790003776550293,-71.70236206054688,149.93484497070312,56.82484436035156,-73.26002502441406,163.46234130859375,-57.89999771118164,-73.30245971679688,165.41250610351562
1711476160.200746,-2.7799997329711914,-71.17752075195312,149.5448455810547,6.790003776550293,-71.70236206054688,149.93484497070312,56.82484436035156,-73.26002502441406,163.46234130859375,-57.89999771118164,-73.30245971679688,165.41250610351562
1711476160.2107599,-2.7799997329711914,-71.17752075195312,149.5448455810547,6.790003776550293,-71.70236206054688,149.93484497070312,56.82484436035156,-73.26002502441406,163.46234130859375,-57.89999771118164,-73.30245971679688,165.41250610351562
1711476160.2207615,-2.7799997329711914,-71.17752075195312,149.5448455810547,6.790003776550293,-71.70236206054688,149.93484497070312,56.82484436035156,-73.26002502441406,163.46234130859375,-57.89999771118164,-73.30245971679688,165.41250610351562
1711476160.230749,-2.7799997329711914,-71.17752075195312,149.5448455810547,6.790003776550293,-71.70236206054688,149.93484497070312,56.82484436035156,-73.26002502441406,163.46234130859375,-57.89999771118164,-73.30245971679688,165.41250610351562
1711476160.24076,-2.7799997329711914,-71.17752075195312,149.5448455810547,6.790003776550293,-71.70236206054688,149.93484497070312,56.82484436035156,-73.26002502441406,163.46234130859375,-57.89999771118164,-73.30245971679688,165.41250610351562
1711476160.2507522,-2.7799997329711914,-71.17752075195312,149.5448455810547,6.790003776550293,-71.70236206054688,149.93484497070312,56.82484436035156,-73.26002502441406,163.46234130859375,-57.89999771118164,-73.30245971679688,165.41250610351562
1711476160.2607627,-2.7799997329711914,-71.17752075195312,149.5448455810547,6.790003776550293,-71.70236206054688,149.93484497070312,56.82484436035156,-73.26002502441406,163.46234130859375,-57.89999771118164,-73.30245971679688,165.41250610351562
1711476160.273038,-2.7799997329711914,-71.17752075195312,149.5448455810547,6.790003776550293,-71.70236206054688,149.93484497070312,56.82484436035156,-73.26002502441406,163.46234130859375,-57.89999771118164,-73.30245971679688,165.41250610351562
1711476160.2807603,-2.7799997329711914,-71.17752075195312,149.5448455810547,6.790003776550293,-71.70236206054688,149.93484497070312,56.82484436035156,-73.26002502441406,163.46234130859375,-57.89999771118164,-73.30245971679688,165.41250610351562
1711476160.2907534,-2.7799997329711914,-71.17752075195312,149.5448455810547,6.790003776550293,-71.70236206054688,149.93484497070312,56.82484436035156,-73.26002502441406,163.46234130859375,-57.89999771118164,-73.30245971679688,165.41250610351562
1711476160.3007648,-2.7799997329711914,-71.17752075195312,149.5448455810547,6.790003776550293,-71.70236206054688,149.93484497070312,56.82484436035156,-73.26002502441406,163.46234130859375,-57.89999771118164,-73.30245971679688,165.41250610351562
1711476160.3107722,-2.7799997329711914,-71.17752075195312,149.5448455810547,6.790003776550293,-71.70236206054688,149.93484497070312,56.82484436035156,-73.26002502441406,163.46234130859375,-57.89999771118164,-73.30245971679688,165.41250610351562
1711476160.3207524,-2.7799997329711914,-71.17752075195312,149.5448455810547,6.790003776550293,-71.70236206054688,149.93484497070312,56.82484436035156,-73.26002502441406,163.46234130859375,-57.89999771118164,-73.30245971679688,165.41250610351562
1711476160.3308094,-2.7799997329711914,-71.17752075195312,149.5448455810547,6.790003776550293,-71.70236206054688,149.93484497070312,56.82484436035156,-73.26002502441406,163.46234130859375,-57.89999771118164,-73.30245971679688,165.41250610351562
1711476160.3407674,-2.7799997329711914,-71.17752075195312,149.5448455810547,6.790003776550293,-71.70236206054688,149.93484497070312,56.82484436035156,-73.26002502441406,163.46234130859375,-57.89999771118164,-73.30245971679688,165.41250610351562
1711476160.3507543,-2.7799997329711914,-71.17752075195312,149.5448455810547,6.790003776550293,-71.70236206054688,149.93484497070312,56.82484436035156,-73.26002502441406,163.46234130859375,-57.89999771118164,-73.30245971679688,165.41250610351562
1711476160.360769,-2.7799997329711914,-71.17752075195312,149.5448455810547,6.790003776550293,-71.70236206054688,149.93484497070312,56.82484436035156,-73.26002502441406,163.46234130859375,-57.89999771118164,-73.30245971679688,165.41250610351562
1711476160.3707578,-2.7799997329711914,-71.17752075195312,149.5448455810547,6.790003776550293,-71.70236206054688,149.93484497070312,56.82484436035156,-73.26002502441406,163.46234130859375,-57.89999771118164,-73.30245971679688,165.41250610351562
1711476160.3807561,-2.7799997329711914,-71.17752075195312,149.5448455810547,6.790003776550293,-71.70236206054688,149.93484497070312,56.82484436035156,-73.26002502441406,163.46234130859375,-57.89999771118164,-73.30245971679688,165.41250610351562
1711476160.3907783,-2.7799997329711914,-71.17752075195312,149.5448455810547,6.790003776550293,-71.70236206054688,149.93484497070312,56.82484436035156,-73.26002502441406,163.46234130859375,-57.89999771118164,-73.30245971679688,165.41250610351562
1711476160.400834,-2.7799997329711914,-71.17752075195312,149.5448455810547,6.790003776550293,-71.70236206054688,149.93484497070312,56.82484436035156,-73.26002502441406,163.46234130859375,-57.89999771118164,-73.30245971679688,165.41250610351562
1711476160.410767,-2.7799997329711914,-71.17752075195312,149.5448455810547,6.790003776550293,-71.70236206054688,149.93484497070312,56.82484436035156,-73.26002502441406,163.46234130859375,-57.89999771118164,-73.30245971679688,165.41250610351562
1711476160.4207728,-2.7799997329711914,-71.17752075195312,149.5448455810547,6.790003776550293,-71.70236206054688,149.93484497070312,56.82484436035156,-73.26002502441406,163.46234130859375,-57.89999771118164,-73.30245971679688,165.41250610351562
1711476160.430773,-2.7799997329711914,-71.17752075195312,149.5448455810547,6.790003776550293,-71.70236206054688,149.93484497070312,56.82484436035156,-73.26002502441406,163.46234130859375,-57.89999771118164,-73.30245971679688,165.41250610351562
1711476160.4407542,-2.7799997329711914,-71.17752075195312,149.5448455810547,6.790003776550293,-71.70236206054688,149.93484497070312,56.82484436035156,-73.26002502441406,163.46234130859375,-57.89999771118164,-73.30245971679688,165.41250610351562
1711476160.4507668,-2.7799997329711914,-71.17752075195312,149.5448455810547,6.790003776550293,-71.70236206054688,149.93484497070312,56.82484436035156,-73.26002502441406,163.46234130859375,-57.89999771118164,-73.30245971679688,165.41250610351562
1711476160.46076,-2.7799997329711914,-71.17752075195312,149.5448455810547,6.790003776550293,-71.70236206054688,149.93484497070312,56.82484436035156,-73.26002502441406,163.46234130859375,-57.89999771118164,-73.30245971679688,165.41250610351562
1711476160.470785,-2.7799997329711914,-71.17752075195312,149.5448455810547,6.790003776550293,-71.70236206054688,149.93484497070312,56.82484436035156,-73.26002502441406,163.46234130859375,-57.89999771118164,-73.30245971679688,165.41250610351562
1711476160.4807606,-2.7799997329711914,-71.17752075195312,149.5448455810547,6.790003776550293,-71.70236206054688,149.93484497070312,56.82484436035156,-73.26002502441406,163.46234130859375,-57.89999771118164,-73.30245971679688,165.41250610351562
1711476160.490766,-2.7799997329711914,-71.17752075195312,149.5448455810547,6.790003776550293,-71.70236206054688,149.93484497070312,56.82484436035156,-73.26002502441406,163.46234130859375,-57.89999771118164,-73.30245971679688,165.41250610351562
1711476160.5008168,-2.7799997329711914,-71.17752075195312,149.5448455810547,6.790003776550293,-71.70236206054688,149.93484497070312,56.82484436035156,-73.26002502441406,163.46234130859375,-57.89999771118164,-73.30245971679688,165.41250610351562
1711476160.5107732,-2.7799997329711914,-71.17752075195312,149.5448455810547,6.790003776550293,-71.70236206054688,149.93484497070312,56.82484436035156,-73.26002502441406,163.46234130859375,-57.89999771118164,-73.30245971679688,165.41250610351562
1711476160.5207746,-2.7799997329711914,-71.17752075195312,149.5448455810547,6.790003776550293,-71.70236206054688,149.93484497070312,56.82484436035156,-73.26002502441406,163.46234130859375,-57.89999771118164,-73.30245971679688,165.41250610351562
1711476160.5307813,-2.7799997329711914,-71.17752075195312,149.5448455810547,6.790003776550293,-71.70236206054688,149.93484497070312,56.82484436035156,-73.26002502441406,163.46234130859375,-57.89999771118164,-73.30245971679688,165.41250610351562
1711476160.5407784,-2.7799997329711914,-71.17752075195312,149.5448455810547,6.790003776550293,-71.70236206054688,149.93484497070312,56.82484436035156,-73.26002502441406,163.46234130859375,-57.89999771118164,-73.30245971679688,165.41250610351562
1711476160.5507836,-2.7799997329711914,-71.17752075195312,149.5448455810547,6.790003776550293,-71.70236206054688,149.93484497070312,56.82484436035156,-73.26002502441406,163.46234130859375,-57.89999771118164,-73.30245971679688,165.41250610351562
1711476160.5607781,-2.7799997329711914,-71.17752075195312,149.5448455810547,6.790003776550293,-71.70236206054688,149.93484497070312,56.82484436035156,-73.26002502441406,163.46234130859375,-57.89999771118164,-73.30245971679688,165.41250610351562
1711476160.5707717,-2.7799997329711914,-71.17752075195312,149.5448455810547,6.790003776550293,-71.70236206054688,149.93484497070312,56.82484436035156,-73.26002502441406,163.46234130859375,-57.89999771118164,-73.30245971679688,165.41250610351562
1711476160.5808394,-2.7799997329711914,-71.17752075195312,149.5448455810547,6.790003776550293,-71.70236206054688,149.93484497070312,56.82484436035156,-73.26002502441406,163.46234130859375,-57.89999771118164,-73.30245971679688,165.41250610351562
1711476160.5907767,-2.7799997329711914,-71.17752075195312,149.5448455810547,6.790003776550293,-71.70236206054688,149.93484497070312,56.82484436035156,-73.26002502441406,163.46234130859375,-57.89999771118164,-73.30245971679688,165.41250610351562
1711476160.6007738,-2.7799997329711914,-71.17752075195312,149.5448455810547,6.790003776550293,-71.70236206054688,149.93484497070312,56.82484436035156,-73.26002502441406,163.46234130859375,-57.89999771118164,-73.30245971679688,165.41250610351562
1711476160.6107929,-2.7799997329711914,-71.17752075195312,149.5448455810547,6.790003776550293,-71.70236206054688,149.93484497070312,56.82484436035156,-73.26002502441406,163.46234130859375,-57.89999771118164,-73.30245971679688,165.41250610351562
1711476160.6208444,-2.7799997329711914,-71.17752075195312,149.5448455810547,6.790003776550293,-71.70236206054688,149.93484497070312,56.82484436035156,-73.26002502441406,163.46234130859375,-57.89999771118164,-73.30245971679688,165.41250610351562
1711476160.6307812,-2.7799997329711914,-71.17752075195312,149.5448455810547,6.790003776550293,-71.70236206054688,149.93484497070312,56.82484436035156,-73.26002502441406,163.46234130859375,-57.89999771118164,-73.30245971679688,165.41250610351562
1711476160.640811,-2.7799997329711914,-71.17752075195312,149.5448455810547,6.790003776550293,-71.70236206054688,149.93484497070312,56.82484436035156,-73.26002502441406,163.46234130859375,-57.89999771118164,-73.30245971679688,165.41250610351562
1711476160.650767,-2.7799997329711914,-71.17752075195312,149.5448455810547,6.790003776550293,-71.70236206054688,149.93484497070312,56.82484436035156,-73.26002502441406,163.46234130859375,-57.89999771118164,-73.30245971679688,165.41250610351562
1711476160.6608112,-2.7799997329711914,-71.17752075195312,149.5448455810547,6.790003776550293,-71.70236206054688,149.93484497070312,56.82484436035156,-73.26002502441406,163.46234130859375,-57.89999771118164,-73.30245971679688,165.41250610351562
1711476160.6707847,-2.7799997329711914,-71.17752075195312,149.5448455810547,6.790003776550293,-71.70236206054688,149.93484497070312,56.82484436035156,-73.26002502441406,163.46234130859375,-57.89999771118164,-73.30245971679688,165.41250610351562
1711476160.680772,-2.7799997329711914,-71.17752075195312,149.5448455810547,6.790003776550293,-71.70236206054688,149.93484497070312,56.82484436035156,-73.26002502441406,163.46234130859375,-57.89999771118164,-73.30245971679688,165.41250610351562
1711476160.6907856,-2.7799997329711914,-71.17752075195312,149.5448455810547,6.790003776550293,-71.70236206054688,149.93484497070312,56.82484436035156,-73.26002502441406,163.46234130859375,-57.89999771118164,-73.30245971679688,165.41250610351562
1711476160.7008374,-2.7799997329711914,-71.17752075195312,149.5448455810547,6.790003776550293,-71.70236206054688,149.93484497070312,56.82484436035156,-73.26002502441406,163.46234130859375,-57.89999771118164,-73.30245971679688,165.41250610351562
1711476160.7107751,-2.7799997329711914,-71.17752075195312,149.5448455810547,6.790003776550293,-71.70236206054688,149.93484497070312,56.82484436035156,-73.26002502441406,163.46234130859375,-57.89999771118164,-73.30245971679688,165.41250610351562
1711476160.7208617,-2.7799997329711914,-71.17752075195312,149.5448455810547,6.790003776550293,-71.70236206054688,149.93484497070312,56.82484436035156,-73.26002502441406,163.46234130859375,-57.89999771118164,-73.30245971679688,165.41250610351562
1711476160.7308147,-2.7799997329711914,-71.17752075195312,149.5448455810547,6.790003776550293,-71.70236206054688,149.93484497070312,56.82484436035156,-73.26002502441406,163.46234130859375,-57.89999771118164,-73.30245971679688,165.41250610351562
1711476160.7407713,-2.7799997329711914,-71.17752075195312,149.5448455810547,6.790003776550293,-71.70236206054688,149.93484497070312,56.82484436035156,-73.26002502441406,163.46234130859375,-57.89999771118164,-73.30245971679688,165.41250610351562
1711476160.7507885,-2.7799997329711914,-71.17752075195312,149.5448455810547,6.790003776550293,-71.70236206054688,149.93484497070312,56.82484436035156,-73.26002502441406,163.46234130859375,-57.89999771118164,-73.30245971679688,165.41250610351562
1711476160.7608485,-2.7799997329711914,-71.17752075195312,149.5448455810547,6.790003776550293,-71.70236206054688,149.93484497070312,56.82484436035156,-73.26002502441406,163.46234130859375,-57.89999771118164,-73.30245971679688,165.41250610351562
1711476160.7707877,-2.7799997329711914,-71.17752075195312,149.5448455810547,6.790003776550293,-71.70236206054688,149.93484497070312,56.82484436035156,-73.26002502441406,163.46234130859375,-57.89999771118164,-73.30245971679688,165.41250610351562
1711476160.7808425,-2.7799997329711914,-71.17752075195312,149.5448455810547,6.790003776550293,-71.70236206054688,149.93484497070312,56.82484436035156,-73.26002502441406,163.46234130859375,-57.89999771118164,-73.30245971679688,165.41250610351562
1711476160.7908008,-2.7799997329711914,-71.17752075195312,149.5448455810547,6.790003776550293,-71.70236206054688,149.93484497070312,56.82484436035156,-73.26002502441406,163.46234130859375,-57.89999771118164,-73.30245971679688,165.41250610351562
1711476160.800778,-2.7799997329711914,-71.17752075195312,149.5448455810547,6.790003776550293,-71.70236206054688,149.93484497070312,56.82484436035156,-73.26002502441406,163.46234130859375,-57.89999771118164,-73.30245971679688,165.41250610351562
1711476160.8107908,-2.7799997329711914,-71.17752075195312,149.5448455810547,6.790003776550293,-71.70236206054688,149.93484497070312,56.82484436035156,-73.26002502441406,163.46234130859375,-57.89999771118164,-73.30245971679688,165.41250610351562
1711476160.8208213,-2.7799997329711914,-71.17752075195312,149.5448455810547,6.790003776550293,-71.70236206054688,149.93484497070312,56.82484436035156,-73.26002502441406,163.46234130859375,-57.89999771118164,-73.30245971679688,165.41250610351562
1711476160.8307784,-2.7799997329711914,-71.17752075195312,149.5448455810547,6.790003776550293,-71.70236206054688,149.93484497070312,56.82484436035156,-73.26002502441406,163.46234130859375,-57.89999771118164,-73.30245971679688,165.41250610351562
1711476160.8408523,-2.7799997329711914,-71.17752075195312,149.5448455810547,6.790003776550293,-71.70236206054688,149.93484497070312,56.82484436035156,-73.26002502441406,163.46234130859375,-57.89999771118164,-73.30245971679688,165.41250610351562
1711476160.8508022,-2.7799997329711914,-71.17752075195312,149.5448455810547,6.790003776550293,-71.70236206054688,149.93484497070312,56.82484436035156,-73.26002502441406,163.46234130859375,-57.89999771118164,-73.30245971679688,165.41250610351562
1711476160.8608103,-2.7799997329711914,-71.17752075195312,149.5448455810547,6.790003776550293,-71.70236206054688,149.93484497070312,56.82484436035156,-73.26002502441406,163.46234130859375,-57.89999771118164,-73.30245971679688,165.41250610351562
1711476160.8707857,-2.7799997329711914,-71.17752075195312,149.5448455810547,6.790003776550293,-71.70236206054688,149.93484497070312,56.82484436035156,-73.26002502441406,163.46234130859375,-57.89999771118164,-73.30245971679688,165.41250610351562
1711476160.8808053,-2.7799997329711914,-71.17752075195312,149.5448455810547,6.790003776550293,-71.70236206054688,149.93484497070312,56.82484436035156,-73.26002502441406,163.46234130859375,-57.89999771118164,-73.30245971679688,165.41250610351562
1711476160.8908439,-2.7799997329711914,-71.17752075195312,149.5448455810547,6.790003776550293,-71.70236206054688,149.93484497070312,56.82484436035156,-73.26002502441406,163.46234130859375,-57.89999771118164,-73.30245971679688,165.41250610351562
1711476160.9008389,-2.7799997329711914,-71.17752075195312,149.5448455810547,6.790003776550293,-71.70236206054688,149.93484497070312,56.82484436035156,-73.26002502441406,163.46234130859375,-57.89999771118164,-73.30245971679688,165.41250610351562
1711476160.910789,-2.7799997329711914,-71.17752075195312,149.5448455810547,6.790003776550293,-71.70236206054688,149.93484497070312,56.82484436035156,-73.26002502441406,163.46234130859375,-57.89999771118164,-73.30245971679688,165.41250610351562
1711476160.9208877,-2.7799997329711914,-71.17752075195312,149.5448455810547,6.790003776550293,-71.70236206054688,149.93484497070312,56.82484436035156,-73.26002502441406,163.46234130859375,-57.89999771118164,-73.30245971679688,165.41250610351562
1711476160.930811,-2.7799997329711914,-71.17752075195312,149.5448455810547,6.790003776550293,-71.70236206054688,149.93484497070312,56.82484436035156,-73.26002502441406,163.46234130859375,-57.89999771118164,-73.30245971679688,165.41250610351562
1711476160.940835,-2.7799997329711914,-71.17752075195312,149.5448455810547,6.790003776550293,-71.70236206054688,149.93484497070312,56.82484436035156,-73.26002502441406,163.46234130859375,-57.89999771118164,-73.30245971679688,165.41250610351562
1711476160.950833,-2.7799997329711914,-71.17752075195312,149.5448455810547,6.790003776550293,-71.70236206054688,149.93484497070312,56.82484436035156,-73.26002502441406,163.46234130859375,-57.89999771118164,-73.30245971679688,165.41250610351562
1711476160.960824,-2.7799997329711914,-71.17752075195312,149.5448455810547,6.790003776550293,-71.70236206054688,149.93484497070312,56.82484436035156,-73.26002502441406,163.46234130859375,-57.89999771118164,-73.30245971679688,165.41250610351562
1711476160.970808,-2.7799997329711914,-71.17752075195312,149.5448455810547,6.790003776550293,-71.70236206054688,149.93484497070312,56.82484436035156,-73.26002502441406,163.46234130859375,-57.89999771118164,-73.30245971679688,165.41250610351562
1711476160.9808064,-2.7799997329711914,-71.17752075195312,149.5448455810547,6.790003776550293,-71.70236206054688,149.93484497070312,56.82484436035156,-73.26002502441406,163.46234130859375,-57.89999771118164,-73.30245971679688,165.41250610351562
1711476160.9908445,-2.7799997329711914,-71.17752075195312,149.5448455810547,6.790003776550293,-71.70236206054688,149.93484497070312,56.82484436035156,-73.26002502441406,163.46234130859375,-57.89999771118164,-73.30245971679688,165.41250610351562
1711476161.0008042,-2.7799997329711914,-71.17752075195312,149.5448455810547,6.790003776550293,-71.70236206054688,149.93484497070312,56.82484436035156,-73.26002502441406,163.46234130859375,-57.89999771118164,-73.30245971679688,165.41250610351562
1711476161.0108137,-2.7799997329711914,-71.17752075195312,149.5448455810547,6.790003776550293,-71.70236206054688,149.93484497070312,56.82484436035156,-73.26002502441406,163.46234130859375,-57.89999771118164,-73.30245971679688,165.41250610351562
1711476161.0208812,-2.7799997329711914,-71.17752075195312,149.5448455810547,6.790003776550293,-71.70236206054688,149.93484497070312,56.82484436035156,-73.26002502441406,163.46234130859375,-57.89999771118164,-73.30245971679688,165.41250610351562
1711476161.030811,-2.7799997329711914,-71.17752075195312,149.5448455810547,6.790003776550293,-71.70236206054688,149.93484497070312,56.82484436035156,-73.26002502441406,163.46234130859375,-57.89999771118164,-73.30245971679688,165.41250610351562
1711476161.0408282,-2.7799997329711914,-71.17752075195312,149.5448455810547,6.790003776550293,-71.70236206054688,149.93484497070312,56.82484436035156,-73.26002502441406,163.46234130859375,-57.89999771118164,-73.30245971679688,165.41250610351562
1711476161.0507922,-2.7799997329711914,-71.17752075195312,149.5448455810547,6.790003776550293,-71.70236206054688,149.93484497070312,56.82484436035156,-73.26002502441406,163.46234130859375,-57.89999771118164,-73.30245971679688,165.41250610351562
1711476161.0608675,-2.7799997329711914,-71.17752075195312,149.5448455810547,6.790003776550293,-71.70236206054688,149.93484497070312,56.82484436035156,-73.26002502441406,163.46234130859375,-57.89999771118164,-73.30245971679688,165.41250610351562
1711476161.0708055,-2.7799997329711914,-71.17752075195312,149.5448455810547,6.790003776550293,-71.70236206054688,149.93484497070312,56.82484436035156,-73.26002502441406,163.46234130859375,-57.89999771118164,-73.30245971679688,165.41250610351562
1711476161.080883,-2.7799997329711914,-71.17752075195312,149.5448455810547,6.790003776550293,-71.70236206054688,149.93484497070312,56.82484436035156,-73.26002502441406,163.46234130859375,-57.89999771118164,-73.30245971679688,165.41250610351562
1711476161.0907953,-2.7799997329711914,-71.17752075195312,149.5448455810547,6.790003776550293,-71.70236206054688,149.93484497070312,56.82484436035156,-73.26002502441406,163.46234130859375,-57.89999771118164,-73.30245971679688,165.41250610351562
1711476161.100843,-2.7799997329711914,-71.17752075195312,149.5448455810547,6.790003776550293,-71.70236206054688,149.93484497070312,56.82484436035156,-73.26002502441406,163.46234130859375,-57.89999771118164,-73.30245971679688,165.41250610351562
1711476161.1108274,-2.7799997329711914,-71.17752075195312,149.5448455810547,6.790003776550293,-71.70236206054688,149.93484497070312,56.82484436035156,-73.26002502441406,163.46234130859375,-57.89999771118164,-73.30245971679688,165.41250610351562
1711476161.120885,-2.7799997329711914,-71.17752075195312,149.5448455810547,6.790003776550293,-71.70236206054688,149.93484497070312,56.82484436035156,-73.26002502441406,163.46234130859375,-57.89999771118164,-73.30245971679688,165.41250610351562
1711476161.1308215,-2.7799997329711914,-71.17752075195312,149.5448455810547,6.790003776550293,-71.70236206054688,149.93484497070312,56.82484436035156,-73.26002502441406,163.46234130859375,-57.89999771118164,-73.30245971679688,165.41250610351562
1711476161.1408448,-2.7799997329711914,-71.17752075195312,149.5448455810547,6.790003776550293,-71.70236206054688,149.93484497070312,56.82484436035156,-73.26002502441406,163.46234130859375,-57.89999771118164,-73.30245971679688,165.41250610351562
1711476161.1508188,-2.7799997329711914,-71.17752075195312,149.5448455810547,6.790003776550293,-71.70236206054688,149.93484497070312,56.82484436035156,-73.26002502441406,163.46234130859375,-57.89999771118164,-73.30245971679688,165.41250610351562
1711476161.160908,-2.7799997329711914,-71.17752075195312,149.5448455810547,6.790003776550293,-71.70236206054688,149.93484497070312,56.82484436035156,-73.26002502441406,163.46234130859375,-57.89999771118164,-73.30245971679688,165.41250610351562
1711476161.170793,-2.7799997329711914,-71.17752075195312,149.5448455810547,6.790003776550293,-71.70236206054688,149.93484497070312,56.82484436035156,-73.26002502441406,163.46234130859375,-57.89999771118164,-73.30245971679688,165.41250610351562
1711476161.180888,-2.7799997329711914,-71.17752075195312,149.5448455810547,6.790003776550293,-71.70236206054688,149.93484497070312,56.82484436035156,-73.26002502441406,163.46234130859375,-57.89999771118164,-73.30245971679688,165.41250610351562
1711476161.1908176,-2.7799997329711914,-71.17752075195312,149.5448455810547,6.790003776550293,-71.70236206054688,149.93484497070312,56.82484436035156,-73.26002502441406,163.46234130859375,-57.89999771118164,-73.30245971679688,165.41250610351562
1711476161.2008893,-2.7799997329711914,-71.17752075195312,149.5448455810547,6.790003776550293,-71.70236206054688,149.93484497070312,56.82484436035156,-73.26002502441406,163.46234130859375,-57.89999771118164,-73.30245971679688,165.41250610351562
1711476161.2107985,-2.7799997329711914,-71.17752075195312,149.5448455810547,6.790003776550293,-71.70236206054688,149.93484497070312,56.82484436035156,-73.26002502441406,163.46234130859375,-57.89999771118164,-73.30245971679688,165.41250610351562
1711476161.220922,-2.7799997329711914,-71.17752075195312,149.5448455810547,6.790003776550293,-71.70236206054688,149.93484497070312,56.82484436035156,-73.26002502441406,163.46234130859375,-57.89999771118164,-73.30245971679688,165.41250610351562
1711476161.2308278,-2.7799997329711914,-71.17752075195312,149.5448455810547,6.790003776550293,-71.70236206054688,149.93484497070312,56.82484436035156,-73.26002502441406,163.46234130859375,-57.89999771118164,-73.30245971679688,165.41250610351562
1711476161.2409604,-2.7799997329711914,-71.17752075195312,149.5448455810547,6.790003776550293,-71.70236206054688,149.93484497070312,56.82484436035156,-73.26002502441406,163.46234130859375,-57.89999771118164,-73.30245971679688,165.41250610351562
1711476161.2508266,-2.7799997329711914,-71.17752075195312,149.5448455810547,6.790003776550293,-71.70236206054688,149.93484497070312,56.82484436035156,-73.26002502441406,163.46234130859375,-57.89999771118164,-73.30245971679688,165.41250610351562
1711476161.260892,-2.7799997329711914,-71.17752075195312,149.5448455810547,6.790003776550293,-71.70236206054688,149.93484497070312,56.82484436035156,-73.26002502441406,163.46234130859375,-57.89999771118164,-73.30245971679688,165.41250610351562
1711476161.2708333,-2.7799997329711914,-71.17752075195312,149.5448455810547,6.790003776550293,-71.70236206054688,149.93484497070312,56.82484436035156,-73.26002502441406,163.46234130859375,-57.89999771118164,-73.30245971679688,165.41250610351562
1711476161.2808518,-2.7799997329711914,-71.17752075195312,149.5448455810547,6.790003776550293,-71.70236206054688,149.93484497070312,56.82484436035156,-73.26002502441406,163.46234130859375,-57.89999771118164,-73.30245971679688,165.41250610351562
1711476161.2908092,-2.7799997329711914,-71.17752075195312,149.5448455810547,6.790003776550293,-71.70236206054688,149.93484497070312,56.82484436035156,-73.26002502441406,163.46234130859375,-57.89999771118164,-73.30245971679688,165.41250610351562
1711476161.300835,-2.7799997329711914,-71.17752075195312,149.5448455810547,6.790003776550293,-71.70236206054688,149.93484497070312,56.82484436035156,-73.26002502441406,163.46234130859375,-57.89999771118164,-73.30245971679688,165.41250610351562
1711476161.3108165,-2.7799997329711914,-71.17752075195312,149.5448455810547,6.790003776550293,-71.70236206054688,149.93484497070312,56.82484436035156,-73.26002502441406,163.46234130859375,-57.89999771118164,-73.30245971679688,165.41250610351562
1711476161.3208902,-2.7799997329711914,-71.17752075195312,149.5448455810547,6.790003776550293,-71.70236206054688,149.93484497070312,56.82484436035156,-73.26002502441406,163.46234130859375,-57.89999771118164,-73.30245971679688,165.41250610351562
1711476161.3308246,-2.7799997329711914,-71.17752075195312,149.5448455810547,6.790003776550293,-71.70236206054688,149.93484497070312,56.82484436035156,-73.26002502441406,163.46234130859375,-57.89999771118164,-73.30245971679688,165.41250610351562
1711476161.3408601,-2.7799997329711914,-71.17752075195312,149.5448455810547,6.790003776550293,-71.70236206054688,149.93484497070312,56.82484436035156,-73.26002502441406,163.46234130859375,-57.89999771118164,-73.30245971679688,165.41250610351562
1711476161.3508556,-2.7799997329711914,-71.17752075195312,149.5448455810547,6.790003776550293,-71.70236206054688,149.93484497070312,56.82484436035156,-73.26002502441406,163.46234130859375,-57.89999771118164,-73.30245971679688,165.41250610351562
1711476161.360906,-2.7799997329711914,-71.17752075195312,149.5448455810547,6.790003776550293,-71.70236206054688,149.93484497070312,56.82484436035156,-73.26002502441406,163.46234130859375,-57.89999771118164,-73.30245971679688,165.41250610351562
1711476161.370805,-2.7799997329711914,-71.17752075195312,149.5448455810547,6.790003776550293,-71.70236206054688,149.93484497070312,56.82484436035156,-73.26002502441406,163.46234130859375,-57.89999771118164,-73.30245971679688,165.41250610351562
1711476161.3809264,-2.7799997329711914,-71.17752075195312,149.5448455810547,6.790003776550293,-71.70236206054688,149.93484497070312,56.82484436035156,-73.26002502441406,163.46234130859375,-57.89999771118164,-73.30245971679688,165.41250610351562
1711476161.3908312,-2.7799997329711914,-71.17752075195312,149.5448455810547,6.790003776550293,-71.70236206054688,149.93484497070312,56.82484436035156,-73.26002502441406,163.46234130859375,-57.89999771118164,-73.30245971679688,165.41250610351562
1711476161.4008558,-2.7799997329711914,-71.17752075195312,149.5448455810547,6.790003776550293,-71.70236206054688,149.93484497070312,56.82484436035156,-73.26002502441406,163.46234130859375,-57.89999771118164,-73.30245971679688,165.41250610351562
1711476161.410832,-2.7799997329711914,-71.17752075195312,149.5448455810547,6.790003776550293,-71.70236206054688,149.93484497070312,56.82484436035156,-73.26002502441406,163.46234130859375,-57.89999771118164,-73.30245971679688,165.41250610351562
1711476161.4208903,-2.7799997329711914,-71.17752075195312,149.5448455810547,6.790003776550293,-71.70236206054688,149.93484497070312,56.82484436035156,-73.26002502441406,163.46234130859375,-57.89999771118164,-73.30245971679688,165.41250610351562
1711476161.4308188,-2.7799997329711914,-71.17752075195312,149.5448455810547,6.790003776550293,-71.70236206054688,149.93484497070312,56.82484436035156,-73.26002502441406,163.46234130859375,-57.89999771118164,-73.30245971679688,165.41250610351562
1711476161.4408982,-2.7799997329711914,-71.17752075195312,149.5448455810547,6.790003776550293,-71.70236206054688,149.93484497070312,56.82484436035156,-73.26002502441406,163.46234130859375,-57.89999771118164,-73.30245971679688,165.41250610351562
1711476161.4508338,-2.7799997329711914,-71.17752075195312,149.5448455810547,6.790003776550293,-71.70236206054688,149.93484497070312,56.82484436035156,-73.26002502441406,163.46234130859375,-57.89999771118164,-73.30245971679688,165.41250610351562
1711476161.4608483,-2.7799997329711914,-71.17752075195312,149.5448455810547,6.790003776550293,-71.70236206054688,149.93484497070312,56.82484436035156,-73.26002502441406,163.46234130859375,-57.89999771118164,-73.30245971679688,165.41250610351562
1711476161.4708402,-2.7799997329711914,-71.17752075195312,149.5448455810547,6.790003776550293,-71.70236206054688,149.93484497070312,56.82484436035156,-73.26002502441406,163.46234130859375,-57.89999771118164,-73.30245971679688,165.41250610351562
1711476161.4808605,-2.7799997329711914,-71.17752075195312,149.5448455810547,6.790003776550293,-71.70236206054688,149.93484497070312,56.82484436035156,-73.26002502441406,163.46234130859375,-57.89999771118164,-73.30245971679688,165.41250610351562
1711476161.4908633,-2.7799997329711914,-71.17752075195312,149.5448455810547,6.790003776550293,-71.70236206054688,149.93484497070312,56.82484436035156,-73.26002502441406,163.46234130859375,-57.89999771118164,-73.30245971679688,165.41250610351562
1711476161.5008607,-2.7799997329711914,-71.17752075195312,149.5448455810547,6.790003776550293,-71.70236206054688,149.93484497070312,56.82484436035156,-73.26002502441406,163.46234130859375,-57.89999771118164,-73.30245971679688,165.41250610351562
1711476161.5108297,-2.7799997329711914,-71.17752075195312,149.5448455810547,6.790003776550293,-71.70236206054688,149.93484497070312,56.82484436035156,-73.26002502441406,163.46234130859375,-57.89999771118164,-73.30245971679688,165.41250610351562
1711476161.5209053,-2.7799997329711914,-71.17752075195312,149.5448455810547,6.790003776550293,-71.70236206054688,149.93484497070312,56.82484436035156,-73.26002502441406,163.46234130859375,-57.89999771118164,-73.30245971679688,165.41250610351562
1711476161.5308335,-2.7799997329711914,-71.17752075195312,149.5448455810547,6.790003776550293,-71.70236206054688,149.93484497070312,56.82484436035156,-73.26002502441406,163.46234130859375,-57.89999771118164,-73.30245971679688,165.41250610351562
1711476161.5408635,-2.7799997329711914,-71.17752075195312,149.5448455810547,6.790003776550293,-71.70236206054688,149.93484497070312,56.82484436035156,-73.26002502441406,163.46234130859375,-57.89999771118164,-73.30245971679688,165.41250610351562
1711476161.5508423,-2.7799997329711914,-71.17752075195312,149.5448455810547,6.790003776550293,-71.70236206054688,149.93484497070312,56.82484436035156,-73.26002502441406,163.46234130859375,-57.89999771118164,-73.30245971679688,165.41250610351562
1711476161.560898,-2.7799997329711914,-71.17752075195312,149.5448455810547,6.790003776550293,-71.70236206054688,149.93484497070312,56.82484436035156,-73.26002502441406,163.46234130859375,-57.89999771118164,-73.30245971679688,165.41250610351562
1711476161.5708327,-2.7799997329711914,-71.17752075195312,149.5448455810547,6.790003776550293,-71.70236206054688,149.93484497070312,56.82484436035156,-73.26002502441406,163.46234130859375,-57.89999771118164,-73.30245971679688,165.41250610351562
1711476161.5809002,-2.7799997329711914,-71.17752075195312,149.5448455810547,6.790003776550293,-71.70236206054688,149.93484497070312,56.82484436035156,-73.26002502441406,163.46234130859375,-57.89999771118164,-73.30245971679688,165.41250610351562
1711476161.5908513,-2.7799997329711914,-71.17752075195312,149.5448455810547,6.790003776550293,-71.70236206054688,149.93484497070312,56.82484436035156,-73.26002502441406,163.46234130859375,-57.89999771118164,-73.30245971679688,165.41250610351562
1711476161.6008782,-2.7799997329711914,-71.17752075195312,149.5448455810547,6.790003776550293,-71.70236206054688,149.93484497070312,56.82484436035156,-73.26002502441406,163.46234130859375,-57.89999771118164,-73.30245971679688,165.41250610351562
1711476161.610837,-2.7799997329711914,-71.17752075195312,149.5448455810547,6.790003776550293,-71.70236206054688,149.93484497070312,56.82484436035156,-73.26002502441406,163.46234130859375,-57.89999771118164,-73.30245971679688,165.41250610351562
1711476161.6208668,-2.7799997329711914,-71.17752075195312,149.5448455810547,6.790003776550293,-71.70236206054688,149.93484497070312,56.82484436035156,-73.26002502441406,163.46234130859375,-57.89999771118164,-73.30245971679688,165.41250610351562
1711476161.6308427,-2.7799997329711914,-71.17752075195312,149.5448455810547,6.790003776550293,-71.70236206054688,149.93484497070312,56.82484436035156,-73.26002502441406,163.46234130859375,-57.89999771118164,-73.30245971679688,165.41250610351562
1711476161.640947,-2.7799997329711914,-71.17752075195312,149.5448455810547,6.790003776550293,-71.70236206054688,149.93484497070312,56.82484436035156,-73.26002502441406,163.46234130859375,-57.89999771118164,-73.30245971679688,165.41250610351562
1711476161.650841,-2.7799997329711914,-71.17752075195312,149.5448455810547,6.790003776550293,-71.70236206054688,149.93484497070312,56.82484436035156,-73.26002502441406,163.46234130859375,-57.89999771118164,-73.30245971679688,165.41250610351562
1711476161.660847,-2.7799997329711914,-71.17752075195312,149.5448455810547,6.790003776550293,-71.70236206054688,149.93484497070312,56.82484436035156,-73.26002502441406,163.46234130859375,-57.89999771118164,-73.30245971679688,165.41250610351562
1711476161.6708438,-2.7799997329711914,-71.17752075195312,149.5448455810547,6.790003776550293,-71.70236206054688,149.93484497070312,56.82484436035156,-73.26002502441406,163.46234130859375,-57.89999771118164,-73.30245971679688,165.41250610351562
1711476161.6808293,-2.7799997329711914,-71.17752075195312,149.5448455810547,6.790003776550293,-71.70236206054688,149.93484497070312,56.82484436035156,-73.26002502441406,163.46234130859375,-57.89999771118164,-73.30245971679688,165.41250610351562
1711476161.690826,-2.7799997329711914,-71.17752075195312,149.5448455810547,6.790003776550293,-71.70236206054688,149.93484497070312,56.82484436035156,-73.26002502441406,163.46234130859375,-57.89999771118164,-73.30245971679688,165.41250610351562
1711476161.7009308,-2.7799997329711914,-71.17752075195312,149.5448455810547,6.790003776550293,-71.70236206054688,149.93484497070312,56.82484436035156,-73.26002502441406,163.46234130859375,-57.89999771118164,-73.30245971679688,165.41250610351562
1711476161.7108307,-2.7799997329711914,-71.17752075195312,149.5448455810547,6.790003776550293,-71.70236206054688,149.93484497070312,56.82484436035156,-73.26002502441406,163.46234130859375,-57.89999771118164,-73.30245971679688,165.41250610351562
1711476161.720884,-2.7799997329711914,-71.17752075195312,149.5448455810547,6.790003776550293,-71.70236206054688,149.93484497070312,56.82484436035156,-73.26002502441406,163.46234130859375,-57.89999771118164,-73.30245971679688,165.41250610351562
1711476161.7308176,-2.7799997329711914,-71.17752075195312,149.5448455810547,6.790003776550293,-71.70236206054688,149.93484497070312,56.82484436035156,-73.26002502441406,163.46234130859375,-57.89999771118164,-73.30245971679688,165.41250610351562
1711476161.7408824,-2.7799997329711914,-71.17752075195312,149.5448455810547,6.790003776550293,-71.70236206054688,149.93484497070312,56.82484436035156,-73.26002502441406,163.46234130859375,-57.89999771118164,-73.30245971679688,165.41250610351562
1711476161.7508347,-2.7799997329711914,-71.17752075195312,149.5448455810547,6.790003776550293,-71.70236206054688,149.93484497070312,56.82484436035156,-73.26002502441406,163.46234130859375,-57.89999771118164,-73.30245971679688,165.41250610351562
1711476161.7608776,-2.7799997329711914,-71.17752075195312,149.5448455810547,6.790003776550293,-71.70236206054688,149.93484497070312,56.82484436035156,-73.26002502441406,163.46234130859375,-57.89999771118164,-73.30245971679688,165.41250610351562
1711476161.7708182,-2.7799997329711914,-71.17752075195312,149.5448455810547,6.790003776550293,-71.70236206054688,149.93484497070312,56.82484436035156,-73.26002502441406,163.46234130859375,-57.89999771118164,-73.30245971679688,165.41250610351562
1711476161.7808294,-2.7799997329711914,-71.17752075195312,149.5448455810547,6.790003776550293,-71.70236206054688,149.93484497070312,56.82484436035156,-73.26002502441406,163.46234130859375,-57.89999771118164,-73.30245971679688,165.41250610351562
1711476161.790829,-2.7799997329711914,-71.17752075195312,149.5448455810547,6.790003776550293,-71.70236206054688,149.93484497070312,56.82484436035156,-73.26002502441406,163.46234130859375,-57.89999771118164,-73.30245971679688,165.41250610351562
1711476161.800849,-2.7799997329711914,-71.17752075195312,149.5448455810547,6.790003776550293,-71.70236206054688,149.93484497070312,56.82484436035156,-73.26002502441406,163.46234130859375,-57.89999771118164,-73.30245971679688,165.41250610351562
1711476161.8108292,-2.7799997329711914,-71.17752075195312,149.5448455810547,6.790003776550293,-71.70236206054688,149.93484497070312,56.82484436035156,-73.26002502441406,163.46234130859375,-57.89999771118164,-73.30245971679688,165.41250610351562
1711476161.820875,-2.7799997329711914,-71.17752075195312,149.5448455810547,6.790003776550293,-71.70236206054688,149.93484497070312,56.82484436035156,-73.26002502441406,163.46234130859375,-57.89999771118164,-73.30245971679688,165.41250610351562
1711476161.8308218,-2.7799997329711914,-71.17752075195312,149.5448455810547,6.790003776550293,-71.70236206054688,149.93484497070312,56.82484436035156,-73.26002502441406,163.46234130859375,-57.89999771118164,-73.30245971679688,165.41250610351562
1711476161.8408656,-2.7799997329711914,-71.17752075195312,149.5448455810547,6.790003776550293,-71.70236206054688,149.93484497070312,56.82484436035156,-73.26002502441406,163.46234130859375,-57.89999771118164,-73.30245971679688,165.41250610351562
1711476161.8508346,-2.7799997329711914,-71.17752075195312,149.5448455810547,6.790003776550293,-71.70236206054688,149.93484497070312,56.82484436035156,-73.26002502441406,163.46234130859375,-57.89999771118164,-73.30245971679688,165.41250610351562
1711476161.8608456,-2.7799997329711914,-71.17752075195312,149.5448455810547,6.790003776550293,-71.70236206054688,149.93484497070312,56.82484436035156,-73.26002502441406,163.46234130859375,-57.89999771118164,-73.30245971679688,165.41250610351562
1711476161.8708463,-2.7799997329711914,-71.17752075195312,149.5448455810547,6.790003776550293,-71.70236206054688,149.93484497070312,56.82484436035156,-73.26002502441406,163.46234130859375,-57.89999771118164,-73.30245971679688,165.41250610351562
1711476161.8808353,-2.7799997329711914,-71.17752075195312,149.5448455810547,6.790003776550293,-71.70236206054688,149.93484497070312,56.82484436035156,-73.26002502441406,163.46234130859375,-57.89999771118164,-73.30245971679688,165.41250610351562
1711476161.8908405,-2.7799997329711914,-71.17752075195312,149.5448455810547,6.790003776550293,-71.70236206054688,149.93484497070312,56.82484436035156,-73.26002502441406,163.46234130859375,-57.89999771118164,-73.30245971679688,165.41250610351562
1711476161.9008586,-2.7799997329711914,-71.17752075195312,149.5448455810547,6.790003776550293,-71.70236206054688,149.93484497070312,56.82484436035156,-73.26002502441406,163.46234130859375,-57.89999771118164,-73.30245971679688,165.41250610351562
1711476161.9108326,-2.7799997329711914,-71.17752075195312,149.5448455810547,6.790003776550293,-71.70236206054688,149.93484497070312,56.82484436035156,-73.26002502441406,163.46234130859375,-57.89999771118164,-73.30245971679688,165.41250610351562
1711476161.9208896,-2.7799997329711914,-71.17752075195312,149.5448455810547,6.790003776550293,-71.70236206054688,149.93484497070312,56.82484436035156,-73.26002502441406,163.46234130859375,-57.89999771118164,-73.30245971679688,165.41250610351562
1711476161.9308498,-2.7799997329711914,-71.17752075195312,149.5448455810547,6.790003776550293,-71.70236206054688,149.93484497070312,56.82484436035156,-73.26002502441406,163.46234130859375,-57.89999771118164,-73.30245971679688,165.41250610351562
1711476161.9408402,-2.7799997329711914,-71.17752075195312,149.5448455810547,6.790003776550293,-71.70236206054688,149.93484497070312,56.82484436035156,-73.26002502441406,163.46234130859375,-57.89999771118164,-73.30245971679688,165.41250610351562
1711476161.9508438,-2.7799997329711914,-71.17752075195312,149.5448455810547,6.790003776550293,-71.70236206054688,149.93484497070312,56.82484436035156,-73.26002502441406,163.46234130859375,-57.89999771118164,-73.30245971679688,165.41250610351562
1711476161.9608493,-2.7799997329711914,-71.17752075195312,149.5448455810547,6.790003776550293,-71.70236206054688,149.93484497070312,56.82484436035156,-73.26002502441406,163.46234130859375,-57.89999771118164,-73.30245971679688,165.41250610351562
1711476161.970838,-2.7799997329711914,-71.17752075195312,149.5448455810547,6.790003776550293,-71.70236206054688,149.93484497070312,56.82484436035156,-73.26002502441406,163.46234130859375,-57.89999771118164,-73.30245971679688,165.41250610351562
1711476161.9808452,-2.7799997329711914,-71.17752075195312,149.5448455810547,6.790003776550293,-71.70236206054688,149.93484497070312,56.82484436035156,-73.26002502441406,163.46234130859375,-57.89999771118164,-73.30245971679688,165.41250610351562
1711476161.990853,-2.7799997329711914,-71.17752075195312,149.5448455810547,6.790003776550293,-71.70236206054688,149.93484497070312,56.82484436035156,-73.26002502441406,163.46234130859375,-57.89999771118164,-73.30245971679688,165.41250610351562
1711476162.0008564,-2.7799997329711914,-71.17752075195312,149.5448455810547,6.790003776550293,-71.70236206054688,149.93484497070312,56.82484436035156,-73.26002502441406,163.46234130859375,-57.89999771118164,-73.30245971679688,165.41250610351562
1711476162.0108488,-2.7799997329711914,-71.17752075195312,149.5448455810547,6.790003776550293,-71.70236206054688,149.93484497070312,56.82484436035156,-73.26002502441406,163.46234130859375,-57.89999771118164,-73.30245971679688,165.41250610351562
1711476162.020857,-2.7799997329711914,-71.17752075195312,149.5448455810547,6.790003776550293,-71.70236206054688,149.93484497070312,56.82484436035156,-73.26002502441406,163.46234130859375,-57.89999771118164,-73.30245971679688,165.41250610351562
1711476162.0308356,-2.7799997329711914,-71.17752075195312,149.5448455810547,6.790003776550293,-71.70236206054688,149.93484497070312,56.82484436035156,-73.26002502441406,163.46234130859375,-57.89999771118164,-73.30245971679688,165.41250610351562
1711476162.040967,-2.7799997329711914,-71.17752075195312,149.5448455810547,6.790003776550293,-71.70236206054688,149.93484497070312,56.82484436035156,-73.26002502441406,163.46234130859375,-57.89999771118164,-73.30245971679688,165.41250610351562
1711476162.0508428,-2.7799997329711914,-71.17752075195312,149.5448455810547,6.790003776550293,-71.70236206054688,149.93484497070312,56.82484436035156,-73.26002502441406,163.46234130859375,-57.89999771118164,-73.30245971679688,165.41250610351562
1711476162.060832,-2.7799997329711914,-71.17752075195312,149.5448455810547,6.790003776550293,-71.70236206054688,149.93484497070312,56.82484436035156,-73.26002502441406,163.46234130859375,-57.89999771118164,-73.30245971679688,165.41250610351562
1711476162.0708504,-2.7799997329711914,-71.17752075195312,149.5448455810547,6.790003776550293,-71.70236206054688,149.93484497070312,56.82484436035156,-73.26002502441406,163.46234130859375,-57.89999771118164,-73.30245971679688,165.41250610351562
1711476162.080865,-2.7799997329711914,-71.17752075195312,149.5448455810547,6.790003776550293,-71.70236206054688,149.93484497070312,56.82484436035156,-73.26002502441406,163.46234130859375,-57.89999771118164,-73.30245971679688,165.41250610351562
1711476162.090836,-2.7799997329711914,-71.17752075195312,149.5448455810547,6.790003776550293,-71.70236206054688,149.93484497070312,56.82484436035156,-73.26002502441406,163.46234130859375,-57.89999771118164,-73.30245971679688,165.41250610351562
1711476162.1009033,-2.7799997329711914,-71.17752075195312,149.5448455810547,6.790003776550293,-71.70236206054688,149.93484497070312,56.82484436035156,-73.26002502441406,163.46234130859375,-57.89999771118164,-73.30245971679688,165.41250610351562
1711476162.110855,-2.7799997329711914,-71.17752075195312,149.5448455810547,6.790003776550293,-71.70236206054688,149.93484497070312,56.82484436035156,-73.26002502441406,163.46234130859375,-57.89999771118164,-73.30245971679688,165.41250610351562
1711476162.1208372,-2.7799997329711914,-71.17752075195312,149.5448455810547,6.790003776550293,-71.70236206054688,149.93484497070312,56.82484436035156,-73.26002502441406,163.46234130859375,-57.89999771118164,-73.30245971679688,165.41250610351562
1711476162.1308746,-2.7799997329711914,-71.17752075195312,149.5448455810547,6.790003776550293,-71.70236206054688,149.93484497070312,56.82484436035156,-73.26002502441406,163.46234130859375,-57.89999771118164,-73.30245971679688,165.41250610351562
1711476162.1408656,-2.7799997329711914,-71.17752075195312,149.5448455810547,6.790003776550293,-71.70236206054688,149.93484497070312,56.82484436035156,-73.26002502441406,163.46234130859375,-57.89999771118164,-73.30245971679688,165.41250610351562
1711476162.1508396,-2.7799997329711914,-71.17752075195312,149.5448455810547,6.790003776550293,-71.70236206054688,149.93484497070312,56.82484436035156,-73.26002502441406,163.46234130859375,-57.89999771118164,-73.30245971679688,165.41250610351562
1711476162.160873,-2.7799997329711914,-71.17752075195312,149.5448455810547,6.790003776550293,-71.70236206054688,149.93484497070312,56.82484436035156,-73.26002502441406,163.46234130859375,-57.89999771118164,-73.30245971679688,165.41250610351562
1711476162.170885,-2.7799997329711914,-71.17752075195312,149.5448455810547,6.790003776550293,-71.70236206054688,149.93484497070312,56.82484436035156,-73.26002502441406,163.46234130859375,-57.89999771118164,-73.30245971679688,165.41250610351562
1711476162.1808774,-2.7799997329711914,-71.17752075195312,149.5448455810547,6.790003776550293,-71.70236206054688,149.93484497070312,56.82484436035156,-73.26002502441406,163.46234130859375,-57.89999771118164,-73.30245971679688,165.41250610351562
1711476162.1908493,-2.7799997329711914,-71.17752075195312,149.5448455810547,6.790003776550293,-71.70236206054688,149.93484497070312,56.82484436035156,-73.26002502441406,163.46234130859375,-57.89999771118164,-73.30245971679688,165.41250610351562
1711476162.2008767,-2.7799997329711914,-71.17752075195312,149.5448455810547,6.790003776550293,-71.70236206054688,149.93484497070312,56.82484436035156,-73.26002502441406,163.46234130859375,-57.89999771118164,-73.30245971679688,165.41250610351562
1711476162.2108564,-2.7799997329711914,-71.17752075195312,149.5448455810547,6.790003776550293,-71.70236206054688,149.93484497070312,56.82484436035156,-73.26002502441406,163.46234130859375,-57.89999771118164,-73.30245971679688,165.41250610351562
1711476162.2208655,-2.7799997329711914,-71.17752075195312,149.5448455810547,6.790003776550293,-71.70236206054688,149.93484497070312,56.82484436035156,-73.26002502441406,163.46234130859375,-57.89999771118164,-73.30245971679688,165.41250610351562
1711476162.2308626,-2.7799997329711914,-71.17752075195312,149.5448455810547,6.790003776550293,-71.70236206054688,149.93484497070312,56.82484436035156,-73.26002502441406,163.46234130859375,-57.89999771118164,-73.30245971679688,165.41250610351562
1711476162.2408535,-2.7799997329711914,-71.17752075195312,149.5448455810547,6.790003776550293,-71.70236206054688,149.93484497070312,56.82484436035156,-73.26002502441406,163.46234130859375,-57.89999771118164,-73.30245971679688,165.41250610351562
1711476162.2508738,-2.7799997329711914,-71.17752075195312,149.5448455810547,6.790003776550293,-71.70236206054688,149.93484497070312,56.82484436035156,-73.26002502441406,163.46234130859375,-57.89999771118164,-73.30245971679688,165.41250610351562
1711476162.2608654,-2.7799997329711914,-71.17752075195312,149.5448455810547,6.790003776550293,-71.70236206054688,149.93484497070312,56.82484436035156,-73.26002502441406,163.46234130859375,-57.89999771118164,-73.30245971679688,165.41250610351562
1711476162.270862,-2.7799997329711914,-71.17752075195312,149.5448455810547,6.790003776550293,-71.70236206054688,149.93484497070312,56.82484436035156,-73.26002502441406,163.46234130859375,-57.89999771118164,-73.30245971679688,165.41250610351562
1711476162.2808738,-2.7799997329711914,-71.17752075195312,149.5448455810547,6.790003776550293,-71.70236206054688,149.93484497070312,56.82484436035156,-73.26002502441406,163.46234130859375,-57.89999771118164,-73.30245971679688,165.41250610351562
1711476162.2908769,-2.7799997329711914,-71.17752075195312,149.5448455810547,6.790003776550293,-71.70236206054688,149.93484497070312,56.82484436035156,-73.26002502441406,163.46234130859375,-57.89999771118164,-73.30245971679688,165.41250610351562
1711476162.3009112,-2.7799997329711914,-71.17752075195312,149.5448455810547,6.790003776550293,-71.70236206054688,149.93484497070312,56.82484436035156,-73.26002502441406,163.46234130859375,-57.89999771118164,-73.30245971679688,165.41250610351562
1711476162.3108618,-2.7799997329711914,-71.17752075195312,149.5448455810547,6.790003776550293,-71.70236206054688,149.93484497070312,56.82484436035156,-73.26002502441406,163.46234130859375,-57.89999771118164,-73.30245971679688,165.41250610351562
1711476162.320862,-2.7799997329711914,-71.17752075195312,149.5448455810547,6.790003776550293,-71.70236206054688,149.93484497070312,56.82484436035156,-73.26002502441406,163.46234130859375,-57.89999771118164,-73.30245971679688,165.41250610351562
1711476162.3308575,-2.7799997329711914,-71.17752075195312,149.5448455810547,6.790003776550293,-71.70236206054688,149.93484497070312,56.82484436035156,-73.26002502441406,163.46234130859375,-57.89999771118164,-73.30245971679688,165.41250610351562
1711476162.3408864,-2.7799997329711914,-71.17752075195312,149.5448455810547,6.790003776550293,-71.70236206054688,149.93484497070312,56.82484436035156,-73.26002502441406,163.46234130859375,-57.89999771118164,-73.30245971679688,165.41250610351562
1711476162.3508706,-2.7799997329711914,-71.17752075195312,149.5448455810547,6.790003776550293,-71.70236206054688,149.93484497070312,56.82484436035156,-73.26002502441406,163.46234130859375,-57.89999771118164,-73.30245971679688,165.41250610351562
1711476162.360876,-2.7799997329711914,-71.17752075195312,149.5448455810547,6.790003776550293,-71.70236206054688,149.93484497070312,56.82484436035156,-73.26002502441406,163.46234130859375,-57.89999771118164,-73.30245971679688,165.41250610351562
1711476162.370866,-2.7799997329711914,-71.17752075195312,149.5448455810547,6.790003776550293,-71.70236206054688,149.93484497070312,56.82484436035156,-73.26002502441406,163.46234130859375,-57.89999771118164,-73.30245971679688,165.41250610351562
1711476162.3808978,-2.7799997329711914,-71.17752075195312,149.5448455810547,6.790003776550293,-71.70236206054688,149.93484497070312,56.82484436035156,-73.26002502441406,163.46234130859375,-57.89999771118164,-73.30245971679688,165.41250610351562
1711476162.3908656,-2.7799997329711914,-71.17752075195312,149.5448455810547,6.790003776550293,-71.70236206054688,149.93484497070312,56.82484436035156,-73.26002502441406,163.46234130859375,-57.89999771118164,-73.30245971679688,165.41250610351562
1711476162.4008772,-2.7799997329711914,-71.17752075195312,149.5448455810547,6.790003776550293,-71.70236206054688,149.93484497070312,56.82484436035156,-73.26002502441406,163.46234130859375,-57.89999771118164,-73.30245971679688,165.41250610351562
1711476162.4108682,-2.7799997329711914,-71.17752075195312,149.5448455810547,6.790003776550293,-71.70236206054688,149.93484497070312,56.82484436035156,-73.26002502441406,163.46234130859375,-57.89999771118164,-73.30245971679688,165.41250610351562
1711476162.4208877,-2.7799997329711914,-71.17752075195312,149.5448455810547,6.790003776550293,-71.70236206054688,149.93484497070312,56.82484436035156,-73.26002502441406,163.46234130859375,-57.89999771118164,-73.30245971679688,165.41250610351562
1711476162.430885,-2.7799997329711914,-71.17752075195312,149.5448455810547,6.790003776550293,-71.70236206054688,149.93484497070312,56.82484436035156,-73.26002502441406,163.46234130859375,-57.89999771118164,-73.30245971679688,165.41250610351562
1711476162.4408672,-2.7799997329711914,-71.17752075195312,149.5448455810547,6.790003776550293,-71.70236206054688,149.93484497070312,56.82484436035156,-73.26002502441406,163.46234130859375,-57.89999771118164,-73.30245971679688,165.41250610351562
1711476162.4508557,-2.7799997329711914,-71.17752075195312,149.5448455810547,6.790003776550293,-71.70236206054688,149.93484497070312,56.82484436035156,-73.26002502441406,163.46234130859375,-57.89999771118164,-73.30245971679688,165.41250610351562
1711476162.4608834,-2.7799997329711914,-71.17752075195312,149.5448455810547,6.790003776550293,-71.70236206054688,149.93484497070312,56.82484436035156,-73.26002502441406,163.46234130859375,-57.89999771118164,-73.30245971679688,165.41250610351562
1711476162.470871,-2.7799997329711914,-71.17752075195312,149.5448455810547,6.790003776550293,-71.70236206054688,149.93484497070312,56.82484436035156,-73.26002502441406,163.46234130859375,-57.89999771118164,-73.30245971679688,165.41250610351562
1711476162.4808521,-2.7799997329711914,-71.17752075195312,149.5448455810547,6.790003776550293,-71.70236206054688,149.93484497070312,56.82484436035156,-73.26002502441406,163.46234130859375,-57.89999771118164,-73.30245971679688,165.41250610351562
1711476162.4908638,-2.7799997329711914,-71.17752075195312,149.5448455810547,6.790003776550293,-71.70236206054688,149.93484497070312,56.82484436035156,-73.26002502441406,163.46234130859375,-57.89999771118164,-73.30245971679688,165.41250610351562
1711476162.5008767,-2.7799997329711914,-71.17752075195312,149.5448455810547,6.790003776550293,-71.70236206054688,149.93484497070312,56.82484436035156,-73.26002502441406,163.46234130859375,-57.89999771118164,-73.30245971679688,165.41250610351562
1711476162.5108848,-2.7799997329711914,-71.17752075195312,149.5448455810547,6.790003776550293,-71.70236206054688,149.93484497070312,56.82484436035156,-73.26002502441406,163.46234130859375,-57.89999771118164,-73.30245971679688,165.41250610351562
1711476162.5208974,-2.7799997329711914,-71.17752075195312,149.5448455810547,6.790003776550293,-71.70236206054688,149.93484497070312,56.82484436035156,-73.26002502441406,163.46234130859375,-57.89999771118164,-73.30245971679688,165.41250610351562
1711476162.530884,-2.7799997329711914,-71.17752075195312,149.5448455810547,6.790003776550293,-71.70236206054688,149.93484497070312,56.82484436035156,-73.26002502441406,163.46234130859375,-57.89999771118164,-73.30245971679688,165.41250610351562
1711476162.5408988,-2.7799997329711914,-71.17752075195312,149.5448455810547,6.790003776550293,-71.70236206054688,149.93484497070312,56.82484436035156,-73.26002502441406,163.46234130859375,-57.89999771118164,-73.30245971679688,165.41250610351562
1711476162.5508673,-2.7799997329711914,-71.17752075195312,149.5448455810547,6.790003776550293,-71.70236206054688,149.93484497070312,56.82484436035156,-73.26002502441406,163.46234130859375,-57.89999771118164,-73.30245971679688,165.41250610351562
1711476162.5608742,-2.7799997329711914,-71.17752075195312,149.5448455810547,6.790003776550293,-71.70236206054688,149.93484497070312,56.82484436035156,-73.26002502441406,163.46234130859375,-57.89999771118164,-73.30245971679688,165.41250610351562
1711476162.5708704,-2.7799997329711914,-71.17752075195312,149.5448455810547,6.790003776550293,-71.70236206054688,149.93484497070312,56.82484436035156,-73.26002502441406,163.46234130859375,-57.89999771118164,-73.30245971679688,165.41250610351562
1711476162.580881,-2.7799997329711914,-71.17752075195312,149.5448455810547,6.790003776550293,-71.70236206054688,149.93484497070312,56.82484436035156,-73.26002502441406,163.46234130859375,-57.89999771118164,-73.30245971679688,165.41250610351562
1711476162.5908718,-2.7799997329711914,-71.17752075195312,149.5448455810547,6.790003776550293,-71.70236206054688,149.93484497070312,56.82484436035156,-73.26002502441406,163.46234130859375,-57.89999771118164,-73.30245971679688,165.41250610351562
1711476162.600959,-2.7799997329711914,-71.17752075195312,149.5448455810547,6.790003776550293,-71.70236206054688,149.93484497070312,56.82484436035156,-73.26002502441406,163.46234130859375,-57.89999771118164,-73.30245971679688,165.41250610351562
1711476162.6108751,-2.7799997329711914,-71.17752075195312,149.5448455810547,6.790003776550293,-71.70236206054688,149.93484497070312,56.82484436035156,-73.26002502441406,163.46234130859375,-57.89999771118164,-73.30245971679688,165.41250610351562
1711476162.620894,-2.7799997329711914,-71.17752075195312,149.5448455810547,6.790003776550293,-71.70236206054688,149.93484497070312,56.82484436035156,-73.26002502441406,163.46234130859375,-57.89999771118164,-73.30245971679688,165.41250610351562
1711476162.630945,-2.7799997329711914,-71.17752075195312,149.5448455810547,6.790003776550293,-71.70236206054688,149.93484497070312,56.82484436035156,-73.26002502441406,163.46234130859375,-57.89999771118164,-73.30245971679688,165.41250610351562
1711476162.640874,-2.7799997329711914,-71.17752075195312,149.5448455810547,6.790003776550293,-71.70236206054688,149.93484497070312,56.82484436035156,-73.26002502441406,163.46234130859375,-57.89999771118164,-73.30245971679688,165.41250610351562
1711476162.650887,-2.7799997329711914,-71.17752075195312,149.5448455810547,6.790003776550293,-71.70236206054688,149.93484497070312,56.82484436035156,-73.26002502441406,163.46234130859375,-57.89999771118164,-73.30245971679688,165.41250610351562
1711476162.6609356,-2.7799997329711914,-71.17752075195312,149.5448455810547,6.790003776550293,-71.70236206054688,149.93484497070312,56.82484436035156,-73.26002502441406,163.46234130859375,-57.89999771118164,-73.30245971679688,165.41250610351562
1711476162.670864,-2.7799997329711914,-71.17752075195312,149.5448455810547,6.790003776550293,-71.70236206054688,149.93484497070312,56.82484436035156,-73.26002502441406,163.46234130859375,-57.89999771118164,-73.30245971679688,165.41250610351562
1711476162.6808827,-2.7799997329711914,-71.17752075195312,149.5448455810547,6.790003776550293,-71.70236206054688,149.93484497070312,56.82484436035156,-73.26002502441406,163.46234130859375,-57.89999771118164,-73.30245971679688,165.41250610351562
1711476162.6908782,-2.7799997329711914,-71.17752075195312,149.5448455810547,6.790003776550293,-71.70236206054688,149.93484497070312,56.82484436035156,-73.26002502441406,163.46234130859375,-57.89999771118164,-73.30245971679688,165.41250610351562
1711476162.7008793,-2.7799997329711914,-71.17752075195312,149.5448455810547,6.790003776550293,-71.70236206054688,149.93484497070312,56.82484436035156,-73.26002502441406,163.46234130859375,-57.89999771118164,-73.30245971679688,165.41250610351562
1711476162.7109475,-2.7799997329711914,-71.17752075195312,149.5448455810547,6.790003776550293,-71.70236206054688,149.93484497070312,56.82484436035156,-73.26002502441406,163.46234130859375,-57.89999771118164,-73.30245971679688,165.41250610351562
1711476162.7209194,-2.7799997329711914,-71.17752075195312,149.5448455810547,6.790003776550293,-71.70236206054688,149.93484497070312,56.82484436035156,-73.26002502441406,163.46234130859375,-57.89999771118164,-73.30245971679688,165.41250610351562
1711476162.7308784,-2.7799997329711914,-71.17752075195312,149.5448455810547,6.790003776550293,-71.70236206054688,149.93484497070312,56.82484436035156,-73.26002502441406,163.46234130859375,-57.89999771118164,-73.30245971679688,165.41250610351562
1711476162.7408912,-2.7799997329711914,-71.17752075195312,149.5448455810547,6.790003776550293,-71.70236206054688,149.93484497070312,56.82484436035156,-73.26002502441406,163.46234130859375,-57.89999771118164,-73.30245971679688,165.41250610351562
1711476162.7508996,-2.7799997329711914,-71.17752075195312,149.5448455810547,6.790003776550293,-71.70236206054688,149.93484497070312,56.82484436035156,-73.26002502441406,163.46234130859375,-57.89999771118164,-73.30245971679688,165.41250610351562
1711476162.7608995,-2.7799997329711914,-71.17752075195312,149.5448455810547,6.790003776550293,-71.70236206054688,149.93484497070312,56.82484436035156,-73.26002502441406,163.46234130859375,-57.89999771118164,-73.30245971679688,165.41250610351562
1711476162.7708917,-2.7799997329711914,-71.17752075195312,149.5448455810547,6.790003776550293,-71.70236206054688,149.93484497070312,56.82484436035156,-73.26002502441406,163.46234130859375,-57.89999771118164,-73.30245971679688,165.41250610351562
1711476162.7808738,-2.7799997329711914,-71.17752075195312,149.5448455810547,6.790003776550293,-71.70236206054688,149.93484497070312,56.82484436035156,-73.26002502441406,163.46234130859375,-57.89999771118164,-73.30245971679688,165.41250610351562
1711476162.7908895,-2.7799997329711914,-71.17752075195312,149.5448455810547,6.790003776550293,-71.70236206054688,149.93484497070312,56.82484436035156,-73.26002502441406,163.46234130859375,-57.89999771118164,-73.30245971679688,165.41250610351562
1711476162.8008964,-2.7799997329711914,-71.17752075195312,149.5448455810547,6.790003776550293,-71.70236206054688,149.93484497070312,56.82484436035156,-73.26002502441406,163.46234130859375,-57.89999771118164,-73.30245971679688,165.41250610351562
1711476162.8108985,-2.7799997329711914,-71.17752075195312,149.5448455810547,6.790003776550293,-71.70236206054688,149.93484497070312,56.82484436035156,-73.26002502441406,163.46234130859375,-57.89999771118164,-73.30245971679688,165.41250610351562
1711476162.820886,-2.7799997329711914,-71.17752075195312,149.5448455810547,6.790003776550293,-71.70236206054688,149.93484497070312,56.82484436035156,-73.26002502441406,163.46234130859375,-57.89999771118164,-73.30245971679688,165.41250610351562
1711476162.8308907,-2.7799997329711914,-71.17752075195312,149.5448455810547,6.790003776550293,-71.70236206054688,149.93484497070312,56.82484436035156,-73.26002502441406,163.46234130859375,-57.89999771118164,-73.30245971679688,165.41250610351562
1711476162.8408878,-2.7799997329711914,-71.17752075195312,149.5448455810547,6.790003776550293,-71.70236206054688,149.93484497070312,56.82484436035156,-73.26002502441406,163.46234130859375,-57.89999771118164,-73.30245971679688,165.41250610351562
1711476162.8508852,-2.7799997329711914,-71.17752075195312,149.5448455810547,6.790003776550293,-71.70236206054688,149.93484497070312,56.82484436035156,-73.26002502441406,163.46234130859375,-57.89999771118164,-73.30245971679688,165.41250610351562
1711476162.8608792,-2.7799997329711914,-71.17752075195312,149.5448455810547,6.790003776550293,-71.70236206054688,149.93484497070312,56.82484436035156,-73.26002502441406,163.46234130859375,-57.89999771118164,-73.30245971679688,165.41250610351562
1711476162.870883,-2.7799997329711914,-71.17752075195312,149.5448455810547,6.790003776550293,-71.70236206054688,149.93484497070312,56.82484436035156,-73.26002502441406,163.46234130859375,-57.89999771118164,-73.30245971679688,165.41250610351562
1711476162.8809083,-2.7799997329711914,-71.17752075195312,149.5448455810547,6.790003776550293,-71.70236206054688,149.93484497070312,56.82484436035156,-73.26002502441406,163.46234130859375,-57.89999771118164,-73.30245971679688,165.41250610351562
1711476162.890904,-2.7799997329711914,-71.17752075195312,149.5448455810547,6.790003776550293,-71.70236206054688,149.93484497070312,56.82484436035156,-73.26002502441406,163.46234130859375,-57.89999771118164,-73.30245971679688,165.41250610351562
1711476162.9008842,-2.7799997329711914,-71.17752075195312,149.5448455810547,6.790003776550293,-71.70236206054688,149.93484497070312,56.82484436035156,-73.26002502441406,163.46234130859375,-57.89999771118164,-73.30245971679688,165.41250610351562
1711476162.9108949,-2.7799997329711914,-71.17752075195312,149.5448455810547,6.790003776550293,-71.70236206054688,149.93484497070312,56.82484436035156,-73.26002502441406,163.46234130859375,-57.89999771118164,-73.30245971679688,165.41250610351562
1711476162.9209065,-2.7799997329711914,-71.17752075195312,149.5448455810547,6.790003776550293,-71.70236206054688,149.93484497070312,56.82484436035156,-73.26002502441406,163.46234130859375,-57.89999771118164,-73.30245971679688,165.41250610351562
1711476162.9309263,-2.7799997329711914,-71.17752075195312,149.5448455810547,6.790003776550293,-71.70236206054688,149.93484497070312,56.82484436035156,-73.26002502441406,163.46234130859375,-57.89999771118164,-73.30245971679688,165.41250610351562
1711476162.940897,-2.7799997329711914,-71.17752075195312,149.5448455810547,6.790003776550293,-71.70236206054688,149.93484497070312,56.82484436035156,-73.26002502441406,163.46234130859375,-57.89999771118164,-73.30245971679688,165.41250610351562
1711476162.9508827,-2.7799997329711914,-71.17752075195312,149.5448455810547,6.790003776550293,-71.70236206054688,149.93484497070312,56.82484436035156,-73.26002502441406,163.46234130859375,-57.89999771118164,-73.30245971679688,165.41250610351562
1711476162.9608977,-2.7799997329711914,-71.17752075195312,149.5448455810547,6.790003776550293,-71.70236206054688,149.93484497070312,56.82484436035156,-73.26002502441406,163.46234130859375,-57.89999771118164,-73.30245971679688,165.41250610351562
1711476162.9709034,-2.7799997329711914,-71.17752075195312,149.5448455810547,6.790003776550293,-71.70236206054688,149.93484497070312,56.82484436035156,-73.26002502441406,163.46234130859375,-57.89999771118164,-73.30245971679688,165.41250610351562
1711476162.9808915,-2.7799997329711914,-71.17752075195312,149.5448455810547,6.790003776550293,-71.70236206054688,149.93484497070312,56.82484436035156,-73.26002502441406,163.46234130859375,-57.89999771118164,-73.30245971679688,165.41250610351562
1711476162.9908862,-2.7799997329711914,-71.17752075195312,149.5448455810547,6.790003776550293,-71.70236206054688,149.93484497070312,56.82484436035156,-73.26002502441406,163.46234130859375,-57.89999771118164,-73.30245971679688,165.41250610351562
1711476163.0008955,-2.7799997329711914,-71.17752075195312,149.5448455810547,6.790003776550293,-71.70236206054688,149.93484497070312,56.82484436035156,-73.26002502441406,163.46234130859375,-57.89999771118164,-73.30245971679688,165.41250610351562
1711476163.0108902,-2.7799997329711914,-71.17752075195312,149.5448455810547,6.790003776550293,-71.70236206054688,149.93484497070312,56.82484436035156,-73.26002502441406,163.46234130859375,-57.89999771118164,-73.30245971679688,165.41250610351562
1711476163.0208914,-2.7799997329711914,-71.17752075195312,149.5448455810547,6.790003776550293,-71.70236206054688,149.93484497070312,56.82484436035156,-73.26002502441406,163.46234130859375,-57.89999771118164,-73.30245971679688,165.41250610351562
1711476163.0308876,-2.7799997329711914,-71.17752075195312,149.5448455810547,6.790003776550293,-71.70236206054688,149.93484497070312,56.82484436035156,-73.26002502441406,163.46234130859375,-57.89999771118164,-73.30245971679688,165.41250610351562
1711476163.0409112,-2.7799997329711914,-71.17752075195312,149.5448455810547,6.790003776550293,-71.70236206054688,149.93484497070312,56.82484436035156,-73.26002502441406,163.46234130859375,-57.89999771118164,-73.30245971679688,165.41250610351562
1711476163.0509295,-2.7799997329711914,-71.17752075195312,149.5448455810547,6.790003776550293,-71.70236206054688,149.93484497070312,56.82484436035156,-73.26002502441406,163.46234130859375,-57.89999771118164,-73.30245971679688,165.41250610351562
1711476163.0609167,-2.7799997329711914,-71.17752075195312,149.5448455810547,6.790003776550293,-71.70236206054688,149.93484497070312,56.82484436035156,-73.26002502441406,163.46234130859375,-57.89999771118164,-73.30245971679688,165.41250610351562
1711476163.070885,-2.7799997329711914,-71.17752075195312,149.5448455810547,6.790003776550293,-71.70236206054688,149.93484497070312,56.82484436035156,-73.26002502441406,163.46234130859375,-57.89999771118164,-73.30245971679688,165.41250610351562
1711476163.0809422,-2.7799997329711914,-71.17752075195312,149.5448455810547,6.790003776550293,-71.70236206054688,149.93484497070312,56.82484436035156,-73.26002502441406,163.46234130859375,-57.89999771118164,-73.30245971679688,165.41250610351562
1711476163.0909197,-2.7799997329711914,-71.17752075195312,149.5448455810547,6.790003776550293,-71.70236206054688,149.93484497070312,56.82484436035156,-73.26002502441406,163.46234130859375,-57.89999771118164,-73.30245971679688,165.41250610351562
1711476163.1009138,-2.7799997329711914,-71.17752075195312,149.5448455810547,6.790003776550293,-71.70236206054688,149.93484497070312,56.82484436035156,-73.26002502441406,163.46234130859375,-57.89999771118164,-73.30245971679688,165.41250610351562
1711476163.1109135,-2.7799997329711914,-71.17752075195312,149.5448455810547,6.790003776550293,-71.70236206054688,149.93484497070312,56.82484436035156,-73.26002502441406,163.46234130859375,-57.89999771118164,-73.30245971679688,165.41250610351562
1711476163.1209254,-2.7799997329711914,-71.17752075195312,149.5448455810547,6.790003776550293,-71.70236206054688,149.93484497070312,56.82484436035156,-73.26002502441406,163.46234130859375,-57.89999771118164,-73.30245971679688,165.41250610351562
1711476163.1308932,-2.7799997329711914,-71.17752075195312,149.5448455810547,6.790003776550293,-71.70236206054688,149.93484497070312,56.82484436035156,-73.26002502441406,163.46234130859375,-57.89999771118164,-73.30245971679688,165.41250610351562
1711476163.1408877,-2.7799997329711914,-71.17752075195312,149.5448455810547,6.790003776550293,-71.70236206054688,149.93484497070312,56.82484436035156,-73.26002502441406,163.46234130859375,-57.89999771118164,-73.30245971679688,165.41250610351562
1711476163.150903,-2.7799997329711914,-71.17752075195312,149.5448455810547,6.790003776550293,-71.70236206054688,149.93484497070312,56.82484436035156,-73.26002502441406,163.46234130859375,-57.89999771118164,-73.30245971679688,165.41250610351562
1711476163.1609054,-2.7799997329711914,-71.17752075195312,149.5448455810547,6.790003776550293,-71.70236206054688,149.93484497070312,56.82484436035156,-73.26002502441406,163.46234130859375,-57.89999771118164,-73.30245971679688,165.41250610351562
1711476163.1708887,-2.7799997329711914,-71.17752075195312,149.5448455810547,6.790003776550293,-71.70236206054688,149.93484497070312,56.82484436035156,-73.26002502441406,163.46234130859375,-57.89999771118164,-73.30245971679688,165.41250610351562
1711476163.1809042,-2.7799997329711914,-71.17752075195312,149.5448455810547,6.790003776550293,-71.70236206054688,149.93484497070312,56.82484436035156,-73.26002502441406,163.46234130859375,-57.89999771118164,-73.30245971679688,165.41250610351562
1711476163.1908956,-2.7799997329711914,-71.17752075195312,149.5448455810547,6.790003776550293,-71.70236206054688,149.93484497070312,56.82484436035156,-73.26002502441406,163.46234130859375,-57.89999771118164,-73.30245971679688,165.41250610351562
1711476163.2009053,-2.7799997329711914,-71.17752075195312,149.5448455810547,6.790003776550293,-71.70236206054688,149.93484497070312,56.82484436035156,-73.26002502441406,163.46234130859375,-57.89999771118164,-73.30245971679688,165.41250610351562
1711476163.2109158,-2.7799997329711914,-71.17752075195312,149.5448455810547,6.790003776550293,-71.70236206054688,149.93484497070312,56.82484436035156,-73.26002502441406,163.46234130859375,-57.89999771118164,-73.30245971679688,165.41250610351562
1711476163.2208965,-2.7799997329711914,-71.17752075195312,149.5448455810547,6.790003776550293,-71.70236206054688,149.93484497070312,56.82484436035156,-73.26002502441406,163.46234130859375,-57.89999771118164,-73.30245971679688,165.41250610351562
1711476163.2308981,-2.7799997329711914,-71.17752075195312,149.5448455810547,6.790003776550293,-71.70236206054688,149.93484497070312,56.82484436035156,-73.26002502441406,163.46234130859375,-57.89999771118164,-73.30245971679688,165.41250610351562
1711476163.2409008,-2.7799997329711914,-71.17752075195312,149.5448455810547,6.790003776550293,-71.70236206054688,149.93484497070312,56.82484436035156,-73.26002502441406,163.46234130859375,-57.89999771118164,-73.30245971679688,165.41250610351562
1711476163.2509286,-2.7799997329711914,-71.17752075195312,149.5448455810547,6.790003776550293,-71.70236206054688,149.93484497070312,56.82484436035156,-73.26002502441406,163.46234130859375,-57.89999771118164,-73.30245971679688,165.41250610351562
1711476163.2608936,-2.7799997329711914,-71.17752075195312,149.5448455810547,6.790003776550293,-71.70236206054688,149.93484497070312,56.82484436035156,-73.26002502441406,163.46234130859375,-57.89999771118164,-73.30245971679688,165.41250610351562
1711476163.2708962,-2.7799997329711914,-71.17752075195312,149.5448455810547,6.790003776550293,-71.70236206054688,149.93484497070312,56.82484436035156,-73.26002502441406,163.46234130859375,-57.89999771118164,-73.30245971679688,165.41250610351562
1711476163.2809184,-2.7799997329711914,-71.17752075195312,149.5448455810547,6.790003776550293,-71.70236206054688,149.93484497070312,56.82484436035156,-73.26002502441406,163.46234130859375,-57.89999771118164,-73.30245971679688,165.41250610351562
1711476163.2909002,-2.7799997329711914,-71.17752075195312,149.5448455810547,6.790003776550293,-71.70236206054688,149.93484497070312,56.82484436035156,-73.26002502441406,163.46234130859375,-57.89999771118164,-73.30245971679688,165.41250610351562
1711476163.3009207,-2.7799997329711914,-71.17752075195312,149.5448455810547,6.790003776550293,-71.70236206054688,149.93484497070312,56.82484436035156,-73.26002502441406,163.46234130859375,-57.89999771118164,-73.30245971679688,165.41250610351562
1711476163.310922,-2.7799997329711914,-71.17752075195312,149.5448455810547,6.790003776550293,-71.70236206054688,149.93484497070312,56.82484436035156,-73.26002502441406,163.46234130859375,-57.89999771118164,-73.30245971679688,165.41250610351562
1711476163.320904,-2.7799997329711914,-71.17752075195312,149.5448455810547,6.790003776550293,-71.70236206054688,149.93484497070312,56.82484436035156,-73.26002502441406,163.46234130859375,-57.89999771118164,-73.30245971679688,165.41250610351562
1711476163.3308978,-2.7799997329711914,-71.17752075195312,149.5448455810547,6.790003776550293,-71.70236206054688,149.93484497070312,56.82484436035156,-73.26002502441406,163.46234130859375,-57.89999771118164,-73.30245971679688,165.41250610351562
1711476163.3409407,-2.7799997329711914,-71.17752075195312,149.5448455810547,6.790003776550293,-71.70236206054688,149.93484497070312,56.82484436035156,-73.26002502441406,163.46234130859375,-57.89999771118164,-73.30245971679688,165.41250610351562
1711476163.3509014,-2.7799997329711914,-71.17752075195312,149.5448455810547,6.790003776550293,-71.70236206054688,149.93484497070312,56.82484436035156,-73.26002502441406,163.46234130859375,-57.89999771118164,-73.30245971679688,165.41250610351562
1711476163.3609262,-2.7799997329711914,-71.17752075195312,149.5448455810547,6.790003776550293,-71.70236206054688,149.93484497070312,56.82484436035156,-73.26002502441406,163.46234130859375,-57.89999771118164,-73.30245971679688,165.41250610351562
1711476163.3709147,-2.7799997329711914,-71.17752075195312,149.5448455810547,6.790003776550293,-71.70236206054688,149.93484497070312,56.82484436035156,-73.26002502441406,163.46234130859375,-57.89999771118164,-73.30245971679688,165.41250610351562
1711476163.3809137,-2.7799997329711914,-71.17752075195312,149.5448455810547,6.790003776550293,-71.70236206054688,149.93484497070312,56.82484436035156,-73.26002502441406,163.46234130859375,-57.89999771118164,-73.30245971679688,165.41250610351562
1711476163.3909166,-2.7799997329711914,-71.17752075195312,149.5448455810547,6.790003776550293,-71.70236206054688,149.93484497070312,56.82484436035156,-73.26002502441406,163.46234130859375,-57.89999771118164,-73.30245971679688,165.41250610351562
1711476163.4009042,-2.7799997329711914,-71.17752075195312,149.5448455810547,6.790003776550293,-71.70236206054688,149.93484497070312,56.82484436035156,-73.26002502441406,163.46234130859375,-57.89999771118164,-73.30245971679688,165.41250610351562
1711476163.4109051,-2.7799997329711914,-71.17752075195312,149.5448455810547,6.790003776550293,-71.70236206054688,149.93484497070312,56.82484436035156,-73.26002502441406,163.46234130859375,-57.89999771118164,-73.30245971679688,165.41250610351562
1711476163.4209082,-2.7799997329711914,-71.17752075195312,149.5448455810547,6.790003776550293,-71.70236206054688,149.93484497070312,56.82484436035156,-73.26002502441406,163.46234130859375,-57.89999771118164,-73.30245971679688,165.41250610351562
1711476163.4308994,-2.7799997329711914,-71.17752075195312,149.5448455810547,6.790003776550293,-71.70236206054688,149.93484497070312,56.82484436035156,-73.26002502441406,163.46234130859375,-57.89999771118164,-73.30245971679688,165.41250610351562
1711476163.4409034,-2.7799997329711914,-71.17752075195312,149.5448455810547,6.790003776550293,-71.70236206054688,149.93484497070312,56.82484436035156,-73.26002502441406,163.46234130859375,-57.89999771118164,-73.30245971679688,165.41250610351562
1711476163.4509292,-2.7799997329711914,-71.17752075195312,149.5448455810547,6.790003776550293,-71.70236206054688,149.93484497070312,56.82484436035156,-73.26002502441406,163.46234130859375,-57.89999771118164,-73.30245971679688,165.41250610351562
1711476163.460933,-2.7799997329711914,-71.17752075195312,149.5448455810547,6.790003776550293,-71.70236206054688,149.93484497070312,56.82484436035156,-73.26002502441406,163.46234130859375,-57.89999771118164,-73.30245971679688,165.41250610351562
1711476163.4709046,-2.7799997329711914,-71.17752075195312,149.5448455810547,6.790003776550293,-71.70236206054688,149.93484497070312,56.82484436035156,-73.26002502441406,163.46234130859375,-57.89999771118164,-73.30245971679688,165.41250610351562
1711476163.4809344,-2.7799997329711914,-71.17752075195312,149.5448455810547,6.790003776550293,-71.70236206054688,149.93484497070312,56.82484436035156,-73.26002502441406,163.46234130859375,-57.89999771118164,-73.30245971679688,165.41250610351562
1711476163.4909267,-2.7799997329711914,-71.17752075195312,149.5448455810547,6.790003776550293,-71.70236206054688,149.93484497070312,56.82484436035156,-73.26002502441406,163.46234130859375,-57.89999771118164,-73.30245971679688,165.41250610351562
1711476163.5009158,-2.7799997329711914,-71.17752075195312,149.5448455810547,6.790003776550293,-71.70236206054688,149.93484497070312,56.82484436035156,-73.26002502441406,163.46234130859375,-57.89999771118164,-73.30245971679688,165.41250610351562
1711476163.5109243,-2.7799997329711914,-71.17752075195312,149.5448455810547,6.790003776550293,-71.70236206054688,149.93484497070312,56.82484436035156,-73.26002502441406,163.46234130859375,-57.89999771118164,-73.30245971679688,165.41250610351562
1711476163.5209606,-2.7799997329711914,-71.17752075195312,149.5448455810547,6.790003776550293,-71.70236206054688,149.93484497070312,56.82484436035156,-73.26002502441406,163.46234130859375,-57.89999771118164,-73.30245971679688,165.41250610351562
1711476163.5309393,-2.7799997329711914,-71.17752075195312,149.5448455810547,6.790003776550293,-71.70236206054688,149.93484497070312,56.82484436035156,-73.26002502441406,163.46234130859375,-57.89999771118164,-73.30245971679688,165.41250610351562
1711476163.5409393,-2.7799997329711914,-71.17752075195312,149.5448455810547,6.790003776550293,-71.70236206054688,149.93484497070312,56.82484436035156,-73.26002502441406,163.46234130859375,-57.89999771118164,-73.30245971679688,165.41250610351562
1711476163.5509279,-2.7799997329711914,-71.17752075195312,149.5448455810547,6.790003776550293,-71.70236206054688,149.93484497070312,56.82484436035156,-73.26002502441406,163.46234130859375,-57.89999771118164,-73.30245971679688,165.41250610351562
1711476163.5609272,-2.7799997329711914,-71.17752075195312,149.5448455810547,6.790003776550293,-71.70236206054688,149.93484497070312,56.82484436035156,-73.26002502441406,163.46234130859375,-57.89999771118164,-73.30245971679688,165.41250610351562
1711476163.570966,-2.7799997329711914,-71.17752075195312,149.5448455810547,6.790003776550293,-71.70236206054688,149.93484497070312,56.82484436035156,-73.26002502441406,163.46234130859375,-57.89999771118164,-73.30245971679688,165.41250610351562
1711476163.5809426,-2.7799997329711914,-71.17752075195312,149.5448455810547,6.790003776550293,-71.70236206054688,149.93484497070312,56.82484436035156,-73.26002502441406,163.46234130859375,-57.89999771118164,-73.30245971679688,165.41250610351562
1711476163.5909188,-2.7799997329711914,-71.17752075195312,149.5448455810547,6.790003776550293,-71.70236206054688,149.93484497070312,56.82484436035156,-73.26002502441406,163.46234130859375,-57.89999771118164,-73.30245971679688,165.41250610351562
1711476163.600921,-2.7799997329711914,-71.17752075195312,149.5448455810547,6.790003776550293,-71.70236206054688,149.93484497070312,56.82484436035156,-73.26002502441406,163.46234130859375,-57.89999771118164,-73.30245971679688,165.41250610351562
1711476163.6109338,-2.7799997329711914,-71.17752075195312,149.5448455810547,6.790003776550293,-71.70236206054688,149.93484497070312,56.82484436035156,-73.26002502441406,163.46234130859375,-57.89999771118164,-73.30245971679688,165.41250610351562
1711476163.620925,-2.7799997329711914,-71.17752075195312,149.5448455810547,6.790003776550293,-71.70236206054688,149.93484497070312,56.82484436035156,-73.26002502441406,163.46234130859375,-57.89999771118164,-73.30245971679688,165.41250610351562
1711476163.6309443,-2.7799997329711914,-71.17752075195312,149.5448455810547,6.790003776550293,-71.70236206054688,149.93484497070312,56.82484436035156,-73.26002502441406,163.46234130859375,-57.89999771118164,-73.30245971679688,165.41250610351562
1711476163.6409256,-2.7799997329711914,-71.17752075195312,149.5448455810547,6.790003776550293,-71.70236206054688,149.93484497070312,56.82484436035156,-73.26002502441406,163.46234130859375,-57.89999771118164,-73.30245971679688,165.41250610351562
1711476163.6509225,-2.7799997329711914,-71.17752075195312,149.5448455810547,6.790003776550293,-71.70236206054688,149.93484497070312,56.82484436035156,-73.26002502441406,163.46234130859375,-57.89999771118164,-73.30245971679688,165.41250610351562
1711476163.6609464,-2.7799997329711914,-71.17752075195312,149.5448455810547,6.790003776550293,-71.70236206054688,149.93484497070312,56.82484436035156,-73.26002502441406,163.46234130859375,-57.89999771118164,-73.30245971679688,165.41250610351562
1711476163.6709251,-2.7799997329711914,-71.17752075195312,149.5448455810547,6.790003776550293,-71.70236206054688,149.93484497070312,56.82484436035156,-73.26002502441406,163.46234130859375,-57.89999771118164,-73.30245971679688,165.41250610351562
1711476163.680949,-2.7799997329711914,-71.17752075195312,149.5448455810547,6.790003776550293,-71.70236206054688,149.93484497070312,56.82484436035156,-73.26002502441406,163.46234130859375,-57.89999771118164,-73.30245971679688,165.41250610351562
1711476163.6909478,-2.7799997329711914,-71.17752075195312,149.5448455810547,6.790003776550293,-71.70236206054688,149.93484497070312,56.82484436035156,-73.26002502441406,163.46234130859375,-57.89999771118164,-73.30245971679688,165.41250610351562
1711476163.7009363,-2.7799997329711914,-71.17752075195312,149.5448455810547,6.790003776550293,-71.70236206054688,149.93484497070312,56.82484436035156,-73.26002502441406,163.46234130859375,-57.89999771118164,-73.30245971679688,165.41250610351562
1711476163.7109447,-2.7799997329711914,-71.17752075195312,149.5448455810547,6.790003776550293,-71.70236206054688,149.93484497070312,56.82484436035156,-73.26002502441406,163.46234130859375,-57.89999771118164,-73.30245971679688,165.41250610351562
1711476163.7209408,-2.7799997329711914,-71.17752075195312,149.5448455810547,6.790003776550293,-71.70236206054688,149.93484497070312,56.82484436035156,-73.26002502441406,163.46234130859375,-57.89999771118164,-73.30245971679688,165.41250610351562
1711476163.7309275,-2.7799997329711914,-71.17752075195312,149.5448455810547,6.790003776550293,-71.70236206054688,149.93484497070312,56.82484436035156,-73.26002502441406,163.46234130859375,-57.89999771118164,-73.30245971679688,165.41250610351562
1711476163.7409732,-2.7799997329711914,-71.17752075195312,149.5448455810547,6.790003776550293,-71.70236206054688,149.93484497070312,56.82484436035156,-73.26002502441406,163.46234130859375,-57.89999771118164,-73.30245971679688,165.41250610351562
1711476163.7509403,-2.7799997329711914,-71.17752075195312,149.5448455810547,6.790003776550293,-71.70236206054688,149.93484497070312,56.82484436035156,-73.26002502441406,163.46234130859375,-57.89999771118164,-73.30245971679688,165.41250610351562
1711476163.7609422,-2.7799997329711914,-71.17752075195312,149.5448455810547,6.790003776550293,-71.70236206054688,149.93484497070312,56.82484436035156,-73.26002502441406,163.46234130859375,-57.89999771118164,-73.30245971679688,165.41250610351562
1711476163.7709332,-2.7799997329711914,-71.17752075195312,149.5448455810547,6.790003776550293,-71.70236206054688,149.93484497070312,56.82484436035156,-73.26002502441406,163.46234130859375,-57.89999771118164,-73.30245971679688,165.41250610351562
1711476163.7809284,-2.7799997329711914,-71.17752075195312,149.5448455810547,6.790003776550293,-71.70236206054688,149.93484497070312,56.82484436035156,-73.26002502441406,163.46234130859375,-57.89999771118164,-73.30245971679688,165.41250610351562
1711476163.790982,-2.7799997329711914,-71.17752075195312,149.5448455810547,6.790003776550293,-71.70236206054688,149.93484497070312,56.82484436035156,-73.26002502441406,163.46234130859375,-57.89999771118164,-73.30245971679688,165.41250610351562
1711476163.8009324,-2.7799997329711914,-71.17752075195312,149.5448455810547,6.790003776550293,-71.70236206054688,149.93484497070312,56.82484436035156,-73.26002502441406,163.46234130859375,-57.89999771118164,-73.30245971679688,165.41250610351562
1711476163.8109398,-2.7799997329711914,-71.17752075195312,149.5448455810547,6.790003776550293,-71.70236206054688,149.93484497070312,56.82484436035156,-73.26002502441406,163.46234130859375,-57.89999771118164,-73.30245971679688,165.41250610351562
1711476163.8209329,-2.7799997329711914,-71.17752075195312,149.5448455810547,6.790003776550293,-71.70236206054688,149.93484497070312,56.82484436035156,-73.26002502441406,163.46234130859375,-57.89999771118164,-73.30245971679688,165.41250610351562
1711476163.8309567,-2.7799997329711914,-71.17752075195312,149.5448455810547,6.790003776550293,-71.70236206054688,149.93484497070312,56.82484436035156,-73.26002502441406,163.46234130859375,-57.89999771118164,-73.30245971679688,165.41250610351562
1711476163.840955,-2.7799997329711914,-71.17752075195312,149.5448455810547,6.790003776550293,-71.70236206054688,149.93484497070312,56.82484436035156,-73.26002502441406,163.46234130859375,-57.89999771118164,-73.30245971679688,165.41250610351562
1711476163.8509674,-2.7799997329711914,-71.17752075195312,149.5448455810547,6.790003776550293,-71.70236206054688,149.93484497070312,56.82484436035156,-73.26002502441406,163.46234130859375,-57.89999771118164,-73.30245971679688,165.41250610351562
1711476163.8609507,-2.7799997329711914,-71.17752075195312,149.5448455810547,6.790003776550293,-71.70236206054688,149.93484497070312,56.82484436035156,-73.26002502441406,163.46234130859375,-57.89999771118164,-73.30245971679688,165.41250610351562
1711476163.8709354,-2.7799997329711914,-71.17752075195312,149.5448455810547,6.790003776550293,-71.70236206054688,149.93484497070312,56.82484436035156,-73.26002502441406,163.46234130859375,-57.89999771118164,-73.30245971679688,165.41250610351562
1711476163.8811014,-2.7799997329711914,-71.17752075195312,149.5448455810547,6.790003776550293,-71.70236206054688,149.93484497070312,56.82484436035156,-73.26002502441406,163.46234130859375,-57.89999771118164,-73.30245971679688,165.41250610351562
1711476163.8909442,-2.7799997329711914,-71.17752075195312,149.5448455810547,6.790003776550293,-71.70236206054688,149.93484497070312,56.82484436035156,-73.26002502441406,163.46234130859375,-57.89999771118164,-73.30245971679688,165.41250610351562
1711476163.9009583,-2.7799997329711914,-71.17752075195312,149.5448455810547,6.790003776550293,-71.70236206054688,149.93484497070312,56.82484436035156,-73.26002502441406,163.46234130859375,-57.89999771118164,-73.30245971679688,165.41250610351562
1711476163.910938,-2.7799997329711914,-71.17752075195312,149.5448455810547,6.790003776550293,-71.70236206054688,149.93484497070312,56.82484436035156,-73.26002502441406,163.46234130859375,-57.89999771118164,-73.30245971679688,165.41250610351562
1711476163.92095,-2.7799997329711914,-71.17752075195312,149.5448455810547,6.790003776550293,-71.70236206054688,149.93484497070312,56.82484436035156,-73.26002502441406,163.46234130859375,-57.89999771118164,-73.30245971679688,165.41250610351562
1711476163.9309382,-2.7799997329711914,-71.17752075195312,149.5448455810547,6.790003776550293,-71.70236206054688,149.93484497070312,56.82484436035156,-73.26002502441406,163.46234130859375,-57.89999771118164,-73.30245971679688,165.41250610351562
1711476163.9409387,-2.7799997329711914,-71.17752075195312,149.5448455810547,6.790003776550293,-71.70236206054688,149.93484497070312,56.82484436035156,-73.26002502441406,163.46234130859375,-57.89999771118164,-73.30245971679688,165.41250610351562
1711476163.9509568,-2.7799997329711914,-71.17752075195312,149.5448455810547,6.790003776550293,-71.70236206054688,149.93484497070312,56.82484436035156,-73.26002502441406,163.46234130859375,-57.89999771118164,-73.30245971679688,165.41250610351562
1711476163.9609532,-2.7799997329711914,-71.17752075195312,149.5448455810547,6.790003776550293,-71.70236206054688,149.93484497070312,56.82484436035156,-73.26002502441406,163.46234130859375,-57.89999771118164,-73.30245971679688,165.41250610351562
1711476163.9713554,-2.7799997329711914,-71.17752075195312,149.5448455810547,6.790003776550293,-71.70236206054688,149.93484497070312,56.82484436035156,-73.26002502441406,163.46234130859375,-57.89999771118164,-73.30245971679688,165.41250610351562
1711476163.9809513,-2.7799997329711914,-71.17752075195312,149.5448455810547,6.790003776550293,-71.70236206054688,149.93484497070312,56.82484436035156,-73.26002502441406,163.46234130859375,-57.89999771118164,-73.30245971679688,165.41250610351562
1711476163.9909348,-2.7799997329711914,-71.17752075195312,149.5448455810547,6.790003776550293,-71.70236206054688,149.93484497070312,56.82484436035156,-73.26002502441406,163.46234130859375,-57.89999771118164,-73.30245971679688,165.41250610351562
1711476164.0009475,-2.7799997329711914,-71.17752075195312,149.5448455810547,6.790003776550293,-71.70236206054688,149.93484497070312,56.82484436035156,-73.26002502441406,163.46234130859375,-57.89999771118164,-73.30245971679688,165.41250610351562
1711476164.011068,-2.7799997329711914,-71.17752075195312,149.5448455810547,6.790003776550293,-71.70236206054688,149.93484497070312,56.82484436035156,-73.26002502441406,163.46234130859375,-57.89999771118164,-73.30245971679688,165.41250610351562
1711476164.020947,-2.7799997329711914,-71.17752075195312,149.5448455810547,6.790003776550293,-71.70236206054688,149.93484497070312,56.82484436035156,-73.26002502441406,163.46234130859375,-57.89999771118164,-73.30245971679688,165.41250610351562
1711476164.030951,-2.7799997329711914,-71.17752075195312,149.5448455810547,6.790003776550293,-71.70236206054688,149.93484497070312,56.82484436035156,-73.26002502441406,163.46234130859375,-57.89999771118164,-73.30245971679688,165.41250610351562
1711476164.0417824,-2.7799997329711914,-71.17752075195312,149.5448455810547,6.790003776550293,-71.70236206054688,149.93484497070312,56.82484436035156,-73.26002502441406,163.46234130859375,-57.89999771118164,-73.30245971679688,165.41250610351562
1711476164.051035,-2.7799997329711914,-71.17752075195312,149.5448455810547,6.790003776550293,-71.70236206054688,149.93484497070312,56.82484436035156,-73.26002502441406,163.46234130859375,-57.89999771118164,-73.30245971679688,165.41250610351562
1711476164.0609534,-2.7799997329711914,-71.17752075195312,149.5448455810547,6.790003776550293,-71.70236206054688,149.93484497070312,56.82484436035156,-73.26002502441406,163.46234130859375,-57.89999771118164,-73.30245971679688,165.41250610351562
1711476164.0709574,-2.7799997329711914,-71.17752075195312,149.5448455810547,6.790003776550293,-71.70236206054688,149.93484497070312,56.82484436035156,-73.26002502441406,163.46234130859375,-57.89999771118164,-73.30245971679688,165.41250610351562
1711476164.080946,-2.7799997329711914,-71.17752075195312,149.5448455810547,6.790003776550293,-71.70236206054688,149.93484497070312,56.82484436035156,-73.26002502441406,163.46234130859375,-57.89999771118164,-73.30245971679688,165.41250610351562
1711476164.090963,-2.7799997329711914,-71.17752075195312,149.5448455810547,6.790003776550293,-71.70236206054688,149.93484497070312,56.82484436035156,-73.26002502441406,163.46234130859375,-57.89999771118164,-73.30245971679688,165.41250610351562
1711476164.1009433,-2.7799997329711914,-71.17752075195312,149.5448455810547,6.790003776550293,-71.70236206054688,149.93484497070312,56.82484436035156,-73.26002502441406,163.46234130859375,-57.89999771118164,-73.30245971679688,165.41250610351562
1711476164.1109483,-2.7799997329711914,-71.17752075195312,149.5448455810547,6.790003776550293,-71.70236206054688,149.93484497070312,56.82484436035156,-73.26002502441406,163.46234130859375,-57.89999771118164,-73.30245971679688,165.41250610351562
1711476164.120967,-2.7799997329711914,-71.17752075195312,149.5448455810547,6.790003776550293,-71.70236206054688,149.93484497070312,56.82484436035156,-73.26002502441406,163.46234130859375,-57.89999771118164,-73.30245971679688,165.41250610351562
1711476164.1309578,-2.7799997329711914,-71.17752075195312,149.5448455810547,6.790003776550293,-71.70236206054688,149.93484497070312,56.82484436035156,-73.26002502441406,163.46234130859375,-57.89999771118164,-73.30245971679688,165.41250610351562
1711476164.140955,-2.7799997329711914,-71.17752075195312,149.5448455810547,6.790003776550293,-71.70236206054688,149.93484497070312,56.82484436035156,-73.26002502441406,163.46234130859375,-57.89999771118164,-73.30245971679688,165.41250610351562
1711476164.1509616,-2.7799997329711914,-71.17752075195312,149.5448455810547,6.790003776550293,-71.70236206054688,149.93484497070312,56.82484436035156,-73.26002502441406,163.46234130859375,-57.89999771118164,-73.30245971679688,165.41250610351562
1711476164.1609476,-2.7799997329711914,-71.17752075195312,149.5448455810547,6.790003776550293,-71.70236206054688,149.93484497070312,56.82484436035156,-73.26002502441406,163.46234130859375,-57.89999771118164,-73.30245971679688,165.41250610351562
1711476164.171267,-2.7799997329711914,-71.17752075195312,149.5448455810547,6.790003776550293,-71.70236206054688,149.93484497070312,56.82484436035156,-73.26002502441406,163.46234130859375,-57.89999771118164,-73.30245971679688,165.41250610351562
1711476164.1809456,-2.7799997329711914,-71.17752075195312,149.5448455810547,6.790003776550293,-71.70236206054688,149.93484497070312,56.82484436035156,-73.26002502441406,163.46234130859375,-57.89999771118164,-73.30245971679688,165.41250610351562
1711476164.1909704,-2.7799997329711914,-71.17752075195312,149.5448455810547,6.790003776550293,-71.70236206054688,149.93484497070312,56.82484436035156,-73.26002502441406,163.46234130859375,-57.89999771118164,-73.30245971679688,165.41250610351562
1711476164.2009542,-2.7799997329711914,-71.17752075195312,149.5448455810547,6.790003776550293,-71.70236206054688,149.93484497070312,56.82484436035156,-73.26002502441406,163.46234130859375,-57.89999771118164,-73.30245971679688,165.41250610351562
1711476164.2109513,-2.7799997329711914,-71.17752075195312,149.5448455810547,6.790003776550293,-71.70236206054688,149.93484497070312,56.82484436035156,-73.26002502441406,163.46234130859375,-57.89999771118164,-73.30245971679688,165.41250610351562
1711476164.2209826,-2.7799997329711914,-71.17752075195312,149.5448455810547,6.790003776550293,-71.70236206054688,149.93484497070312,56.82484436035156,-73.26002502441406,163.46234130859375,-57.89999771118164,-73.30245971679688,165.41250610351562
1711476164.2309635,-2.7799997329711914,-71.17752075195312,149.5448455810547,6.790003776550293,-71.70236206054688,149.93484497070312,56.82484436035156,-73.26002502441406,163.46234130859375,-57.89999771118164,-73.30245971679688,165.41250610351562
1711476164.2409582,-2.7799997329711914,-71.17752075195312,149.5448455810547,6.790003776550293,-71.70236206054688,149.93484497070312,56.82484436035156,-73.26002502441406,163.46234130859375,-57.89999771118164,-73.30245971679688,165.41250610351562
1711476164.2509494,-2.7799997329711914,-71.17752075195312,149.5448455810547,6.790003776550293,-71.70236206054688,149.93484497070312,56.82484436035156,-73.26002502441406,163.46234130859375,-57.89999771118164,-73.30245971679688,165.41250610351562
1711476164.2609596,-2.7799997329711914,-71.17752075195312,149.5448455810547,6.790003776550293,-71.70236206054688,149.93484497070312,56.82484436035156,-73.26002502441406,163.46234130859375,-57.89999771118164,-73.30245971679688,165.41250610351562
1711476164.2709672,-2.7799997329711914,-71.17752075195312,149.5448455810547,6.790003776550293,-71.70236206054688,149.93484497070312,56.82484436035156,-73.26002502441406,163.46234130859375,-57.89999771118164,-73.30245971679688,165.41250610351562
1711476164.2809496,-2.7799997329711914,-71.17752075195312,149.5448455810547,6.790003776550293,-71.70236206054688,149.93484497070312,56.82484436035156,-73.26002502441406,163.46234130859375,-57.89999771118164,-73.30245971679688,165.41250610351562
1711476164.291008,-2.7799997329711914,-71.17752075195312,149.5448455810547,6.790003776550293,-71.70236206054688,149.93484497070312,56.82484436035156,-73.26002502441406,163.46234130859375,-57.89999771118164,-73.30245971679688,165.41250610351562
1711476164.3009613,-2.7799997329711914,-71.17752075195312,149.5448455810547,6.790003776550293,-71.70236206054688,149.93484497070312,56.82484436035156,-73.26002502441406,163.46234130859375,-57.89999771118164,-73.30245971679688,165.41250610351562
1711476164.3109837,-2.7799997329711914,-71.17752075195312,149.5448455810547,6.790003776550293,-71.70236206054688,149.93484497070312,56.82484436035156,-73.26002502441406,163.46234130859375,-57.89999771118164,-73.30245971679688,165.41250610351562
1711476164.3209555,-2.7799997329711914,-71.17752075195312,149.5448455810547,6.790003776550293,-71.70236206054688,149.93484497070312,56.82484436035156,-73.26002502441406,163.46234130859375,-57.89999771118164,-73.30245971679688,165.41250610351562
1711476164.3309722,-2.7799997329711914,-71.17752075195312,149.5448455810547,6.790003776550293,-71.70236206054688,149.93484497070312,56.82484436035156,-73.26002502441406,163.46234130859375,-57.89999771118164,-73.30245971679688,165.41250610351562
1711476164.3410447,-2.7799997329711914,-71.17752075195312,149.5448455810547,6.790003776550293,-71.70236206054688,149.93484497070312,56.82484436035156,-73.26002502441406,163.46234130859375,-57.89999771118164,-73.30245971679688,165.41250610351562
1711476164.3509781,-2.7799997329711914,-71.17752075195312,149.5448455810547,6.790003776550293,-71.70236206054688,149.93484497070312,56.82484436035156,-73.26002502441406,163.46234130859375,-57.89999771118164,-73.30245971679688,165.41250610351562
1711476164.3609598,-2.7799997329711914,-71.17752075195312,149.5448455810547,6.790003776550293,-71.70236206054688,149.93484497070312,56.82484436035156,-73.26002502441406,163.46234130859375,-57.89999771118164,-73.30245971679688,165.41250610351562
1711476164.3709807,-2.7799997329711914,-71.17752075195312,149.5448455810547,6.790003776550293,-71.70236206054688,149.93484497070312,56.82484436035156,-73.26002502441406,163.46234130859375,-57.89999771118164,-73.30245971679688,165.41250610351562
1711476164.3809516,-2.7799997329711914,-71.17752075195312,149.5448455810547,6.790003776550293,-71.70236206054688,149.93484497070312,56.82484436035156,-73.26002502441406,163.46234130859375,-57.89999771118164,-73.30245971679688,165.41250610351562
1711476164.3909771,-2.7799997329711914,-71.17752075195312,149.5448455810547,6.790003776550293,-71.70236206054688,149.93484497070312,56.82484436035156,-73.26002502441406,163.46234130859375,-57.89999771118164,-73.30245971679688,165.41250610351562
1711476164.400964,-2.7799997329711914,-71.17752075195312,149.5448455810547,6.790003776550293,-71.70236206054688,149.93484497070312,56.82484436035156,-73.26002502441406,163.46234130859375,-57.89999771118164,-73.30245971679688,165.41250610351562
1711476164.4109967,-2.7799997329711914,-71.17752075195312,149.5448455810547,6.790003776550293,-71.70236206054688,149.93484497070312,56.82484436035156,-73.26002502441406,163.46234130859375,-57.89999771118164,-73.30245971679688,165.41250610351562
1711476164.4209807,-2.7799997329711914,-71.17752075195312,149.5448455810547,6.790003776550293,-71.70236206054688,149.93484497070312,56.82484436035156,-73.26002502441406,163.46234130859375,-57.89999771118164,-73.30245971679688,165.41250610351562
1711476164.4309678,-2.7799997329711914,-71.17752075195312,149.5448455810547,6.790003776550293,-71.70236206054688,149.93484497070312,56.82484436035156,-73.26002502441406,163.46234130859375,-57.89999771118164,-73.30245971679688,165.41250610351562
1711476164.4409873,-2.7799997329711914,-71.17752075195312,149.5448455810547,6.790003776550293,-71.70236206054688,149.93484497070312,56.82484436035156,-73.26002502441406,163.46234130859375,-57.89999771118164,-73.30245971679688,165.41250610351562
1711476164.450972,-2.7799997329711914,-71.17752075195312,149.5448455810547,6.790003776550293,-71.70236206054688,149.93484497070312,56.82484436035156,-73.26002502441406,163.46234130859375,-57.89999771118164,-73.30245971679688,165.41250610351562
1711476164.4609754,-2.7799997329711914,-71.17752075195312,149.5448455810547,6.790003776550293,-71.70236206054688,149.93484497070312,56.82484436035156,-73.26002502441406,163.46234130859375,-57.89999771118164,-73.30245971679688,165.41250610351562
1711476164.4709837,-2.7799997329711914,-71.17752075195312,149.5448455810547,6.790003776550293,-71.70236206054688,149.93484497070312,56.82484436035156,-73.26002502441406,163.46234130859375,-57.89999771118164,-73.30245971679688,165.41250610351562
1711476164.4809706,-2.7799997329711914,-71.17752075195312,149.5448455810547,6.790003776550293,-71.70236206054688,149.93484497070312,56.82484436035156,-73.26002502441406,163.46234130859375,-57.89999771118164,-73.30245971679688,165.41250610351562
1711476164.4909785,-2.7799997329711914,-71.17752075195312,149.5448455810547,6.790003776550293,-71.70236206054688,149.93484497070312,56.82484436035156,-73.26002502441406,163.46234130859375,-57.89999771118164,-73.30245971679688,165.41250610351562
1711476164.5009768,-2.7799997329711914,-71.17752075195312,149.5448455810547,6.790003776550293,-71.70236206054688,149.93484497070312,56.82484436035156,-73.26002502441406,163.46234130859375,-57.89999771118164,-73.30245971679688,165.41250610351562
1711476164.5109706,-2.7799997329711914,-71.17752075195312,149.5448455810547,6.790003776550293,-71.70236206054688,149.93484497070312,56.82484436035156,-73.26002502441406,163.46234130859375,-57.89999771118164,-73.30245971679688,165.41250610351562
1711476164.5209703,-2.7799997329711914,-71.17752075195312,149.5448455810547,6.790003776550293,-71.70236206054688,149.93484497070312,56.82484436035156,-73.26002502441406,163.46234130859375,-57.89999771118164,-73.30245971679688,165.41250610351562
1711476164.5309744,-2.7799997329711914,-71.17752075195312,149.5448455810547,6.790003776550293,-71.70236206054688,149.93484497070312,56.82484436035156,-73.26002502441406,163.46234130859375,-57.89999771118164,-73.30245971679688,165.41250610351562
1711476164.540956,-2.7799997329711914,-71.17752075195312,149.5448455810547,6.790003776550293,-71.70236206054688,149.93484497070312,56.82484436035156,-73.26002502441406,163.46234130859375,-57.89999771118164,-73.30245971679688,165.41250610351562
1711476164.5509706,-2.7799997329711914,-71.17752075195312,149.5448455810547,6.790003776550293,-71.70236206054688,149.93484497070312,56.82484436035156,-73.26002502441406,163.46234130859375,-57.89999771118164,-73.30245971679688,165.41250610351562
1711476164.560973,-2.7799997329711914,-71.17752075195312,149.5448455810547,6.790003776550293,-71.70236206054688,149.93484497070312,56.82484436035156,-73.26002502441406,163.46234130859375,-57.89999771118164,-73.30245971679688,165.41250610351562
1711476164.5709536,-2.7799997329711914,-71.17752075195312,149.5448455810547,6.790003776550293,-71.70236206054688,149.93484497070312,56.82484436035156,-73.26002502441406,163.46234130859375,-57.89999771118164,-73.30245971679688,165.41250610351562
1711476164.5809913,-2.7799997329711914,-71.17752075195312,149.5448455810547,6.790003776550293,-71.70236206054688,149.93484497070312,56.82484436035156,-73.26002502441406,163.46234130859375,-57.89999771118164,-73.30245971679688,165.41250610351562
1711476164.5910072,-2.7799997329711914,-71.17752075195312,149.5448455810547,6.790003776550293,-71.70236206054688,149.93484497070312,56.82484436035156,-73.26002502441406,163.46234130859375,-57.89999771118164,-73.30245971679688,165.41250610351562
1711476164.6009638,-2.7799997329711914,-71.17752075195312,149.5448455810547,6.790003776550293,-71.70236206054688,149.93484497070312,56.82484436035156,-73.26002502441406,163.46234130859375,-57.89999771118164,-73.30245971679688,165.41250610351562
1711476164.610973,-2.7799997329711914,-71.17752075195312,149.5448455810547,6.790003776550293,-71.70236206054688,149.93484497070312,56.82484436035156,-73.26002502441406,163.46234130859375,-57.89999771118164,-73.30245971679688,165.41250610351562
1711476164.6209815,-2.7799997329711914,-71.17752075195312,149.5448455810547,6.790003776550293,-71.70236206054688,149.93484497070312,56.82484436035156,-73.26002502441406,163.46234130859375,-57.89999771118164,-73.30245971679688,165.41250610351562
1711476164.630993,-2.7799997329711914,-71.17752075195312,149.5448455810547,6.790003776550293,-71.70236206054688,149.93484497070312,56.82484436035156,-73.26002502441406,163.46234130859375,-57.89999771118164,-73.30245971679688,165.41250610351562
1711476164.6409883,-2.7799997329711914,-71.17752075195312,149.5448455810547,6.790003776550293,-71.70236206054688,149.93484497070312,56.82484436035156,-73.26002502441406,163.46234130859375,-57.89999771118164,-73.30245971679688,165.41250610351562
1711476164.6509914,-2.7799997329711914,-71.17752075195312,149.5448455810547,6.790003776550293,-71.70236206054688,149.93484497070312,56.82484436035156,-73.26002502441406,163.46234130859375,-57.89999771118164,-73.30245971679688,165.41250610351562
1711476164.6609871,-2.7799997329711914,-71.17752075195312,149.5448455810547,6.790003776550293,-71.70236206054688,149.93484497070312,56.82484436035156,-73.26002502441406,163.46234130859375,-57.89999771118164,-73.30245971679688,165.41250610351562
1711476164.6709764,-2.7799997329711914,-71.17752075195312,149.5448455810547,6.790003776550293,-71.70236206054688,149.93484497070312,56.82484436035156,-73.26002502441406,163.46234130859375,-57.89999771118164,-73.30245971679688,165.41250610351562
1711476164.680988,-2.7799997329711914,-71.17752075195312,149.5448455810547,6.790003776550293,-71.70236206054688,149.93484497070312,56.82484436035156,-73.26002502441406,163.46234130859375,-57.89999771118164,-73.30245971679688,165.41250610351562
1711476164.690972,-2.7799997329711914,-71.17752075195312,149.5448455810547,6.790003776550293,-71.70236206054688,149.93484497070312,56.82484436035156,-73.26002502441406,163.46234130859375,-57.89999771118164,-73.30245971679688,165.41250610351562
1711476164.700976,-2.7799997329711914,-71.17752075195312,149.5448455810547,6.790003776550293,-71.70236206054688,149.93484497070312,56.82484436035156,-73.26002502441406,163.46234130859375,-57.89999771118164,-73.30245971679688,165.41250610351562
1711476164.711019,-2.7799997329711914,-71.17752075195312,149.5448455810547,6.790003776550293,-71.70236206054688,149.93484497070312,56.82484436035156,-73.26002502441406,163.46234130859375,-57.89999771118164,-73.30245971679688,165.41250610351562
1711476164.7209923,-2.7799997329711914,-71.17752075195312,149.5448455810547,6.790003776550293,-71.70236206054688,149.93484497070312,56.82484436035156,-73.26002502441406,163.46234130859375,-57.89999771118164,-73.30245971679688,165.41250610351562
1711476164.730978,-2.7799997329711914,-71.17752075195312,149.5448455810547,6.790003776550293,-71.70236206054688,149.93484497070312,56.82484436035156,-73.26002502441406,163.46234130859375,-57.89999771118164,-73.30245971679688,165.41250610351562
1711476164.7409754,-2.7799997329711914,-71.17752075195312,149.5448455810547,6.790003776550293,-71.70236206054688,149.93484497070312,56.82484436035156,-73.26002502441406,163.46234130859375,-57.89999771118164,-73.30245971679688,165.41250610351562
1711476164.7509801,-2.7799997329711914,-71.17752075195312,149.5448455810547,6.790003776550293,-71.70236206054688,149.93484497070312,56.82484436035156,-73.26002502441406,163.46234130859375,-57.89999771118164,-73.30245971679688,165.41250610351562
1711476164.7612424,-2.7799997329711914,-71.17752075195312,149.5448455810547,6.790003776550293,-71.70236206054688,149.93484497070312,56.82484436035156,-73.26002502441406,163.46234130859375,-57.89999771118164,-73.30245971679688,165.41250610351562
1711476164.7709694,-2.7799997329711914,-71.17752075195312,149.5448455810547,6.790003776550293,-71.70236206054688,149.93484497070312,56.82484436035156,-73.26002502441406,163.46234130859375,-57.89999771118164,-73.30245971679688,165.41250610351562
1711476164.7809703,-2.7799997329711914,-71.17752075195312,149.5448455810547,6.790003776550293,-71.70236206054688,149.93484497070312,56.82484436035156,-73.26002502441406,163.46234130859375,-57.89999771118164,-73.30245971679688,165.41250610351562
1711476164.7909684,-2.7799997329711914,-71.17752075195312,149.5448455810547,6.790003776550293,-71.70236206054688,149.93484497070312,56.82484436035156,-73.26002502441406,163.46234130859375,-57.89999771118164,-73.30245971679688,165.41250610351562
1711476164.8009768,-2.7799997329711914,-71.17752075195312,149.5448455810547,6.790003776550293,-71.70236206054688,149.93484497070312,56.82484436035156,-73.26002502441406,163.46234130859375,-57.89999771118164,-73.30245971679688,165.41250610351562
1711476164.8117476,-2.7799997329711914,-71.17752075195312,149.5448455810547,6.790003776550293,-71.70236206054688,149.93484497070312,56.82484436035156,-73.26002502441406,163.46234130859375,-57.89999771118164,-73.30245971679688,165.41250610351562
1711476164.8209715,-2.7799997329711914,-71.17752075195312,149.5448455810547,6.790003776550293,-71.70236206054688,149.93484497070312,56.82484436035156,-73.26002502441406,163.46234130859375,-57.89999771118164,-73.30245971679688,165.41250610351562
1711476164.8309932,-2.7799997329711914,-71.17752075195312,149.5448455810547,6.790003776550293,-71.70236206054688,149.93484497070312,56.82484436035156,-73.26002502441406,163.46234130859375,-57.89999771118164,-73.30245971679688,165.41250610351562
1711476164.8410065,-2.7799997329711914,-71.17752075195312,149.5448455810547,6.790003776550293,-71.70236206054688,149.93484497070312,56.82484436035156,-73.26002502441406,163.46234130859375,-57.89999771118164,-73.30245971679688,165.41250610351562
1711476164.850974,-2.7799997329711914,-71.17752075195312,149.5448455810547,6.790003776550293,-71.70236206054688,149.93484497070312,56.82484436035156,-73.26002502441406,163.46234130859375,-57.89999771118164,-73.30245971679688,165.41250610351562
1711476164.8609953,-2.7799997329711914,-71.17752075195312,149.5448455810547,6.790003776550293,-71.70236206054688,149.93484497070312,56.82484436035156,-73.26002502441406,163.46234130859375,-57.89999771118164,-73.30245971679688,165.41250610351562
1711476164.870995,-2.7799997329711914,-71.17752075195312,149.5448455810547,6.790003776550293,-71.70236206054688,149.93484497070312,56.82484436035156,-73.26002502441406,163.46234130859375,-57.89999771118164,-73.30245971679688,165.41250610351562
1711476164.881001,-2.7799997329711914,-71.17752075195312,149.5448455810547,6.790003776550293,-71.70236206054688,149.93484497070312,56.82484436035156,-73.26002502441406,163.46234130859375,-57.89999771118164,-73.30245971679688,165.41250610351562
1711476164.8909762,-2.7799997329711914,-71.17752075195312,149.5448455810547,6.790003776550293,-71.70236206054688,149.93484497070312,56.82484436035156,-73.26002502441406,163.46234130859375,-57.89999771118164,-73.30245971679688,165.41250610351562
1711476164.9009995,-2.7799997329711914,-71.17752075195312,149.5448455810547,6.790003776550293,-71.70236206054688,149.93484497070312,56.82484436035156,-73.26002502441406,163.46234130859375,-57.89999771118164,-73.30245971679688,165.41250610351562
1711476164.9109857,-2.7799997329711914,-71.17752075195312,149.5448455810547,6.790003776550293,-71.70236206054688,149.93484497070312,56.82484436035156,-73.26002502441406,163.46234130859375,-57.89999771118164,-73.30245971679688,165.41250610351562
1711476164.9210033,-2.7799997329711914,-71.17752075195312,149.5448455810547,6.790003776550293,-71.70236206054688,149.93484497070312,56.82484436035156,-73.26002502441406,163.46234130859375,-57.89999771118164,-73.30245971679688,165.41250610351562
1711476164.9309974,-2.7799997329711914,-71.17752075195312,149.5448455810547,6.790003776550293,-71.70236206054688,149.93484497070312,56.82484436035156,-73.26002502441406,163.46234130859375,-57.89999771118164,-73.30245971679688,165.41250610351562
1711476164.9409788,-2.7799997329711914,-71.17752075195312,149.5448455810547,6.790003776550293,-71.70236206054688,149.93484497070312,56.82484436035156,-73.26002502441406,163.46234130859375,-57.89999771118164,-73.30245971679688,165.41250610351562
1711476164.9510024,-2.7799997329711914,-71.17752075195312,149.5448455810547,6.790003776550293,-71.70236206054688,149.93484497070312,56.82484436035156,-73.26002502441406,163.46234130859375,-57.89999771118164,-73.30245971679688,165.41250610351562
1711476164.9609814,-2.7799997329711914,-71.17752075195312,149.5448455810547,6.790003776550293,-71.70236206054688,149.93484497070312,56.82484436035156,-73.26002502441406,163.46234130859375,-57.89999771118164,-73.30245971679688,165.41250610351562
1711476164.9710007,-2.7799997329711914,-71.17752075195312,149.5448455810547,6.790003776550293,-71.70236206054688,149.93484497070312,56.82484436035156,-73.26002502441406,163.46234130859375,-57.89999771118164,-73.30245971679688,165.41250610351562
1711476164.9810112,-2.7799997329711914,-71.17752075195312,149.5448455810547,6.790003776550293,-71.70236206054688,149.93484497070312,56.82484436035156,-73.26002502441406,163.46234130859375,-57.89999771118164,-73.30245971679688,165.41250610351562
1711476164.990982,-2.7799997329711914,-71.17752075195312,149.5448455810547,6.790003776550293,-71.70236206054688,149.93484497070312,56.82484436035156,-73.26002502441406,163.46234130859375,-57.89999771118164,-73.30245971679688,165.41250610351562
1711476165.0009778,-2.7799997329711914,-71.17752075195312,149.5448455810547,6.790003776550293,-71.70236206054688,149.93484497070312,56.82484436035156,-73.26002502441406,163.46234130859375,-57.89999771118164,-73.30245971679688,165.41250610351562
1711476165.011016,-2.7799997329711914,-71.17752075195312,149.5448455810547,6.790003776550293,-71.70236206054688,149.93484497070312,56.82484436035156,-73.26002502441406,163.46234130859375,-57.89999771118164,-73.30245971679688,165.41250610351562
1711476165.0210023,-2.7799997329711914,-71.17752075195312,149.5448455810547,6.790003776550293,-71.70236206054688,149.93484497070312,56.82484436035156,-73.26002502441406,163.46234130859375,-57.89999771118164,-73.30245971679688,165.41250610351562
1711476165.0309868,-2.7799997329711914,-71.17752075195312,149.5448455810547,6.790003776550293,-71.70236206054688,149.93484497070312,56.82484436035156,-73.26002502441406,163.46234130859375,-57.89999771118164,-73.30245971679688,165.41250610351562
1711476165.0410125,-2.7799997329711914,-71.17752075195312,149.5448455810547,6.790003776550293,-71.70236206054688,149.93484497070312,56.82484436035156,-73.26002502441406,163.46234130859375,-57.89999771118164,-73.30245971679688,165.41250610351562
1711476165.0510237,-2.7799997329711914,-71.17752075195312,149.5448455810547,6.790003776550293,-71.70236206054688,149.93484497070312,56.82484436035156,-73.26002502441406,163.46234130859375,-57.89999771118164,-73.30245971679688,165.41250610351562
1711476165.061024,-2.7799997329711914,-71.17752075195312,149.5448455810547,6.790003776550293,-71.70236206054688,149.93484497070312,56.82484436035156,-73.26002502441406,163.46234130859375,-57.89999771118164,-73.30245971679688,165.41250610351562
1711476165.0710168,-2.7799997329711914,-71.17752075195312,149.5448455810547,6.790003776550293,-71.70236206054688,149.93484497070312,56.82484436035156,-73.26002502441406,163.46234130859375,-57.89999771118164,-73.30245971679688,165.41250610351562
1711476165.081007,-2.7799997329711914,-71.17752075195312,149.5448455810547,6.790003776550293,-71.70236206054688,149.93484497070312,56.82484436035156,-73.26002502441406,163.46234130859375,-57.89999771118164,-73.30245971679688,165.41250610351562
1711476165.0909998,-2.7799997329711914,-71.17752075195312,149.5448455810547,6.790003776550293,-71.70236206054688,149.93484497070312,56.82484436035156,-73.26002502441406,163.46234130859375,-57.89999771118164,-73.30245971679688,165.41250610351562
1711476165.1009839,-2.7799997329711914,-71.17752075195312,149.5448455810547,6.790003776550293,-71.70236206054688,149.93484497070312,56.82484436035156,-73.26002502441406,163.46234130859375,-57.89999771118164,-73.30245971679688,165.41250610351562
1711476165.1110137,-2.7799997329711914,-71.17752075195312,149.5448455810547,6.790003776550293,-71.70236206054688,149.93484497070312,56.82484436035156,-73.26002502441406,163.46234130859375,-57.89999771118164,-73.30245971679688,165.41250610351562
1711476165.1209874,-2.7799997329711914,-71.17752075195312,149.5448455810547,6.790003776550293,-71.70236206054688,149.93484497070312,56.82484436035156,-73.26002502441406,163.46234130859375,-57.89999771118164,-73.30245971679688,165.41250610351562
1711476165.1310306,-2.7799997329711914,-71.17752075195312,149.5448455810547,6.790003776550293,-71.70236206054688,149.93484497070312,56.82484436035156,-73.26002502441406,163.46234130859375,-57.89999771118164,-73.30245971679688,165.41250610351562
1711476165.1410112,-2.7799997329711914,-71.17752075195312,149.5448455810547,6.790003776550293,-71.70236206054688,149.93484497070312,56.82484436035156,-73.26002502441406,163.46234130859375,-57.89999771118164,-73.30245971679688,165.41250610351562
1711476165.150979,-2.7799997329711914,-71.17752075195312,149.5448455810547,6.790003776550293,-71.70236206054688,149.93484497070312,56.82484436035156,-73.26002502441406,163.46234130859375,-57.89999771118164,-73.30245971679688,165.41250610351562
1711476165.1610055,-2.7799997329711914,-71.17752075195312,149.5448455810547,6.790003776550293,-71.70236206054688,149.93484497070312,56.82484436035156,-73.26002502441406,163.46234130859375,-57.89999771118164,-73.30245971679688,165.41250610351562
1711476165.1710012,-2.7799997329711914,-71.17752075195312,149.5448455810547,6.790003776550293,-71.70236206054688,149.93484497070312,56.82484436035156,-73.26002502441406,163.46234130859375,-57.89999771118164,-73.30245971679688,165.41250610351562
1711476165.180989,-2.7799997329711914,-71.17752075195312,149.5448455810547,6.790003776550293,-71.70236206054688,149.93484497070312,56.82484436035156,-73.26002502441406,163.46234130859375,-57.89999771118164,-73.30245971679688,165.41250610351562
1711476165.191027,-2.7799997329711914,-71.17752075195312,149.5448455810547,6.790003776550293,-71.70236206054688,149.93484497070312,56.82484436035156,-73.26002502441406,163.46234130859375,-57.89999771118164,-73.30245971679688,165.41250610351562
1711476165.20101,-2.7799997329711914,-71.17752075195312,149.5448455810547,6.790003776550293,-71.70236206054688,149.93484497070312,56.82484436035156,-73.26002502441406,163.46234130859375,-57.89999771118164,-73.30245971679688,165.41250610351562
1711476165.211008,-2.7799997329711914,-71.17752075195312,149.5448455810547,6.790003776550293,-71.70236206054688,149.93484497070312,56.82484436035156,-73.26002502441406,163.46234130859375,-57.89999771118164,-73.30245971679688,165.41250610351562
1711476165.221004,-2.7799997329711914,-71.17752075195312,149.5448455810547,6.790003776550293,-71.70236206054688,149.93484497070312,56.82484436035156,-73.26002502441406,163.46234130859375,-57.89999771118164,-73.30245971679688,165.41250610351562
1711476165.2310076,-2.7799997329711914,-71.17752075195312,149.5448455810547,6.790003776550293,-71.70236206054688,149.93484497070312,56.82484436035156,-73.26002502441406,163.46234130859375,-57.89999771118164,-73.30245971679688,165.41250610351562
1711476165.241094,-2.7799997329711914,-71.17752075195312,149.5448455810547,6.790003776550293,-71.70236206054688,149.93484497070312,56.82484436035156,-73.26002502441406,163.46234130859375,-57.89999771118164,-73.30245971679688,165.41250610351562
1711476165.251005,-2.7799997329711914,-71.17752075195312,149.5448455810547,6.790003776550293,-71.70236206054688,149.93484497070312,56.82484436035156,-73.26002502441406,163.46234130859375,-57.89999771118164,-73.30245971679688,165.41250610351562
1711476165.2609985,-2.7799997329711914,-71.17752075195312,149.5448455810547,6.790003776550293,-71.70236206054688,149.93484497070312,56.82484436035156,-73.26002502441406,163.46234130859375,-57.89999771118164,-73.30245971679688,165.41250610351562
1711476165.2710142,-2.7799997329711914,-71.17752075195312,149.5448455810547,6.790003776550293,-71.70236206054688,149.93484497070312,56.82484436035156,-73.26002502441406,163.46234130859375,-57.89999771118164,-73.30245971679688,165.41250610351562
1711476165.2810183,-2.7799997329711914,-71.17752075195312,149.5448455810547,6.790003776550293,-71.70236206054688,149.93484497070312,56.82484436035156,-73.26002502441406,163.46234130859375,-57.89999771118164,-73.30245971679688,165.41250610351562
1711476165.2910008,-2.7799997329711914,-71.17752075195312,149.5448455810547,6.790003776550293,-71.70236206054688,149.93484497070312,56.82484436035156,-73.26002502441406,163.46234130859375,-57.89999771118164,-73.30245971679688,165.41250610351562
1711476165.3009994,-2.7799997329711914,-71.17752075195312,149.5448455810547,6.790003776550293,-71.70236206054688,149.93484497070312,56.82484436035156,-73.26002502441406,163.46234130859375,-57.89999771118164,-73.30245971679688,165.41250610351562
1711476165.311015,-2.7799997329711914,-71.17752075195312,149.5448455810547,6.790003776550293,-71.70236206054688,149.93484497070312,56.82484436035156,-73.26002502441406,163.46234130859375,-57.89999771118164,-73.30245971679688,165.41250610351562
1711476165.3210263,-2.7799997329711914,-71.17752075195312,149.5448455810547,6.790003776550293,-71.70236206054688,149.93484497070312,56.82484436035156,-73.26002502441406,163.46234130859375,-57.89999771118164,-73.30245971679688,165.41250610351562
1711476165.3309996,-2.7799997329711914,-71.17752075195312,149.5448455810547,6.790003776550293,-71.70236206054688,149.93484497070312,56.82484436035156,-73.26002502441406,163.46234130859375,-57.89999771118164,-73.30245971679688,165.41250610351562
1711476165.3410301,-2.7799997329711914,-71.17752075195312,149.5448455810547,6.790003776550293,-71.70236206054688,149.93484497070312,56.82484436035156,-73.26002502441406,163.46234130859375,-57.89999771118164,-73.30245971679688,165.41250610351562
1711476165.3510132,-2.7799997329711914,-71.17752075195312,149.5448455810547,6.790003776550293,-71.70236206054688,149.93484497070312,56.82484436035156,-73.26002502441406,163.46234130859375,-57.89999771118164,-73.30245971679688,165.41250610351562
1711476165.3610148,-2.7799997329711914,-71.17752075195312,149.5448455810547,6.790003776550293,-71.70236206054688,149.93484497070312,56.82484436035156,-73.26002502441406,163.46234130859375,-57.89999771118164,-73.30245971679688,165.41250610351562
1711476165.3710048,-2.7799997329711914,-71.17752075195312,149.5448455810547,6.790003776550293,-71.70236206054688,149.93484497070312,56.82484436035156,-73.26002502441406,163.46234130859375,-57.89999771118164,-73.30245971679688,165.41250610351562
1711476165.3809977,-2.7799997329711914,-71.17752075195312,149.5448455810547,6.790003776550293,-71.70236206054688,149.93484497070312,56.82484436035156,-73.26002502441406,163.46234130859375,-57.89999771118164,-73.30245971679688,165.41250610351562
1711476165.3910596,-2.7799997329711914,-71.17752075195312,149.5448455810547,6.790003776550293,-71.70236206054688,149.93484497070312,56.82484436035156,-73.26002502441406,163.46234130859375,-57.89999771118164,-73.30245971679688,165.41250610351562
1711476165.40103,-2.7799997329711914,-71.17752075195312,149.5448455810547,6.790003776550293,-71.70236206054688,149.93484497070312,56.82484436035156,-73.26002502441406,163.46234130859375,-57.89999771118164,-73.30245971679688,165.41250610351562
1711476165.4110126,-2.7799997329711914,-71.17752075195312,149.5448455810547,6.790003776550293,-71.70236206054688,149.93484497070312,56.82484436035156,-73.26002502441406,163.46234130859375,-57.89999771118164,-73.30245971679688,165.41250610351562
1711476165.421029,-2.7799997329711914,-71.17752075195312,149.5448455810547,6.790003776550293,-71.70236206054688,149.93484497070312,56.82484436035156,-73.26002502441406,163.46234130859375,-57.89999771118164,-73.30245971679688,165.41250610351562
1711476165.4310176,-2.7799997329711914,-71.17752075195312,149.5448455810547,6.790003776550293,-71.70236206054688,149.93484497070312,56.82484436035156,-73.26002502441406,163.46234130859375,-57.89999771118164,-73.30245971679688,165.41250610351562
1711476165.4410143,-2.7799997329711914,-71.17752075195312,149.5448455810547,6.790003776550293,-71.70236206054688,149.93484497070312,56.82484436035156,-73.26002502441406,163.46234130859375,-57.89999771118164,-73.30245971679688,165.41250610351562
1711476165.4509938,-2.7799997329711914,-71.17752075195312,149.5448455810547,6.790003776550293,-71.70236206054688,149.93484497070312,56.82484436035156,-73.26002502441406,163.46234130859375,-57.89999771118164,-73.30245971679688,165.41250610351562
1711476165.4610276,-2.7799997329711914,-71.17752075195312,149.5448455810547,6.790003776550293,-71.70236206054688,149.93484497070312,56.82484436035156,-73.26002502441406,163.46234130859375,-57.89999771118164,-73.30245971679688,165.41250610351562
1711476165.4710147,-2.7799997329711914,-71.17752075195312,149.5448455810547,6.790003776550293,-71.70236206054688,149.93484497070312,56.82484436035156,-73.26002502441406,163.46234130859375,-57.89999771118164,-73.30245971679688,165.41250610351562
1711476165.4810178,-2.7799997329711914,-71.17752075195312,149.5448455810547,6.790003776550293,-71.70236206054688,149.93484497070312,56.82484436035156,-73.26002502441406,163.46234130859375,-57.89999771118164,-73.30245971679688,165.41250610351562
1711476165.4910393,-2.7799997329711914,-71.17752075195312,149.5448455810547,6.790003776550293,-71.70236206054688,149.93484497070312,56.82484436035156,-73.26002502441406,163.46234130859375,-57.89999771118164,-73.30245971679688,165.41250610351562
1711476165.5010173,-2.7799997329711914,-71.17752075195312,149.5448455810547,6.790003776550293,-71.70236206054688,149.93484497070312,56.82484436035156,-73.26002502441406,163.46234130859375,-57.89999771118164,-73.30245971679688,165.41250610351562
1711476165.5111215,-2.7799997329711914,-71.17752075195312,149.5448455810547,6.790003776550293,-71.70236206054688,149.93484497070312,56.82484436035156,-73.26002502441406,163.46234130859375,-57.89999771118164,-73.30245971679688,165.41250610351562
1711476165.5210078,-2.7799997329711914,-71.17752075195312,149.5448455810547,6.790003776550293,-71.70236206054688,149.93484497070312,56.82484436035156,-73.26002502441406,163.46234130859375,-57.89999771118164,-73.30245971679688,165.41250610351562
1711476165.5310144,-2.7799997329711914,-71.17752075195312,149.5448455810547,6.790003776550293,-71.70236206054688,149.93484497070312,56.82484436035156,-73.26002502441406,163.46234130859375,-57.89999771118164,-73.30245971679688,165.41250610351562
1711476165.541016,-2.7799997329711914,-71.17752075195312,149.5448455810547,6.790003776550293,-71.70236206054688,149.93484497070312,56.82484436035156,-73.26002502441406,163.46234130859375,-57.89999771118164,-73.30245971679688,165.41250610351562
1711476165.5510204,-2.7799997329711914,-71.17752075195312,149.5448455810547,6.790003776550293,-71.70236206054688,149.93484497070312,56.82484436035156,-73.26002502441406,163.46234130859375,-57.89999771118164,-73.30245971679688,165.41250610351562
1711476165.5610287,-2.7799997329711914,-71.17752075195312,149.5448455810547,6.790003776550293,-71.70236206054688,149.93484497070312,56.82484436035156,-73.26002502441406,163.46234130859375,-57.89999771118164,-73.30245971679688,165.41250610351562
1711476165.5710266,-2.7799997329711914,-71.17752075195312,149.5448455810547,6.790003776550293,-71.70236206054688,149.93484497070312,56.82484436035156,-73.26002502441406,163.46234130859375,-57.89999771118164,-73.30245971679688,165.41250610351562
1711476165.581008,-2.7799997329711914,-71.17752075195312,149.5448455810547,6.790003776550293,-71.70236206054688,149.93484497070312,56.82484436035156,-73.26002502441406,163.46234130859375,-57.89999771118164,-73.30245971679688,165.41250610351562
1711476165.5910423,-2.7799997329711914,-71.17752075195312,149.5448455810547,6.790003776550293,-71.70236206054688,149.93484497070312,56.82484436035156,-73.26002502441406,163.46234130859375,-57.89999771118164,-73.30245971679688,165.41250610351562
1711476165.6010244,-2.7799997329711914,-71.17752075195312,149.5448455810547,6.790003776550293,-71.70236206054688,149.93484497070312,56.82484436035156,-73.26002502441406,163.46234130859375,-57.89999771118164,-73.30245971679688,165.41250610351562
1711476165.611035,-2.7799997329711914,-71.17752075195312,149.5448455810547,6.790003776550293,-71.70236206054688,149.93484497070312,56.82484436035156,-73.26002502441406,163.46234130859375,-57.89999771118164,-73.30245971679688,165.41250610351562
1711476165.62101,-2.7799997329711914,-71.17752075195312,149.5448455810547,6.790003776550293,-71.70236206054688,149.93484497070312,56.82484436035156,-73.26002502441406,163.46234130859375,-57.89999771118164,-73.30245971679688,165.41250610351562
1711476165.6310332,-2.7799997329711914,-71.17752075195312,149.5448455810547,6.790003776550293,-71.70236206054688,149.93484497070312,56.82484436035156,-73.26002502441406,163.46234130859375,-57.89999771118164,-73.30245971679688,165.41250610351562
1711476165.6410477,-2.7799997329711914,-71.17752075195312,149.5448455810547,6.790003776550293,-71.70236206054688,149.93484497070312,56.82484436035156,-73.26002502441406,163.46234130859375,-57.89999771118164,-73.30245971679688,165.41250610351562
1711476165.6510391,-2.7799997329711914,-71.17752075195312,149.5448455810547,6.790003776550293,-71.70236206054688,149.93484497070312,56.82484436035156,-73.26002502441406,163.46234130859375,-57.89999771118164,-73.30245971679688,165.41250610351562
1711476165.6610126,-2.7799997329711914,-71.17752075195312,149.5448455810547,6.790003776550293,-71.70236206054688,149.93484497070312,56.82484436035156,-73.26002502441406,163.46234130859375,-57.89999771118164,-73.30245971679688,165.41250610351562
1711476165.6710374,-2.7799997329711914,-71.17752075195312,149.5448455810547,6.790003776550293,-71.70236206054688,149.93484497070312,56.82484436035156,-73.26002502441406,163.46234130859375,-57.89999771118164,-73.30245971679688,165.41250610351562
1711476165.6810126,-2.7799997329711914,-71.17752075195312,149.5448455810547,6.790003776550293,-71.70236206054688,149.93484497070312,56.82484436035156,-73.26002502441406,163.46234130859375,-57.89999771118164,-73.30245971679688,165.41250610351562
1711476165.6910262,-2.7799997329711914,-71.17752075195312,149.5448455810547,6.790003776550293,-71.70236206054688,149.93484497070312,56.82484436035156,-73.26002502441406,163.46234130859375,-57.89999771118164,-73.30245971679688,165.41250610351562
1711476165.70102,-2.7799997329711914,-71.17752075195312,149.5448455810547,6.790003776550293,-71.70236206054688,149.93484497070312,56.82484436035156,-73.26002502441406,163.46234130859375,-57.89999771118164,-73.30245971679688,165.41250610351562
1711476165.7110348,-2.7799997329711914,-71.17752075195312,149.5448455810547,6.790003776550293,-71.70236206054688,149.93484497070312,56.82484436035156,-73.26002502441406,163.46234130859375,-57.89999771118164,-73.30245971679688,165.41250610351562
1711476165.7210248,-2.7799997329711914,-71.17752075195312,149.5448455810547,6.790003776550293,-71.70236206054688,149.93484497070312,56.82484436035156,-73.26002502441406,163.46234130859375,-57.89999771118164,-73.30245971679688,165.41250610351562
1711476165.7310312,-2.7799997329711914,-71.17752075195312,149.5448455810547,6.790003776550293,-71.70236206054688,149.93484497070312,56.82484436035156,-73.26002502441406,163.46234130859375,-57.89999771118164,-73.30245971679688,165.41250610351562
1711476165.7410586,-2.7799997329711914,-71.17752075195312,149.5448455810547,6.790003776550293,-71.70236206054688,149.93484497070312,56.82484436035156,-73.26002502441406,163.46234130859375,-57.89999771118164,-73.30245971679688,165.41250610351562
1711476165.7510414,-2.7799997329711914,-71.17752075195312,149.5448455810547,6.790003776550293,-71.70236206054688,149.93484497070312,56.82484436035156,-73.26002502441406,163.46234130859375,-57.89999771118164,-73.30245971679688,165.41250610351562
1711476165.7610385,-2.7799997329711914,-71.17752075195312,149.5448455810547,6.790003776550293,-71.70236206054688,149.93484497070312,56.82484436035156,-73.26002502441406,163.46234130859375,-57.89999771118164,-73.30245971679688,165.41250610351562
1711476165.7710428,-2.7799997329711914,-71.17752075195312,149.5448455810547,6.790003776550293,-71.70236206054688,149.93484497070312,56.82484436035156,-73.26002502441406,163.46234130859375,-57.89999771118164,-73.30245971679688,165.41250610351562
1711476165.7810297,-2.7799997329711914,-71.17752075195312,149.5448455810547,6.790003776550293,-71.70236206054688,149.93484497070312,56.82484436035156,-73.26002502441406,163.46234130859375,-57.89999771118164,-73.30245971679688,165.41250610351562
1711476165.7911007,-2.7799997329711914,-71.17752075195312,149.5448455810547,6.790003776550293,-71.70236206054688,149.93484497070312,56.82484436035156,-73.26002502441406,163.46234130859375,-57.89999771118164,-73.30245971679688,165.41250610351562
1711476165.8010385,-2.7799997329711914,-71.17752075195312,149.5448455810547,6.790003776550293,-71.70236206054688,149.93484497070312,56.82484436035156,-73.26002502441406,163.46234130859375,-57.89999771118164,-73.30245971679688,165.41250610351562
1711476165.811036,-2.7799997329711914,-71.17752075195312,149.5448455810547,6.790003776550293,-71.70236206054688,149.93484497070312,56.82484436035156,-73.26002502441406,163.46234130859375,-57.89999771118164,-73.30245971679688,165.41250610351562
1711476165.8210213,-2.7799997329711914,-71.17752075195312,149.5448455810547,6.790003776550293,-71.70236206054688,149.93484497070312,56.82484436035156,-73.26002502441406,163.46234130859375,-57.89999771118164,-73.30245971679688,165.41250610351562
1711476165.8310142,-2.7799997329711914,-71.17752075195312,149.5448455810547,6.790003776550293,-71.70236206054688,149.93484497070312,56.82484436035156,-73.26002502441406,163.46234130859375,-57.89999771118164,-73.30245971679688,165.41250610351562
1711476165.841041,-2.7799997329711914,-71.17752075195312,149.5448455810547,6.790003776550293,-71.70236206054688,149.93484497070312,56.82484436035156,-73.26002502441406,163.46234130859375,-57.89999771118164,-73.30245971679688,165.41250610351562
1711476165.8510406,-2.7799997329711914,-71.17752075195312,149.5448455810547,6.790003776550293,-71.70236206054688,149.93484497070312,56.82484436035156,-73.26002502441406,163.46234130859375,-57.89999771118164,-73.30245971679688,165.41250610351562
1711476165.8610284,-2.7799997329711914,-71.17752075195312,149.5448455810547,6.790003776550293,-71.70236206054688,149.93484497070312,56.82484436035156,-73.26002502441406,163.46234130859375,-57.89999771118164,-73.30245971679688,165.41250610351562
1711476165.8710296,-2.7799997329711914,-71.17752075195312,149.5448455810547,6.790003776550293,-71.70236206054688,149.93484497070312,56.82484436035156,-73.26002502441406,163.46234130859375,-57.89999771118164,-73.30245971679688,165.41250610351562
1711476165.8810391,-2.7799997329711914,-71.17752075195312,149.5448455810547,6.790003776550293,-71.70236206054688,149.93484497070312,56.82484436035156,-73.26002502441406,163.46234130859375,-57.89999771118164,-73.30245971679688,165.41250610351562
1711476165.8912237,-2.7799997329711914,-71.17752075195312,149.5448455810547,6.790003776550293,-71.70236206054688,149.93484497070312,56.82484436035156,-73.26002502441406,163.46234130859375,-57.89999771118164,-73.30245971679688,165.41250610351562
1711476165.9010324,-2.7799997329711914,-71.17752075195312,149.5448455810547,6.790003776550293,-71.70236206054688,149.93484497070312,56.82484436035156,-73.26002502441406,163.46234130859375,-57.89999771118164,-73.30245971679688,165.41250610351562
1711476165.9110494,-2.7799997329711914,-71.17752075195312,149.5448455810547,6.790003776550293,-71.70236206054688,149.93484497070312,56.82484436035156,-73.26002502441406,163.46234130859375,-57.89999771118164,-73.30245971679688,165.41250610351562
1711476165.9210455,-2.7799997329711914,-71.17752075195312,149.5448455810547,6.790003776550293,-71.70236206054688,149.93484497070312,56.82484436035156,-73.26002502441406,163.46234130859375,-57.89999771118164,-73.30245971679688,165.41250610351562
1711476165.9310338,-2.7799997329711914,-71.17752075195312,149.5448455810547,6.790003776550293,-71.70236206054688,149.93484497070312,56.82484436035156,-73.26002502441406,163.46234130859375,-57.89999771118164,-73.30245971679688,165.41250610351562
1711476165.941041,-2.7799997329711914,-71.17752075195312,149.5448455810547,6.790003776550293,-71.70236206054688,149.93484497070312,56.82484436035156,-73.26002502441406,163.46234130859375,-57.89999771118164,-73.30245971679688,165.41250610351562
1711476165.9510322,-2.7799997329711914,-71.17752075195312,149.5448455810547,6.790003776550293,-71.70236206054688,149.93484497070312,56.82484436035156,-73.26002502441406,163.46234130859375,-57.89999771118164,-73.30245971679688,165.41250610351562
1711476165.9610295,-2.7799997329711914,-71.17752075195312,149.5448455810547,6.790003776550293,-71.70236206054688,149.93484497070312,56.82484436035156,-73.26002502441406,163.46234130859375,-57.89999771118164,-73.30245971679688,165.41250610351562
1711476165.9710414,-2.7799997329711914,-71.17752075195312,149.5448455810547,6.790003776550293,-71.70236206054688,149.93484497070312,56.82484436035156,-73.26002502441406,163.46234130859375,-57.89999771118164,-73.30245971679688,165.41250610351562
1711476165.9810355,-2.7799997329711914,-71.17752075195312,149.5448455810547,6.790003776550293,-71.70236206054688,149.93484497070312,56.82484436035156,-73.26002502441406,163.46234130859375,-57.89999771118164,-73.30245971679688,165.41250610351562
1711476165.9910266,-2.7799997329711914,-71.17752075195312,149.5448455810547,6.790003776550293,-71.70236206054688,149.93484497070312,56.82484436035156,-73.26002502441406,163.46234130859375,-57.89999771118164,-73.30245971679688,165.41250610351562
1711476166.001051,-2.7799997329711914,-71.17752075195312,149.5448455810547,6.790003776550293,-71.70236206054688,149.93484497070312,56.82484436035156,-73.26002502441406,163.46234130859375,-57.89999771118164,-73.30245971679688,165.41250610351562
1711476166.011045,-2.7799997329711914,-71.17752075195312,149.5448455810547,6.790003776550293,-71.70236206054688,149.93484497070312,56.82484436035156,-73.26002502441406,163.46234130859375,-57.89999771118164,-73.30245971679688,165.41250610351562
1711476166.021032,-2.7799997329711914,-71.17752075195312,149.5448455810547,6.790003776550293,-71.70236206054688,149.93484497070312,56.82484436035156,-73.26002502441406,163.46234130859375,-57.89999771118164,-73.30245971679688,165.41250610351562
1711476166.0310497,-2.7799997329711914,-71.17752075195312,149.5448455810547,6.790003776550293,-71.70236206054688,149.93484497070312,56.82484436035156,-73.26002502441406,163.46234130859375,-57.89999771118164,-73.30245971679688,165.41250610351562
1711476166.0410316,-2.7799997329711914,-71.17752075195312,149.5448455810547,6.790003776550293,-71.70236206054688,149.93484497070312,56.82484436035156,-73.26002502441406,163.46234130859375,-57.89999771118164,-73.30245971679688,165.41250610351562
1711476166.0510383,-2.7799997329711914,-71.17752075195312,149.5448455810547,6.790003776550293,-71.70236206054688,149.93484497070312,56.82484436035156,-73.26002502441406,163.46234130859375,-57.89999771118164,-73.30245971679688,165.41250610351562
1711476166.0610545,-2.7799997329711914,-71.17752075195312,149.5448455810547,6.790003776550293,-71.70236206054688,149.93484497070312,56.82484436035156,-73.26002502441406,163.46234130859375,-57.89999771118164,-73.30245971679688,165.41250610351562
1711476166.071056,-2.7799997329711914,-71.17752075195312,149.5448455810547,6.790003776550293,-71.70236206054688,149.93484497070312,56.82484436035156,-73.26002502441406,163.46234130859375,-57.89999771118164,-73.30245971679688,165.41250610351562
1711476166.081029,-2.7799997329711914,-71.17752075195312,149.5448455810547,6.790003776550293,-71.70236206054688,149.93484497070312,56.82484436035156,-73.26002502441406,163.46234130859375,-57.89999771118164,-73.30245971679688,165.41250610351562
1711476166.0910296,-2.7799997329711914,-71.17752075195312,149.5448455810547,6.790003776550293,-71.70236206054688,149.93484497070312,56.82484436035156,-73.26002502441406,163.46234130859375,-57.89999771118164,-73.30245971679688,165.41250610351562
1711476166.1010325,-2.7799997329711914,-71.17752075195312,149.5448455810547,6.790003776550293,-71.70236206054688,149.93484497070312,56.82484436035156,-73.26002502441406,163.46234130859375,-57.89999771118164,-73.30245971679688,165.41250610351562
1711476166.1110306,-2.7799997329711914,-71.17752075195312,149.5448455810547,6.790003776550293,-71.70236206054688,149.93484497070312,56.82484436035156,-73.26002502441406,163.46234130859375,-57.89999771118164,-73.30245971679688,165.41250610351562
1711476166.1210606,-2.7799997329711914,-71.17752075195312,149.5448455810547,6.790003776550293,-71.70236206054688,149.93484497070312,56.82484436035156,-73.26002502441406,163.46234130859375,-57.89999771118164,-73.30245971679688,165.41250610351562
1711476166.131045,-2.7799997329711914,-71.17752075195312,149.5448455810547,6.790003776550293,-71.70236206054688,149.93484497070312,56.82484436035156,-73.26002502441406,163.46234130859375,-57.89999771118164,-73.30245971679688,165.41250610351562
1711476166.141041,-2.7799997329711914,-71.17752075195312,149.5448455810547,6.790003776550293,-71.70236206054688,149.93484497070312,56.82484436035156,-73.26002502441406,163.46234130859375,-57.89999771118164,-73.30245971679688,165.41250610351562
1711476166.1510606,-2.7799997329711914,-71.17752075195312,149.5448455810547,6.790003776550293,-71.70236206054688,149.93484497070312,56.82484436035156,-73.26002502441406,163.46234130859375,-57.89999771118164,-73.30245971679688,165.41250610351562
1711476166.1610475,-2.7799997329711914,-71.17752075195312,149.5448455810547,6.790003776550293,-71.70236206054688,149.93484497070312,56.82484436035156,-73.26002502441406,163.46234130859375,-57.89999771118164,-73.30245971679688,165.41250610351562
1711476166.1710298,-2.7799997329711914,-71.17752075195312,149.5448455810547,6.790003776550293,-71.70236206054688,149.93484497070312,56.82484436035156,-73.26002502441406,163.46234130859375,-57.89999771118164,-73.30245971679688,165.41250610351562
1711476166.1810362,-2.7799997329711914,-71.17752075195312,149.5448455810547,6.790003776550293,-71.70236206054688,149.93484497070312,56.82484436035156,-73.26002502441406,163.46234130859375,-57.89999771118164,-73.30245971679688,165.41250610351562
1711476166.1910417,-2.7799997329711914,-71.17752075195312,149.5448455810547,6.790003776550293,-71.70236206054688,149.93484497070312,56.82484436035156,-73.26002502441406,163.46234130859375,-57.89999771118164,-73.30245971679688,165.41250610351562
1711476166.2010365,-2.7799997329711914,-71.17752075195312,149.5448455810547,6.790003776550293,-71.70236206054688,149.93484497070312,56.82484436035156,-73.26002502441406,163.46234130859375,-57.89999771118164,-73.30245971679688,165.41250610351562
1711476166.2110543,-2.7799997329711914,-71.17752075195312,149.5448455810547,6.790003776550293,-71.70236206054688,149.93484497070312,56.82484436035156,-73.26002502441406,163.46234130859375,-57.89999771118164,-73.30245971679688,165.41250610351562
1711476166.2210405,-2.7799997329711914,-71.17752075195312,149.5448455810547,6.790003776550293,-71.70236206054688,149.93484497070312,56.82484436035156,-73.26002502441406,163.46234130859375,-57.89999771118164,-73.30245971679688,165.41250610351562
1711476166.231044,-2.7799997329711914,-71.17752075195312,149.5448455810547,6.790003776550293,-71.70236206054688,149.93484497070312,56.82484436035156,-73.26002502441406,163.46234130859375,-57.89999771118164,-73.30245971679688,165.41250610351562
1711476166.2410738,-2.7799997329711914,-71.17752075195312,149.5448455810547,6.790003776550293,-71.70236206054688,149.93484497070312,56.82484436035156,-73.26002502441406,163.46234130859375,-57.89999771118164,-73.30245971679688,165.41250610351562
1711476166.2510605,-2.7799997329711914,-71.17752075195312,149.5448455810547,6.790003776550293,-71.70236206054688,149.93484497070312,56.82484436035156,-73.26002502441406,163.46234130859375,-57.89999771118164,-73.30245971679688,165.41250610351562
1711476166.261059,-2.7799997329711914,-71.17752075195312,149.5448455810547,6.790003776550293,-71.70236206054688,149.93484497070312,56.82484436035156,-73.26002502441406,163.46234130859375,-57.89999771118164,-73.30245971679688,165.41250610351562
1711476166.2710557,-2.7799997329711914,-71.17752075195312,149.5448455810547,6.790003776550293,-71.70236206054688,149.93484497070312,56.82484436035156,-73.26002502441406,163.46234130859375,-57.89999771118164,-73.30245971679688,165.41250610351562
1711476166.281078,-2.7799997329711914,-71.17752075195312,149.5448455810547,6.790003776550293,-71.70236206054688,149.93484497070312,56.82484436035156,-73.26002502441406,163.46234130859375,-57.89999771118164,-73.30245971679688,165.41250610351562
1711476166.2910583,-2.7799997329711914,-71.17752075195312,149.5448455810547,6.790003776550293,-71.70236206054688,149.93484497070312,56.82484436035156,-73.26002502441406,163.46234130859375,-57.89999771118164,-73.30245971679688,165.41250610351562
1711476166.301065,-2.7799997329711914,-71.17752075195312,149.5448455810547,6.790003776550293,-71.70236206054688,149.93484497070312,56.82484436035156,-73.26002502441406,163.46234130859375,-57.89999771118164,-73.30245971679688,165.41250610351562
1711476166.3110652,-2.7799997329711914,-71.17752075195312,149.5448455810547,6.790003776550293,-71.70236206054688,149.93484497070312,56.82484436035156,-73.26002502441406,163.46234130859375,-57.89999771118164,-73.30245971679688,165.41250610351562
1711476166.321079,-2.7799997329711914,-71.17752075195312,149.5448455810547,6.790003776550293,-71.70236206054688,149.93484497070312,56.82484436035156,-73.26002502441406,163.46234130859375,-57.89999771118164,-73.30245971679688,165.41250610351562
1711476166.33108,-2.7799997329711914,-71.17752075195312,149.5448455810547,6.790003776550293,-71.70236206054688,149.93484497070312,56.82484436035156,-73.26002502441406,163.46234130859375,-57.89999771118164,-73.30245971679688,165.41250610351562
1711476166.3410776,-2.7799997329711914,-71.17752075195312,149.5448455810547,6.790003776550293,-71.70236206054688,149.93484497070312,56.82484436035156,-73.26002502441406,163.46234130859375,-57.89999771118164,-73.30245971679688,165.41250610351562
1711476166.3510473,-2.7799997329711914,-71.17752075195312,149.5448455810547,6.790003776550293,-71.70236206054688,149.93484497070312,56.82484436035156,-73.26002502441406,163.46234130859375,-57.89999771118164,-73.30245971679688,165.41250610351562
1711476166.3610647,-2.7799997329711914,-71.17752075195312,149.5448455810547,6.790003776550293,-71.70236206054688,149.93484497070312,56.82484436035156,-73.26002502441406,163.46234130859375,-57.89999771118164,-73.30245971679688,165.41250610351562
1711476166.3710759,-2.7799997329711914,-71.17752075195312,149.5448455810547,6.790003776550293,-71.70236206054688,149.93484497070312,56.82484436035156,-73.26002502441406,163.46234130859375,-57.89999771118164,-73.30245971679688,165.41250610351562
1711476166.3811321,-2.7799997329711914,-71.17752075195312,149.5448455810547,6.790003776550293,-71.70236206054688,149.93484497070312,56.82484436035156,-73.26002502441406,163.46234130859375,-57.89999771118164,-73.30245971679688,165.41250610351562
1711476166.3910587,-2.7799997329711914,-71.17752075195312,149.5448455810547,6.790003776550293,-71.70236206054688,149.93484497070312,56.82484436035156,-73.26002502441406,163.46234130859375,-57.89999771118164,-73.30245971679688,165.41250610351562
1711476166.401065,-2.7799997329711914,-71.17752075195312,149.5448455810547,6.790003776550293,-71.70236206054688,149.93484497070312,56.82484436035156,-73.26002502441406,163.46234130859375,-57.89999771118164,-73.30245971679688,165.41250610351562
1711476166.4110606,-2.7799997329711914,-71.17752075195312,149.5448455810547,6.790003776550293,-71.70236206054688,149.93484497070312,56.82484436035156,-73.26002502441406,163.46234130859375,-57.89999771118164,-73.30245971679688,165.41250610351562
1711476166.4210763,-2.7799997329711914,-71.17752075195312,149.5448455810547,6.790003776550293,-71.70236206054688,149.93484497070312,56.82484436035156,-73.26002502441406,163.46234130859375,-57.89999771118164,-73.30245971679688,165.41250610351562
1711476166.4310696,-2.7799997329711914,-71.17752075195312,149.5448455810547,6.790003776550293,-71.70236206054688,149.93484497070312,56.82484436035156,-73.26002502441406,163.46234130859375,-57.89999771118164,-73.30245971679688,165.41250610351562
1711476166.4411592,-2.7799997329711914,-71.17752075195312,149.5448455810547,6.790003776550293,-71.70236206054688,149.93484497070312,56.82484436035156,-73.26002502441406,163.46234130859375,-57.89999771118164,-73.30245971679688,165.41250610351562
1711476166.451061,-2.7799997329711914,-71.17752075195312,149.5448455810547,6.790003776550293,-71.70236206054688,149.93484497070312,56.82484436035156,-73.26002502441406,163.46234130859375,-57.89999771118164,-73.30245971679688,165.41250610351562
1711476166.4611046,-2.7799997329711914,-71.17752075195312,149.5448455810547,6.790003776550293,-71.70236206054688,149.93484497070312,56.82484436035156,-73.26002502441406,163.46234130859375,-57.89999771118164,-73.30245971679688,165.41250610351562
1711476166.4710615,-2.7799997329711914,-71.17752075195312,149.5448455810547,6.790003776550293,-71.70236206054688,149.93484497070312,56.82484436035156,-73.26002502441406,163.46234130859375,-57.89999771118164,-73.30245971679688,165.41250610351562
1711476166.4810724,-2.7799997329711914,-71.17752075195312,149.5448455810547,6.790003776550293,-71.70236206054688,149.93484497070312,56.82484436035156,-73.26002502441406,163.46234130859375,-57.89999771118164,-73.30245971679688,165.41250610351562
1711476166.491086,-2.7799997329711914,-71.17752075195312,149.5448455810547,6.790003776550293,-71.70236206054688,149.93484497070312,56.82484436035156,-73.26002502441406,163.46234130859375,-57.89999771118164,-73.30245971679688,165.41250610351562
1711476166.5010695,-2.7799997329711914,-71.17752075195312,149.5448455810547,6.790003776550293,-71.70236206054688,149.93484497070312,56.82484436035156,-73.26002502441406,163.46234130859375,-57.89999771118164,-73.30245971679688,165.41250610351562
1711476166.5110688,-2.7799997329711914,-71.17752075195312,149.5448455810547,6.790003776550293,-71.70236206054688,149.93484497070312,56.82484436035156,-73.26002502441406,163.46234130859375,-57.89999771118164,-73.30245971679688,165.41250610351562
1711476166.5211008,-2.7799997329711914,-71.17752075195312,149.5448455810547,6.790003776550293,-71.70236206054688,149.93484497070312,56.82484436035156,-73.26002502441406,163.46234130859375,-57.89999771118164,-73.30245971679688,165.41250610351562
1711476166.531071,-2.7799997329711914,-71.17752075195312,149.5448455810547,6.790003776550293,-71.70236206054688,149.93484497070312,56.82484436035156,-73.26002502441406,163.46234130859375,-57.89999771118164,-73.30245971679688,165.41250610351562
1711476166.5410624,-2.7799997329711914,-71.17752075195312,149.5448455810547,6.790003776550293,-71.70236206054688,149.93484497070312,56.82484436035156,-73.26002502441406,163.46234130859375,-57.89999771118164,-73.30245971679688,165.41250610351562
1711476166.5510795,-2.7799997329711914,-71.17752075195312,149.5448455810547,6.790003776550293,-71.70236206054688,149.93484497070312,56.82484436035156,-73.26002502441406,163.46234130859375,-57.89999771118164,-73.30245971679688,165.41250610351562
1711476166.5611508,-2.7799997329711914,-71.17752075195312,149.5448455810547,6.790003776550293,-71.70236206054688,149.93484497070312,56.82484436035156,-73.26002502441406,163.46234130859375,-57.89999771118164,-73.30245971679688,165.41250610351562
1711476166.5710835,-2.7799997329711914,-71.17752075195312,149.5448455810547,6.790003776550293,-71.70236206054688,149.93484497070312,56.82484436035156,-73.26002502441406,163.46234130859375,-57.89999771118164,-73.30245971679688,165.41250610351562
1711476166.5810857,-2.7799997329711914,-71.17752075195312,149.5448455810547,6.790003776550293,-71.70236206054688,149.93484497070312,56.82484436035156,-73.26002502441406,163.46234130859375,-57.89999771118164,-73.30245971679688,165.41250610351562
1711476166.5910993,-2.7799997329711914,-71.17752075195312,149.5448455810547,6.790003776550293,-71.70236206054688,149.93484497070312,56.82484436035156,-73.26002502441406,163.46234130859375,-57.89999771118164,-73.30245971679688,165.41250610351562
1711476166.6010904,-2.7799997329711914,-71.17752075195312,149.5448455810547,6.790003776550293,-71.70236206054688,149.93484497070312,56.82484436035156,-73.26002502441406,163.46234130859375,-57.89999771118164,-73.30245971679688,165.41250610351562
1711476166.6111498,-2.7799997329711914,-71.17752075195312,149.5448455810547,6.790003776550293,-71.70236206054688,149.93484497070312,56.82484436035156,-73.26002502441406,163.46234130859375,-57.89999771118164,-73.30245971679688,165.41250610351562
1711476166.6210833,-2.7799997329711914,-71.17752075195312,149.5448455810547,6.790003776550293,-71.70236206054688,149.93484497070312,56.82484436035156,-73.26002502441406,163.46234130859375,-57.89999771118164,-73.30245971679688,165.41250610351562
1711476166.6311455,-2.7799997329711914,-71.17752075195312,149.5448455810547,6.790003776550293,-71.70236206054688,149.93484497070312,56.82484436035156,-73.26002502441406,163.46234130859375,-57.89999771118164,-73.30245971679688,165.41250610351562
1711476166.6411104,-2.7799997329711914,-71.17752075195312,149.5448455810547,6.790003776550293,-71.70236206054688,149.93484497070312,56.82484436035156,-73.26002502441406,163.46234130859375,-57.89999771118164,-73.30245971679688,165.41250610351562
1711476166.6510694,-2.7799997329711914,-71.17752075195312,149.5448455810547,6.790003776550293,-71.70236206054688,149.93484497070312,56.82484436035156,-73.26002502441406,163.46234130859375,-57.89999771118164,-73.30245971679688,165.41250610351562
1711476166.6610863,-2.7799997329711914,-71.17752075195312,149.5448455810547,6.790003776550293,-71.70236206054688,149.93484497070312,56.82484436035156,-73.26002502441406,163.46234130859375,-57.89999771118164,-73.30245971679688,165.41250610351562
1711476166.6710742,-2.7799997329711914,-71.17752075195312,149.5448455810547,6.790003776550293,-71.70236206054688,149.93484497070312,56.82484436035156,-73.26002502441406,163.46234130859375,-57.89999771118164,-73.30245971679688,165.41250610351562
1711476166.6810827,-2.7799997329711914,-71.17752075195312,149.5448455810547,6.790003776550293,-71.70236206054688,149.93484497070312,56.82484436035156,-73.26002502441406,163.46234130859375,-57.89999771118164,-73.30245971679688,165.41250610351562
1711476166.6910956,-2.7799997329711914,-71.17752075195312,149.5448455810547,6.790003776550293,-71.70236206054688,149.93484497070312,56.82484436035156,-73.26002502441406,163.46234130859375,-57.89999771118164,-73.30245971679688,165.41250610351562
1711476166.701094,-2.7799997329711914,-71.17752075195312,149.5448455810547,6.790003776550293,-71.70236206054688,149.93484497070312,56.82484436035156,-73.26002502441406,163.46234130859375,-57.89999771118164,-73.30245971679688,165.41250610351562
1711476166.7110853,-2.7799997329711914,-71.17752075195312,149.5448455810547,6.790003776550293,-71.70236206054688,149.93484497070312,56.82484436035156,-73.26002502441406,163.46234130859375,-57.89999771118164,-73.30245971679688,165.41250610351562
1711476166.7210917,-2.7799997329711914,-71.17752075195312,149.5448455810547,6.790003776550293,-71.70236206054688,149.93484497070312,56.82484436035156,-73.26002502441406,163.46234130859375,-57.89999771118164,-73.30245971679688,165.41250610351562
1711476166.7310932,-2.7799997329711914,-71.17752075195312,149.5448455810547,6.790003776550293,-71.70236206054688,149.93484497070312,56.82484436035156,-73.26002502441406,163.46234130859375,-57.89999771118164,-73.30245971679688,165.41250610351562
1711476166.7411015,-2.7799997329711914,-71.17752075195312,149.5448455810547,6.790003776550293,-71.70236206054688,149.93484497070312,56.82484436035156,-73.26002502441406,163.46234130859375,-57.89999771118164,-73.30245971679688,165.41250610351562
1711476166.7511947,-2.7799997329711914,-71.17752075195312,149.5448455810547,6.790003776550293,-71.70236206054688,149.93484497070312,56.82484436035156,-73.26002502441406,163.46234130859375,-57.89999771118164,-73.30245971679688,165.41250610351562
1711476166.7610736,-2.7799997329711914,-71.17752075195312,149.5448455810547,6.790003776550293,-71.70236206054688,149.93484497070312,56.82484436035156,-73.26002502441406,163.46234130859375,-57.89999771118164,-73.30245971679688,165.41250610351562
1711476166.7710748,-2.7799997329711914,-71.17752075195312,149.5448455810547,6.790003776550293,-71.70236206054688,149.93484497070312,56.82484436035156,-73.26002502441406,163.46234130859375,-57.89999771118164,-73.30245971679688,165.41250610351562
1711476166.7811227,-2.7799997329711914,-71.17752075195312,149.5448455810547,6.790003776550293,-71.70236206054688,149.93484497070312,56.82484436035156,-73.26002502441406,163.46234130859375,-57.89999771118164,-73.30245971679688,165.41250610351562
1711476166.7910779,-2.7799997329711914,-71.17752075195312,149.5448455810547,6.790003776550293,-71.70236206054688,149.93484497070312,56.82484436035156,-73.26002502441406,163.46234130859375,-57.89999771118164,-73.30245971679688,165.41250610351562
1711476166.8010895,-2.7799997329711914,-71.17752075195312,149.5448455810547,6.790003776550293,-71.70236206054688,149.93484497070312,56.82484436035156,-73.26002502441406,163.46234130859375,-57.89999771118164,-73.30245971679688,165.41250610351562
1711476166.811121,-2.7799997329711914,-71.17752075195312,149.5448455810547,6.790003776550293,-71.70236206054688,149.93484497070312,56.82484436035156,-73.26002502441406,163.46234130859375,-57.89999771118164,-73.30245971679688,165.41250610351562
1711476166.8210933,-2.7799997329711914,-71.17752075195312,149.5448455810547,6.790003776550293,-71.70236206054688,149.93484497070312,56.82484436035156,-73.26002502441406,163.46234130859375,-57.89999771118164,-73.30245971679688,165.41250610351562
1711476166.8310986,-2.7799997329711914,-71.17752075195312,149.5448455810547,6.790003776550293,-71.70236206054688,149.93484497070312,56.82484436035156,-73.26002502441406,163.46234130859375,-57.89999771118164,-73.30245971679688,165.41250610351562
1711476166.84108,-2.7799997329711914,-71.17752075195312,149.5448455810547,6.790003776550293,-71.70236206054688,149.93484497070312,56.82484436035156,-73.26002502441406,163.46234130859375,-57.89999771118164,-73.30245971679688,165.41250610351562
1711476166.8510916,-2.7799997329711914,-71.17752075195312,149.5448455810547,6.790003776550293,-71.70236206054688,149.93484497070312,56.82484436035156,-73.26002502441406,163.46234130859375,-57.89999771118164,-73.30245971679688,165.41250610351562
1711476166.861096,-2.7799997329711914,-71.17752075195312,149.5448455810547,6.790003776550293,-71.70236206054688,149.93484497070312,56.82484436035156,-73.26002502441406,163.46234130859375,-57.89999771118164,-73.30245971679688,165.41250610351562
1711476166.8711026,-2.7799997329711914,-71.17752075195312,149.5448455810547,6.790003776550293,-71.70236206054688,149.93484497070312,56.82484436035156,-73.26002502441406,163.46234130859375,-57.89999771118164,-73.30245971679688,165.41250610351562
1711476166.8811233,-2.7799997329711914,-71.17752075195312,149.5448455810547,6.790003776550293,-71.70236206054688,149.93484497070312,56.82484436035156,-73.26002502441406,163.46234130859375,-57.89999771118164,-73.30245971679688,165.41250610351562
1711476166.8910866,-2.7799997329711914,-71.17752075195312,149.5448455810547,6.790003776550293,-71.70236206054688,149.93484497070312,56.82484436035156,-73.26002502441406,163.46234130859375,-57.89999771118164,-73.30245971679688,165.41250610351562
1711476166.90108,-2.7799997329711914,-71.17752075195312,149.5448455810547,6.790003776550293,-71.70236206054688,149.93484497070312,56.82484436035156,-73.26002502441406,163.46234130859375,-57.89999771118164,-73.30245971679688,165.41250610351562
1711476166.9111443,-2.7799997329711914,-71.17752075195312,149.5448455810547,6.790003776550293,-71.70236206054688,149.93484497070312,56.82484436035156,-73.26002502441406,163.46234130859375,-57.89999771118164,-73.30245971679688,165.41250610351562
1711476166.9211276,-2.7799997329711914,-71.17752075195312,149.5448455810547,6.790003776550293,-71.70236206054688,149.93484497070312,56.82484436035156,-73.26002502441406,163.46234130859375,-57.89999771118164,-73.30245971679688,165.41250610351562
1711476166.931088,-2.7799997329711914,-71.17752075195312,149.5448455810547,6.790003776550293,-71.70236206054688,149.93484497070312,56.82484436035156,-73.26002502441406,163.46234130859375,-57.89999771118164,-73.30245971679688,165.41250610351562
1711476166.941103,-2.7799997329711914,-71.17752075195312,149.5448455810547,6.790003776550293,-71.70236206054688,149.93484497070312,56.82484436035156,-73.26002502441406,163.46234130859375,-57.89999771118164,-73.30245971679688,165.41250610351562
1711476166.9510853,-2.7799997329711914,-71.17752075195312,149.5448455810547,6.790003776550293,-71.70236206054688,149.93484497070312,56.82484436035156,-73.26002502441406,163.46234130859375,-57.89999771118164,-73.30245971679688,165.41250610351562
1711476166.9611325,-2.7799997329711914,-71.17752075195312,149.5448455810547,6.790003776550293,-71.70236206054688,149.93484497070312,56.82484436035156,-73.26002502441406,163.46234130859375,-57.89999771118164,-73.30245971679688,165.41250610351562
1711476166.9711707,-2.7799997329711914,-71.17752075195312,149.5448455810547,6.790003776550293,-71.70236206054688,149.93484497070312,56.82484436035156,-73.26002502441406,163.46234130859375,-57.89999771118164,-73.30245971679688,165.41250610351562
1711476166.9811187,-2.7799997329711914,-71.17752075195312,149.5448455810547,6.790003776550293,-71.70236206054688,149.93484497070312,56.82484436035156,-73.26002502441406,163.46234130859375,-57.89999771118164,-73.30245971679688,165.41250610351562
1711476166.9910858,-2.7799997329711914,-71.17752075195312,149.5448455810547,6.790003776550293,-71.70236206054688,149.93484497070312,56.82484436035156,-73.26002502441406,163.46234130859375,-57.89999771118164,-73.30245971679688,165.41250610351562
1711476167.0011046,-2.7799997329711914,-71.17752075195312,149.5448455810547,6.790003776550293,-71.70236206054688,149.93484497070312,56.82484436035156,-73.26002502441406,163.46234130859375,-57.89999771118164,-73.30245971679688,165.41250610351562
1711476167.0110884,-2.7799997329711914,-71.17752075195312,149.5448455810547,6.790003776550293,-71.70236206054688,149.93484497070312,56.82484436035156,-73.26002502441406,163.46234130859375,-57.89999771118164,-73.30245971679688,165.41250610351562
1711476167.0211017,-2.7799997329711914,-71.17752075195312,149.5448455810547,6.790003776550293,-71.70236206054688,149.93484497070312,56.82484436035156,-73.26002502441406,163.46234130859375,-57.89999771118164,-73.30245971679688,165.41250610351562
1711476167.0311086,-2.7799997329711914,-71.17752075195312,149.5448455810547,6.790003776550293,-71.70236206054688,149.93484497070312,56.82484436035156,-73.26002502441406,163.46234130859375,-57.89999771118164,-73.30245971679688,165.41250610351562
1711476167.041105,-2.7799997329711914,-71.17752075195312,149.5448455810547,6.790003776550293,-71.70236206054688,149.93484497070312,56.82484436035156,-73.26002502441406,163.46234130859375,-57.89999771118164,-73.30245971679688,165.41250610351562
1711476167.0510898,-2.7799997329711914,-71.17752075195312,149.5448455810547,6.790003776550293,-71.70236206054688,149.93484497070312,56.82484436035156,-73.26002502441406,163.46234130859375,-57.89999771118164,-73.30245971679688,165.41250610351562
1711476167.0611374,-2.7799997329711914,-71.17752075195312,149.5448455810547,6.790003776550293,-71.70236206054688,149.93484497070312,56.82484436035156,-73.26002502441406,163.46234130859375,-57.89999771118164,-73.30245971679688,165.41250610351562
1711476167.071097,-2.7799997329711914,-71.17752075195312,149.5448455810547,6.790003776550293,-71.70236206054688,149.93484497070312,56.82484436035156,-73.26002502441406,163.46234130859375,-57.89999771118164,-73.30245971679688,165.41250610351562
1711476167.0811083,-2.7799997329711914,-71.17752075195312,149.5448455810547,6.790003776550293,-71.70236206054688,149.93484497070312,56.82484436035156,-73.26002502441406,163.46234130859375,-57.89999771118164,-73.30245971679688,165.41250610351562
1711476167.091113,-2.7799997329711914,-71.17752075195312,149.5448455810547,6.790003776550293,-71.70236206054688,149.93484497070312,56.82484436035156,-73.26002502441406,163.46234130859375,-57.89999771118164,-73.30245971679688,165.41250610351562
1711476167.10111,-2.7799997329711914,-71.17752075195312,149.5448455810547,6.790003776550293,-71.70236206054688,149.93484497070312,56.82484436035156,-73.26002502441406,163.46234130859375,-57.89999771118164,-73.30245971679688,165.41250610351562
1711476167.1111045,-2.7799997329711914,-71.17752075195312,149.5448455810547,6.790003776550293,-71.70236206054688,149.93484497070312,56.82484436035156,-73.26002502441406,163.46234130859375,-57.89999771118164,-73.30245971679688,165.41250610351562
1711476167.1211002,-2.7799997329711914,-71.17752075195312,149.5448455810547,6.790003776550293,-71.70236206054688,149.93484497070312,56.82484436035156,-73.26002502441406,163.46234130859375,-57.89999771118164,-73.30245971679688,165.41250610351562
1711476167.1311371,-2.7799997329711914,-71.17752075195312,149.5448455810547,6.790003776550293,-71.70236206054688,149.93484497070312,56.82484436035156,-73.26002502441406,163.46234130859375,-57.89999771118164,-73.30245971679688,165.41250610351562
1711476167.1411152,-2.7799997329711914,-71.17752075195312,149.5448455810547,6.790003776550293,-71.70236206054688,149.93484497070312,56.82484436035156,-73.26002502441406,163.46234130859375,-57.89999771118164,-73.30245971679688,165.41250610351562
1711476167.151102,-2.7799997329711914,-71.17752075195312,149.5448455810547,6.790003776550293,-71.70236206054688,149.93484497070312,56.82484436035156,-73.26002502441406,163.46234130859375,-57.89999771118164,-73.30245971679688,165.41250610351562
1711476167.1610992,-2.7799997329711914,-71.17752075195312,149.5448455810547,6.790003776550293,-71.70236206054688,149.93484497070312,56.82484436035156,-73.26002502441406,163.46234130859375,-57.89999771118164,-73.30245971679688,165.41250610351562
1711476167.1711059,-2.7799997329711914,-71.17752075195312,149.5448455810547,6.790003776550293,-71.70236206054688,149.93484497070312,56.82484436035156,-73.26002502441406,163.46234130859375,-57.89999771118164,-73.30245971679688,165.41250610351562
1711476167.1811502,-2.7799997329711914,-71.17752075195312,149.5448455810547,6.790003776550293,-71.70236206054688,149.93484497070312,56.82484436035156,-73.26002502441406,163.46234130859375,-57.89999771118164,-73.30245971679688,165.41250610351562
1711476167.191088,-2.7799997329711914,-71.17752075195312,149.5448455810547,6.790003776550293,-71.70236206054688,149.93484497070312,56.82484436035156,-73.26002502441406,163.46234130859375,-57.89999771118164,-73.30245971679688,165.41250610351562
1711476167.2011173,-2.7799997329711914,-71.17752075195312,149.5448455810547,6.790003776550293,-71.70236206054688,149.93484497070312,56.82484436035156,-73.26002502441406,163.46234130859375,-57.89999771118164,-73.30245971679688,165.41250610351562
1711476167.2110965,-2.7799997329711914,-71.17752075195312,149.5448455810547,6.790003776550293,-71.70236206054688,149.93484497070312,56.82484436035156,-73.26002502441406,163.46234130859375,-57.89999771118164,-73.30245971679688,165.41250610351562
1711476167.221115,-2.7799997329711914,-71.17752075195312,149.5448455810547,6.790003776550293,-71.70236206054688,149.93484497070312,56.82484436035156,-73.26002502441406,163.46234130859375,-57.89999771118164,-73.30245971679688,165.41250610351562
1711476167.2311294,-2.7799997329711914,-71.17752075195312,149.5448455810547,6.790003776550293,-71.70236206054688,149.93484497070312,56.82484436035156,-73.26002502441406,163.46234130859375,-57.89999771118164,-73.30245971679688,165.41250610351562
1711476167.2411075,-2.7799997329711914,-71.17752075195312,149.5448455810547,6.790003776550293,-71.70236206054688,149.93484497070312,56.82484436035156,-73.26002502441406,163.46234130859375,-57.89999771118164,-73.30245971679688,165.41250610351562
1711476167.2511048,-2.7799997329711914,-71.17752075195312,149.5448455810547,6.790003776550293,-71.70236206054688,149.93484497070312,56.82484436035156,-73.26002502441406,163.46234130859375,-57.89999771118164,-73.30245971679688,165.41250610351562
1711476167.2610893,-2.7799997329711914,-71.17752075195312,149.5448455810547,6.790003776550293,-71.70236206054688,149.93484497070312,56.82484436035156,-73.26002502441406,163.46234130859375,-57.89999771118164,-73.30245971679688,165.41250610351562
1711476167.271109,-2.7799997329711914,-71.17752075195312,149.5448455810547,6.790003776550293,-71.70236206054688,149.93484497070312,56.82484436035156,-73.26002502441406,163.46234130859375,-57.89999771118164,-73.30245971679688,165.41250610351562
1711476167.281104,-2.7799997329711914,-71.17752075195312,149.5448455810547,6.790003776550293,-71.70236206054688,149.93484497070312,56.82484436035156,-73.26002502441406,163.46234130859375,-57.89999771118164,-73.30245971679688,165.41250610351562
1711476167.2911127,-2.7799997329711914,-71.17752075195312,149.5448455810547,6.790003776550293,-71.70236206054688,149.93484497070312,56.82484436035156,-73.26002502441406,163.46234130859375,-57.89999771118164,-73.30245971679688,165.41250610351562
1711476167.301099,-2.7799997329711914,-71.17752075195312,149.5448455810547,6.790003776550293,-71.70236206054688,149.93484497070312,56.82484436035156,-73.26002502441406,163.46234130859375,-57.89999771118164,-73.30245971679688,165.41250610351562
1711476167.3111002,-2.7799997329711914,-71.17752075195312,149.5448455810547,6.790003776550293,-71.70236206054688,149.93484497070312,56.82484436035156,-73.26002502441406,163.46234130859375,-57.89999771118164,-73.30245971679688,165.41250610351562
1711476167.3211298,-2.7799997329711914,-71.17752075195312,149.5448455810547,6.790003776550293,-71.70236206054688,149.93484497070312,56.82484436035156,-73.26002502441406,163.46234130859375,-57.89999771118164,-73.30245971679688,165.41250610351562
1711476167.3311102,-2.7799997329711914,-71.17752075195312,149.5448455810547,6.790003776550293,-71.70236206054688,149.93484497070312,56.82484436035156,-73.26002502441406,163.46234130859375,-57.89999771118164,-73.30245971679688,165.41250610351562
1711476167.34112,-2.7799997329711914,-71.17752075195312,149.5448455810547,6.790003776550293,-71.70236206054688,149.93484497070312,56.82484436035156,-73.26002502441406,163.46234130859375,-57.89999771118164,-73.30245971679688,165.41250610351562
1711476167.3510966,-2.7799997329711914,-71.17752075195312,149.5448455810547,6.790003776550293,-71.70236206054688,149.93484497070312,56.82484436035156,-73.26002502441406,163.46234130859375,-57.89999771118164,-73.30245971679688,165.41250610351562
1711476167.3611064,-2.7799997329711914,-71.17752075195312,149.5448455810547,6.790003776550293,-71.70236206054688,149.93484497070312,56.82484436035156,-73.26002502441406,163.46234130859375,-57.89999771118164,-73.30245971679688,165.41250610351562
1711476167.3710992,-2.7799997329711914,-71.17752075195312,149.5448455810547,6.790003776550293,-71.70236206054688,149.93484497070312,56.82484436035156,-73.26002502441406,163.46234130859375,-57.89999771118164,-73.30245971679688,165.41250610351562
1711476167.3811038,-2.7799997329711914,-71.17752075195312,149.5448455810547,6.790003776550293,-71.70236206054688,149.93484497070312,56.82484436035156,-73.26002502441406,163.46234130859375,-57.89999771118164,-73.30245971679688,165.41250610351562
1711476167.391114,-2.7799997329711914,-71.17752075195312,149.5448455810547,6.790003776550293,-71.70236206054688,149.93484497070312,56.82484436035156,-73.26002502441406,163.46234130859375,-57.89999771118164,-73.30245971679688,165.41250610351562
1711476167.4011269,-2.7799997329711914,-71.17752075195312,149.5448455810547,6.790003776550293,-71.70236206054688,149.93484497070312,56.82484436035156,-73.26002502441406,163.46234130859375,-57.89999771118164,-73.30245971679688,165.41250610351562
1711476167.4111001,-2.7799997329711914,-71.17752075195312,149.5448455810547,6.790003776550293,-71.70236206054688,149.93484497070312,56.82484436035156,-73.26002502441406,163.46234130859375,-57.89999771118164,-73.30245971679688,165.41250610351562
1711476167.42114,-2.7799997329711914,-71.17752075195312,149.5448455810547,6.790003776550293,-71.70236206054688,149.93484497070312,56.82484436035156,-73.26002502441406,163.46234130859375,-57.89999771118164,-73.30245971679688,165.41250610351562
1711476167.4310992,-2.7799997329711914,-71.17752075195312,149.5448455810547,6.790003776550293,-71.70236206054688,149.93484497070312,56.82484436035156,-73.26002502441406,163.46234130859375,-57.89999771118164,-73.30245971679688,165.41250610351562
1711476167.4411037,-2.7799997329711914,-71.17752075195312,149.5448455810547,6.790003776550293,-71.70236206054688,149.93484497070312,56.82484436035156,-73.26002502441406,163.46234130859375,-57.89999771118164,-73.30245971679688,165.41250610351562
1711476167.4511433,-2.7799997329711914,-71.17752075195312,149.5448455810547,6.790003776550293,-71.70236206054688,149.93484497070312,56.82484436035156,-73.26002502441406,163.46234130859375,-57.89999771118164,-73.30245971679688,165.41250610351562
1711476167.4611084,-2.7799997329711914,-71.17752075195312,149.5448455810547,6.790003776550293,-71.70236206054688,149.93484497070312,56.82484436035156,-73.26002502441406,163.46234130859375,-57.89999771118164,-73.30245971679688,165.41250610351562
1711476167.4710999,-2.7799997329711914,-71.17752075195312,149.5448455810547,6.790003776550293,-71.70236206054688,149.93484497070312,56.82484436035156,-73.26002502441406,163.46234130859375,-57.89999771118164,-73.30245971679688,165.41250610351562
1711476167.481107,-2.7799997329711914,-71.17752075195312,149.5448455810547,6.790003776550293,-71.70236206054688,149.93484497070312,56.82484436035156,-73.26002502441406,163.46234130859375,-57.89999771118164,-73.30245971679688,165.41250610351562
1711476167.4911208,-2.7799997329711914,-71.17752075195312,149.5448455810547,6.790003776550293,-71.70236206054688,149.93484497070312,56.82484436035156,-73.26002502441406,163.46234130859375,-57.89999771118164,-73.30245971679688,165.41250610351562
1711476167.5011008,-2.7799997329711914,-71.17752075195312,149.5448455810547,6.790003776550293,-71.70236206054688,149.93484497070312,56.82484436035156,-73.26002502441406,163.46234130859375,-57.89999771118164,-73.30245971679688,165.41250610351562
1711476167.5111282,-2.7799997329711914,-71.17752075195312,149.5448455810547,6.790003776550293,-71.70236206054688,149.93484497070312,56.82484436035156,-73.26002502441406,163.46234130859375,-57.89999771118164,-73.30245971679688,165.41250610351562
1711476167.52112,-2.7799997329711914,-71.17752075195312,149.5448455810547,6.790003776550293,-71.70236206054688,149.93484497070312,56.82484436035156,-73.26002502441406,163.46234130859375,-57.89999771118164,-73.30245971679688,165.41250610351562
1711476167.5310967,-2.7799997329711914,-71.17752075195312,149.5448455810547,6.790003776550293,-71.70236206054688,149.93484497070312,56.82484436035156,-73.26002502441406,163.46234130859375,-57.89999771118164,-73.30245971679688,165.41250610351562
1711476167.5411198,-2.7799997329711914,-71.17752075195312,149.5448455810547,6.790003776550293,-71.70236206054688,149.93484497070312,56.82484436035156,-73.26002502441406,163.46234130859375,-57.89999771118164,-73.30245971679688,165.41250610351562
1711476167.5511055,-2.7799997329711914,-71.17752075195312,149.5448455810547,6.790003776550293,-71.70236206054688,149.93484497070312,56.82484436035156,-73.26002502441406,163.46234130859375,-57.89999771118164,-73.30245971679688,165.41250610351562
1711476167.5611181,-2.7799997329711914,-71.17752075195312,149.5448455810547,6.790003776550293,-71.70236206054688,149.93484497070312,56.82484436035156,-73.26002502441406,163.46234130859375,-57.89999771118164,-73.30245971679688,165.41250610351562
1711476167.571131,-2.7799997329711914,-71.17752075195312,149.5448455810547,6.790003776550293,-71.70236206054688,149.93484497070312,56.82484436035156,-73.26002502441406,163.46234130859375,-57.89999771118164,-73.30245971679688,165.41250610351562
1711476167.5811195,-2.7799997329711914,-71.17752075195312,149.5448455810547,6.790003776550293,-71.70236206054688,149.93484497070312,56.82484436035156,-73.26002502441406,163.46234130859375,-57.89999771118164,-73.30245971679688,165.41250610351562
1711476167.5911303,-2.7799997329711914,-71.17752075195312,149.5448455810547,6.790003776550293,-71.70236206054688,149.93484497070312,56.82484436035156,-73.26002502441406,163.46234130859375,-57.89999771118164,-73.30245971679688,165.41250610351562
1711476167.6011188,-2.7799997329711914,-71.17752075195312,149.5448455810547,6.790003776550293,-71.70236206054688,149.93484497070312,56.82484436035156,-73.26002502441406,163.46234130859375,-57.89999771118164,-73.30245971679688,165.41250610351562
1711476167.6111112,-2.7799997329711914,-71.17752075195312,149.5448455810547,6.790003776550293,-71.70236206054688,149.93484497070312,56.82484436035156,-73.26002502441406,163.46234130859375,-57.89999771118164,-73.30245971679688,165.41250610351562
1711476167.6211452,-2.7799997329711914,-71.17752075195312,149.5448455810547,6.790003776550293,-71.70236206054688,149.93484497070312,56.82484436035156,-73.26002502441406,163.46234130859375,-57.89999771118164,-73.30245971679688,165.41250610351562
1711476167.6311278,-2.7799997329711914,-71.17752075195312,149.5448455810547,6.790003776550293,-71.70236206054688,149.93484497070312,56.82484436035156,-73.26002502441406,163.46234130859375,-57.89999771118164,-73.30245971679688,165.41250610351562
1711476167.6411257,-2.7799997329711914,-71.17752075195312,149.5448455810547,6.790003776550293,-71.70236206054688,149.93484497070312,56.82484436035156,-73.26002502441406,163.46234130859375,-57.89999771118164,-73.30245971679688,165.41250610351562
1711476167.6511216,-2.7799997329711914,-71.17752075195312,149.5448455810547,6.790003776550293,-71.70236206054688,149.93484497070312,56.82484436035156,-73.26002502441406,163.46234130859375,-57.89999771118164,-73.30245971679688,165.41250610351562
1711476167.6611168,-2.7799997329711914,-71.17752075195312,149.5448455810547,6.790003776550293,-71.70236206054688,149.93484497070312,56.82484436035156,-73.26002502441406,163.46234130859375,-57.89999771118164,-73.30245971679688,165.41250610351562
1711476167.6711273,-2.7799997329711914,-71.17752075195312,149.5448455810547,6.790003776550293,-71.70236206054688,149.93484497070312,56.82484436035156,-73.26002502441406,163.46234130859375,-57.89999771118164,-73.30245971679688,165.41250610351562
1711476167.6811147,-2.7799997329711914,-71.17752075195312,149.5448455810547,6.790003776550293,-71.70236206054688,149.93484497070312,56.82484436035156,-73.26002502441406,163.46234130859375,-57.89999771118164,-73.30245971679688,165.41250610351562
1711476167.6911204,-2.7799997329711914,-71.17752075195312,149.5448455810547,6.790003776550293,-71.70236206054688,149.93484497070312,56.82484436035156,-73.26002502441406,163.46234130859375,-57.89999771118164,-73.30245971679688,165.41250610351562
1711476167.701124,-2.7799997329711914,-71.17752075195312,149.5448455810547,6.790003776550293,-71.70236206054688,149.93484497070312,56.82484436035156,-73.26002502441406,163.46234130859375,-57.89999771118164,-73.30245971679688,165.41250610351562
1711476167.7111166,-2.7799997329711914,-71.17752075195312,149.5448455810547,6.790003776550293,-71.70236206054688,149.93484497070312,56.82484436035156,-73.26002502441406,163.46234130859375,-57.89999771118164,-73.30245971679688,165.41250610351562
1711476167.7211502,-2.7799997329711914,-71.17752075195312,149.5448455810547,6.790003776550293,-71.70236206054688,149.93484497070312,56.82484436035156,-73.26002502441406,163.46234130859375,-57.89999771118164,-73.30245971679688,165.41250610351562
1711476167.7311115,-2.7799997329711914,-71.17752075195312,149.5448455810547,6.790003776550293,-71.70236206054688,149.93484497070312,56.82484436035156,-73.26002502441406,163.46234130859375,-57.89999771118164,-73.30245971679688,165.41250610351562
1711476167.741148,-2.7799997329711914,-71.17752075195312,149.5448455810547,6.790003776550293,-71.70236206054688,149.93484497070312,56.82484436035156,-73.26002502441406,163.46234130859375,-57.89999771118164,-73.30245971679688,165.41250610351562
1711476167.7511392,-2.7799997329711914,-71.17752075195312,149.5448455810547,6.790003776550293,-71.70236206054688,149.93484497070312,56.82484436035156,-73.26002502441406,163.46234130859375,-57.89999771118164,-73.30245971679688,165.41250610351562
1711476167.7611184,-2.7799997329711914,-71.17752075195312,149.5448455810547,6.790003776550293,-71.70236206054688,149.93484497070312,56.82484436035156,-73.26002502441406,163.46234130859375,-57.89999771118164,-73.30245971679688,165.41250610351562
1711476167.7711313,-2.7799997329711914,-71.17752075195312,149.5448455810547,6.790003776550293,-71.70236206054688,149.93484497070312,56.82484436035156,-73.26002502441406,163.46234130859375,-57.89999771118164,-73.30245971679688,165.41250610351562
1711476167.7811651,-2.7799997329711914,-71.17752075195312,149.5448455810547,6.790003776550293,-71.70236206054688,149.93484497070312,56.82484436035156,-73.26002502441406,163.46234130859375,-57.89999771118164,-73.30245971679688,165.41250610351562
1711476167.7911234,-2.7799997329711914,-71.17752075195312,149.5448455810547,6.790003776550293,-71.70236206054688,149.93484497070312,56.82484436035156,-73.26002502441406,163.46234130859375,-57.89999771118164,-73.30245971679688,165.41250610351562
1711476167.8011358,-2.7799997329711914,-71.17752075195312,149.5448455810547,6.790003776550293,-71.70236206054688,149.93484497070312,56.82484436035156,-73.26002502441406,163.46234130859375,-57.89999771118164,-73.30245971679688,165.41250610351562
1711476167.8111384,-2.7799997329711914,-71.17752075195312,149.5448455810547,6.790003776550293,-71.70236206054688,149.93484497070312,56.82484436035156,-73.26002502441406,163.46234130859375,-57.89999771118164,-73.30245971679688,165.41250610351562
1711476167.8211434,-2.7799997329711914,-71.17752075195312,149.5448455810547,6.790003776550293,-71.70236206054688,149.93484497070312,56.82484436035156,-73.26002502441406,163.46234130859375,-57.89999771118164,-73.30245971679688,165.41250610351562
1711476167.8311436,-2.7799997329711914,-71.17752075195312,149.5448455810547,6.790003776550293,-71.70236206054688,149.93484497070312,56.82484436035156,-73.26002502441406,163.46234130859375,-57.89999771118164,-73.30245971679688,165.41250610351562
1711476167.8411486,-2.7799997329711914,-71.17752075195312,149.5448455810547,6.790003776550293,-71.70236206054688,149.93484497070312,56.82484436035156,-73.26002502441406,163.46234130859375,-57.89999771118164,-73.30245971679688,165.41250610351562
1711476167.8511207,-2.7799997329711914,-71.17752075195312,149.5448455810547,6.790003776550293,-71.70236206054688,149.93484497070312,56.82484436035156,-73.26002502441406,163.46234130859375,-57.89999771118164,-73.30245971679688,165.41250610351562
1711476167.861127,-2.7799997329711914,-71.17752075195312,149.5448455810547,6.790003776550293,-71.70236206054688,149.93484497070312,56.82484436035156,-73.26002502441406,163.46234130859375,-57.89999771118164,-73.30245971679688,165.41250610351562
1711476167.8711321,-2.7799997329711914,-71.17752075195312,149.5448455810547,6.790003776550293,-71.70236206054688,149.93484497070312,56.82484436035156,-73.26002502441406,163.46234130859375,-57.89999771118164,-73.30245971679688,165.41250610351562
1711476167.8811274,-2.7799997329711914,-71.17752075195312,149.5448455810547,6.790003776550293,-71.70236206054688,149.93484497070312,56.82484436035156,-73.26002502441406,163.46234130859375,-57.89999771118164,-73.30245971679688,165.41250610351562
1711476167.8911407,-2.7799997329711914,-71.17752075195312,149.5448455810547,6.790003776550293,-71.70236206054688,149.93484497070312,56.82484436035156,-73.26002502441406,163.46234130859375,-57.89999771118164,-73.30245971679688,165.41250610351562
1711476167.9011507,-2.7799997329711914,-71.17752075195312,149.5448455810547,6.790003776550293,-71.70236206054688,149.93484497070312,56.82484436035156,-73.26002502441406,163.46234130859375,-57.89999771118164,-73.30245971679688,165.41250610351562
1711476167.911143,-2.7799997329711914,-71.17752075195312,149.5448455810547,6.790003776550293,-71.70236206054688,149.93484497070312,56.82484436035156,-73.26002502441406,163.46234130859375,-57.89999771118164,-73.30245971679688,165.41250610351562
1711476167.9211552,-2.7799997329711914,-71.17752075195312,149.5448455810547,6.790003776550293,-71.70236206054688,149.93484497070312,56.82484436035156,-73.26002502441406,163.46234130859375,-57.89999771118164,-73.30245971679688,165.41250610351562
1711476167.9311314,-2.7799997329711914,-71.17752075195312,149.5448455810547,6.790003776550293,-71.70236206054688,149.93484497070312,56.82484436035156,-73.26002502441406,163.46234130859375,-57.89999771118164,-73.30245971679688,165.41250610351562
1711476167.9411438,-2.7799997329711914,-71.17752075195312,149.5448455810547,6.790003776550293,-71.70236206054688,149.93484497070312,56.82484436035156,-73.26002502441406,163.46234130859375,-57.89999771118164,-73.30245971679688,165.41250610351562
1711476167.951139,-2.7799997329711914,-71.17752075195312,149.5448455810547,6.790003776550293,-71.70236206054688,149.93484497070312,56.82484436035156,-73.26002502441406,163.46234130859375,-57.89999771118164,-73.30245971679688,165.41250610351562
1711476167.9611347,-2.7799997329711914,-71.17752075195312,149.5448455810547,6.790003776550293,-71.70236206054688,149.93484497070312,56.82484436035156,-73.26002502441406,163.46234130859375,-57.89999771118164,-73.30245971679688,165.41250610351562
1711476167.9711602,-2.7799997329711914,-71.17752075195312,149.5448455810547,6.790003776550293,-71.70236206054688,149.93484497070312,56.82484436035156,-73.26002502441406,163.46234130859375,-57.89999771118164,-73.30245971679688,165.41250610351562
1711476167.9811509,-2.7799997329711914,-71.17752075195312,149.5448455810547,6.790003776550293,-71.70236206054688,149.93484497070312,56.82484436035156,-73.26002502441406,163.46234130859375,-57.89999771118164,-73.30245971679688,165.41250610351562
1711476167.9911723,-2.7799997329711914,-71.17752075195312,149.5448455810547,6.790003776550293,-71.70236206054688,149.93484497070312,56.82484436035156,-73.26002502441406,163.46234130859375,-57.89999771118164,-73.30245971679688,165.41250610351562
1711476168.0011375,-2.7799997329711914,-71.17752075195312,149.5448455810547,6.790003776550293,-71.70236206054688,149.93484497070312,56.82484436035156,-73.26002502441406,163.46234130859375,-57.89999771118164,-73.30245971679688,165.41250610351562
1711476168.0111585,-2.7799997329711914,-71.17752075195312,149.5448455810547,6.790003776550293,-71.70236206054688,149.93484497070312,56.82484436035156,-73.26002502441406,163.46234130859375,-57.89999771118164,-73.30245971679688,165.41250610351562
1711476168.0211656,-2.7799997329711914,-71.17752075195312,149.5448455810547,6.790003776550293,-71.70236206054688,149.93484497070312,56.82484436035156,-73.26002502441406,163.46234130859375,-57.89999771118164,-73.30245971679688,165.41250610351562
1711476168.031138,-2.7799997329711914,-71.17752075195312,149.5448455810547,6.790003776550293,-71.70236206054688,149.93484497070312,56.82484436035156,-73.26002502441406,163.46234130859375,-57.89999771118164,-73.30245971679688,165.41250610351562
1711476168.041265,-2.7799997329711914,-71.17752075195312,149.5448455810547,6.790003776550293,-71.70236206054688,149.93484497070312,56.82484436035156,-73.26002502441406,163.46234130859375,-57.89999771118164,-73.30245971679688,165.41250610351562
1711476168.0511427,-2.7799997329711914,-71.17752075195312,149.5448455810547,6.790003776550293,-71.70236206054688,149.93484497070312,56.82484436035156,-73.26002502441406,163.46234130859375,-57.89999771118164,-73.30245971679688,165.41250610351562
1711476168.0611718,-2.7799997329711914,-71.17752075195312,149.5448455810547,6.790003776550293,-71.70236206054688,149.93484497070312,56.82484436035156,-73.26002502441406,163.46234130859375,-57.89999771118164,-73.30245971679688,165.41250610351562
1711476168.0711439,-2.7799997329711914,-71.17752075195312,149.5448455810547,6.790003776550293,-71.70236206054688,149.93484497070312,56.82484436035156,-73.26002502441406,163.46234130859375,-57.89999771118164,-73.30245971679688,165.41250610351562
1711476168.0812638,-2.7799997329711914,-71.17752075195312,149.5448455810547,6.790003776550293,-71.70236206054688,149.93484497070312,56.82484436035156,-73.26002502441406,163.46234130859375,-57.89999771118164,-73.30245971679688,165.41250610351562
1711476168.0911531,-2.7799997329711914,-71.17752075195312,149.5448455810547,6.790003776550293,-71.70236206054688,149.93484497070312,56.82484436035156,-73.26002502441406,163.46234130859375,-57.89999771118164,-73.30245971679688,165.41250610351562
1711476168.1011596,-2.7799997329711914,-71.17752075195312,149.5448455810547,6.790003776550293,-71.70236206054688,149.93484497070312,56.82484436035156,-73.26002502441406,163.46234130859375,-57.89999771118164,-73.30245971679688,165.41250610351562
1711476168.111161,-2.7799997329711914,-71.17752075195312,149.5448455810547,6.790003776550293,-71.70236206054688,149.93484497070312,56.82484436035156,-73.26002502441406,163.46234130859375,-57.89999771118164,-73.30245971679688,165.41250610351562
1711476168.1211307,-2.7799997329711914,-71.17752075195312,149.5448455810547,6.790003776550293,-71.70236206054688,149.93484497070312,56.82484436035156,-73.26002502441406,163.46234130859375,-57.89999771118164,-73.30245971679688,165.41250610351562
1711476168.13115,-2.7799997329711914,-71.17752075195312,149.5448455810547,6.790003776550293,-71.70236206054688,149.93484497070312,56.82484436035156,-73.26002502441406,163.46234130859375,-57.89999771118164,-73.30245971679688,165.41250610351562
1711476168.141162,-2.7799997329711914,-71.17752075195312,149.5448455810547,6.790003776550293,-71.70236206054688,149.93484497070312,56.82484436035156,-73.26002502441406,163.46234130859375,-57.89999771118164,-73.30245971679688,165.41250610351562
1711476168.1511395,-2.7799997329711914,-71.17752075195312,149.5448455810547,6.790003776550293,-71.70236206054688,149.93484497070312,56.82484436035156,-73.26002502441406,163.46234130859375,-57.89999771118164,-73.30245971679688,165.41250610351562
1711476168.1611578,-2.7799997329711914,-71.17752075195312,149.5448455810547,6.790003776550293,-71.70236206054688,149.93484497070312,56.82484436035156,-73.26002502441406,163.46234130859375,-57.89999771118164,-73.30245971679688,165.41250610351562
1711476168.1711504,-2.7799997329711914,-71.17752075195312,149.5448455810547,6.790003776550293,-71.70236206054688,149.93484497070312,56.82484436035156,-73.26002502441406,163.46234130859375,-57.89999771118164,-73.30245971679688,165.41250610351562
1711476168.1811414,-2.7799997329711914,-71.17752075195312,149.5448455810547,6.790003776550293,-71.70236206054688,149.93484497070312,56.82484436035156,-73.26002502441406,163.46234130859375,-57.89999771118164,-73.30245971679688,165.41250610351562
1711476168.1911716,-2.7799997329711914,-71.17752075195312,149.5448455810547,6.790003776550293,-71.70236206054688,149.93484497070312,56.82484436035156,-73.26002502441406,163.46234130859375,-57.89999771118164,-73.30245971679688,165.41250610351562
1711476168.2011478,-2.7799997329711914,-71.17752075195312,149.5448455810547,6.790003776550293,-71.70236206054688,149.93484497070312,56.82484436035156,-73.26002502441406,163.46234130859375,-57.89999771118164,-73.30245971679688,165.41250610351562
1711476168.211141,-2.7799997329711914,-71.17752075195312,149.5448455810547,6.790003776550293,-71.70236206054688,149.93484497070312,56.82484436035156,-73.26002502441406,163.46234130859375,-57.89999771118164,-73.30245971679688,165.41250610351562
1711476168.221143,-2.7799997329711914,-71.17752075195312,149.5448455810547,6.790003776550293,-71.70236206054688,149.93484497070312,56.82484436035156,-73.26002502441406,163.46234130859375,-57.89999771118164,-73.30245971679688,165.41250610351562
1711476168.2311404,-2.7799997329711914,-71.17752075195312,149.5448455810547,6.790003776550293,-71.70236206054688,149.93484497070312,56.82484436035156,-73.26002502441406,163.46234130859375,-57.89999771118164,-73.30245971679688,165.41250610351562
1711476168.241146,-2.7799997329711914,-71.17752075195312,149.5448455810547,6.790003776550293,-71.70236206054688,149.93484497070312,56.82484436035156,-73.26002502441406,163.46234130859375,-57.89999771118164,-73.30245971679688,165.41250610351562
1711476168.2511554,-2.7799997329711914,-71.17752075195312,149.5448455810547,6.790003776550293,-71.70236206054688,149.93484497070312,56.82484436035156,-73.26002502441406,163.46234130859375,-57.89999771118164,-73.30245971679688,165.41250610351562
1711476168.2611706,-2.7799997329711914,-71.17752075195312,149.5448455810547,6.790003776550293,-71.70236206054688,149.93484497070312,56.82484436035156,-73.26002502441406,163.46234130859375,-57.89999771118164,-73.30245971679688,165.41250610351562
1711476168.2711334,-2.7799997329711914,-71.17752075195312,149.5448455810547,6.790003776550293,-71.70236206054688,149.93484497070312,56.82484436035156,-73.26002502441406,163.46234130859375,-57.89999771118164,-73.30245971679688,165.41250610351562
1711476168.28115,-2.7799997329711914,-71.17752075195312,149.5448455810547,6.790003776550293,-71.70236206054688,149.93484497070312,56.82484436035156,-73.26002502441406,163.46234130859375,-57.89999771118164,-73.30245971679688,165.41250610351562
1711476168.2911718,-2.7799997329711914,-71.17752075195312,149.5448455810547,6.790003776550293,-71.70236206054688,149.93484497070312,56.82484436035156,-73.26002502441406,163.46234130859375,-57.89999771118164,-73.30245971679688,165.41250610351562
1711476168.3011563,-2.7799997329711914,-71.17752075195312,149.5448455810547,6.790003776550293,-71.70236206054688,149.93484497070312,56.82484436035156,-73.26002502441406,163.46234130859375,-57.89999771118164,-73.30245971679688,165.41250610351562
1711476168.3111596,-2.7799997329711914,-71.17752075195312,149.5448455810547,6.790003776550293,-71.70236206054688,149.93484497070312,56.82484436035156,-73.26002502441406,163.46234130859375,-57.89999771118164,-73.30245971679688,165.41250610351562
1711476168.3211505,-2.7799997329711914,-71.17752075195312,149.5448455810547,6.790003776550293,-71.70236206054688,149.93484497070312,56.82484436035156,-73.26002502441406,163.46234130859375,-57.89999771118164,-73.30245971679688,165.41250610351562
1711476168.3311744,-2.7799997329711914,-71.17752075195312,149.5448455810547,6.790003776550293,-71.70236206054688,149.93484497070312,56.82484436035156,-73.26002502441406,163.46234130859375,-57.89999771118164,-73.30245971679688,165.41250610351562
1711476168.3411636,-2.7799997329711914,-71.17752075195312,149.5448455810547,6.790003776550293,-71.70236206054688,149.93484497070312,56.82484436035156,-73.26002502441406,163.46234130859375,-57.89999771118164,-73.30245971679688,165.41250610351562
1711476168.351153,-2.7799997329711914,-71.17752075195312,149.5448455810547,6.790003776550293,-71.70236206054688,149.93484497070312,56.82484436035156,-73.26002502441406,163.46234130859375,-57.89999771118164,-73.30245971679688,165.41250610351562
1711476168.3611612,-2.7799997329711914,-71.17752075195312,149.5448455810547,6.790003776550293,-71.70236206054688,149.93484497070312,56.82484436035156,-73.26002502441406,163.46234130859375,-57.89999771118164,-73.30245971679688,165.41250610351562
1711476168.3711655,-2.7799997329711914,-71.17752075195312,149.5448455810547,6.790003776550293,-71.70236206054688,149.93484497070312,56.82484436035156,-73.26002502441406,163.46234130859375,-57.89999771118164,-73.30245971679688,165.41250610351562
1711476168.3811512,-2.7799997329711914,-71.17752075195312,149.5448455810547,6.790003776550293,-71.70236206054688,149.93484497070312,56.82484436035156,-73.26002502441406,163.46234130859375,-57.89999771118164,-73.30245971679688,165.41250610351562
1711476168.391156,-2.7799997329711914,-71.17752075195312,149.5448455810547,6.790003776550293,-71.70236206054688,149.93484497070312,56.82484436035156,-73.26002502441406,163.46234130859375,-57.89999771118164,-73.30245971679688,165.41250610351562
1711476168.4011939,-2.7799997329711914,-71.17752075195312,149.5448455810547,6.790003776550293,-71.70236206054688,149.93484497070312,56.82484436035156,-73.26002502441406,163.46234130859375,-57.89999771118164,-73.30245971679688,165.41250610351562
1711476168.4111567,-2.7799997329711914,-71.17752075195312,149.5448455810547,6.790003776550293,-71.70236206054688,149.93484497070312,56.82484436035156,-73.26002502441406,163.46234130859375,-57.89999771118164,-73.30245971679688,165.41250610351562
1711476168.4211392,-2.7799997329711914,-71.17752075195312,149.5448455810547,6.790003776550293,-71.70236206054688,149.93484497070312,56.82484436035156,-73.26002502441406,163.46234130859375,-57.89999771118164,-73.30245971679688,165.41250610351562
1711476168.4311523,-2.7799997329711914,-71.17752075195312,149.5448455810547,6.790003776550293,-71.70236206054688,149.93484497070312,56.82484436035156,-73.26002502441406,163.46234130859375,-57.89999771118164,-73.30245971679688,165.41250610351562
1711476168.441166,-2.7799997329711914,-71.17752075195312,149.5448455810547,6.790003776550293,-71.70236206054688,149.93484497070312,56.82484436035156,-73.26002502441406,163.46234130859375,-57.89999771118164,-73.30245971679688,165.41250610351562
1711476168.4511564,-2.7799997329711914,-71.17752075195312,149.5448455810547,6.790003776550293,-71.70236206054688,149.93484497070312,56.82484436035156,-73.26002502441406,163.46234130859375,-57.89999771118164,-73.30245971679688,165.41250610351562
1711476168.461159,-2.7799997329711914,-71.17752075195312,149.5448455810547,6.790003776550293,-71.70236206054688,149.93484497070312,56.82484436035156,-73.26002502441406,163.46234130859375,-57.89999771118164,-73.30245971679688,165.41250610351562
1711476168.4711652,-2.7799997329711914,-71.17752075195312,149.5448455810547,6.790003776550293,-71.70236206054688,149.93484497070312,56.82484436035156,-73.26002502441406,163.46234130859375,-57.89999771118164,-73.30245971679688,165.41250610351562
1711476168.4811502,-2.7799997329711914,-71.17752075195312,149.5448455810547,6.790003776550293,-71.70236206054688,149.93484497070312,56.82484436035156,-73.26002502441406,163.46234130859375,-57.89999771118164,-73.30245971679688,165.41250610351562
1711476168.4911644,-2.7799997329711914,-71.17752075195312,149.5448455810547,6.790003776550293,-71.70236206054688,149.93484497070312,56.82484436035156,-73.26002502441406,163.46234130859375,-57.89999771118164,-73.30245971679688,165.41250610351562
1711476168.501196,-2.7799997329711914,-71.17752075195312,149.5448455810547,6.790003776550293,-71.70236206054688,149.93484497070312,56.82484436035156,-73.26002502441406,163.46234130859375,-57.89999771118164,-73.30245971679688,165.41250610351562
1711476168.5111697,-2.7799997329711914,-71.17752075195312,149.5448455810547,6.790003776550293,-71.70236206054688,149.93484497070312,56.82484436035156,-73.26002502441406,163.46234130859375,-57.89999771118164,-73.30245971679688,165.41250610351562
1711476168.5211859,-2.7799997329711914,-71.17752075195312,149.5448455810547,6.790003776550293,-71.70236206054688,149.93484497070312,56.82484436035156,-73.26002502441406,163.46234130859375,-57.89999771118164,-73.30245971679688,165.41250610351562
1711476168.531149,-2.7799997329711914,-71.17752075195312,149.5448455810547,6.790003776550293,-71.70236206054688,149.93484497070312,56.82484436035156,-73.26002502441406,163.46234130859375,-57.89999771118164,-73.30245971679688,165.41250610351562
1711476168.5411696,-2.7799997329711914,-71.17752075195312,149.5448455810547,6.790003776550293,-71.70236206054688,149.93484497070312,56.82484436035156,-73.26002502441406,163.46234130859375,-57.89999771118164,-73.30245971679688,165.41250610351562
1711476168.5512242,-2.7799997329711914,-71.17752075195312,149.5448455810547,6.790003776550293,-71.70236206054688,149.93484497070312,56.82484436035156,-73.26002502441406,163.46234130859375,-57.89999771118164,-73.30245971679688,165.41250610351562
1711476168.561152,-2.7799997329711914,-71.17752075195312,149.5448455810547,6.790003776550293,-71.70236206054688,149.93484497070312,56.82484436035156,-73.26002502441406,163.46234130859375,-57.89999771118164,-73.30245971679688,165.41250610351562
1711476168.5711522,-2.7799997329711914,-71.17752075195312,149.5448455810547,6.790003776550293,-71.70236206054688,149.93484497070312,56.82484436035156,-73.26002502441406,163.46234130859375,-57.89999771118164,-73.30245971679688,165.41250610351562
1711476168.5811777,-2.7799997329711914,-71.17752075195312,149.5448455810547,6.790003776550293,-71.70236206054688,149.93484497070312,56.82484436035156,-73.26002502441406,163.46234130859375,-57.89999771118164,-73.30245971679688,165.41250610351562
1711476168.5911665,-2.7799997329711914,-71.17752075195312,149.5448455810547,6.790003776550293,-71.70236206054688,149.93484497070312,56.82484436035156,-73.26002502441406,163.46234130859375,-57.89999771118164,-73.30245971679688,165.41250610351562
1711476168.6011834,-2.7799997329711914,-71.17752075195312,149.5448455810547,6.790003776550293,-71.70236206054688,149.93484497070312,56.82484436035156,-73.26002502441406,163.46234130859375,-57.89999771118164,-73.30245971679688,165.41250610351562
1711476168.6111932,-2.7799997329711914,-71.17752075195312,149.5448455810547,6.790003776550293,-71.70236206054688,149.93484497070312,56.82484436035156,-73.26002502441406,163.46234130859375,-57.89999771118164,-73.30245971679688,165.41250610351562
1711476168.6211755,-2.7799997329711914,-71.17752075195312,149.5448455810547,6.790003776550293,-71.70236206054688,149.93484497070312,56.82484436035156,-73.26002502441406,163.46234130859375,-57.89999771118164,-73.30245971679688,165.41250610351562
1711476168.6311479,-2.7799997329711914,-71.17752075195312,149.5448455810547,6.790003776550293,-71.70236206054688,149.93484497070312,56.82484436035156,-73.26002502441406,163.46234130859375,-57.89999771118164,-73.30245971679688,165.41250610351562
1711476168.6411827,-2.7799997329711914,-71.17752075195312,149.5448455810547,6.790003776550293,-71.70236206054688,149.93484497070312,56.82484436035156,-73.26002502441406,163.46234130859375,-57.89999771118164,-73.30245971679688,165.41250610351562
1711476168.6511898,-2.7799997329711914,-71.17752075195312,149.5448455810547,6.790003776550293,-71.70236206054688,149.93484497070312,56.82484436035156,-73.26002502441406,163.46234130859375,-57.89999771118164,-73.30245971679688,165.41250610351562
1711476168.6611755,-2.7799997329711914,-71.17752075195312,149.5448455810547,6.790003776550293,-71.70236206054688,149.93484497070312,56.82484436035156,-73.26002502441406,163.46234130859375,-57.89999771118164,-73.30245971679688,165.41250610351562
1711476168.671174,-2.7799997329711914,-71.17752075195312,149.5448455810547,6.790003776550293,-71.70236206054688,149.93484497070312,56.82484436035156,-73.26002502441406,163.46234130859375,-57.89999771118164,-73.30245971679688,165.41250610351562
1711476168.6811857,-2.7799997329711914,-71.17752075195312,149.5448455810547,6.790003776550293,-71.70236206054688,149.93484497070312,56.82484436035156,-73.26002502441406,163.46234130859375,-57.89999771118164,-73.30245971679688,165.41250610351562
1711476168.6911604,-2.7799997329711914,-71.17752075195312,149.5448455810547,6.790003776550293,-71.70236206054688,149.93484497070312,56.82484436035156,-73.26002502441406,163.46234130859375,-57.89999771118164,-73.30245971679688,165.41250610351562
1711476168.701199,-2.7799997329711914,-71.17752075195312,149.5448455810547,6.790003776550293,-71.70236206054688,149.93484497070312,56.82484436035156,-73.26002502441406,163.46234130859375,-57.89999771118164,-73.30245971679688,165.41250610351562
1711476168.7111785,-2.7799997329711914,-71.17752075195312,149.5448455810547,6.790003776550293,-71.70236206054688,149.93484497070312,56.82484436035156,-73.26002502441406,163.46234130859375,-57.89999771118164,-73.30245971679688,165.41250610351562
1711476168.7211711,-2.7799997329711914,-71.17752075195312,149.5448455810547,6.790003776550293,-71.70236206054688,149.93484497070312,56.82484436035156,-73.26002502441406,163.46234130859375,-57.89999771118164,-73.30245971679688,165.41250610351562
1711476168.7311785,-2.7799997329711914,-71.17752075195312,149.5448455810547,6.790003776550293,-71.70236206054688,149.93484497070312,56.82484436035156,-73.26002502441406,163.46234130859375,-57.89999771118164,-73.30245971679688,165.41250610351562
1711476168.7411811,-2.7799997329711914,-71.17752075195312,149.5448455810547,6.790003776550293,-71.70236206054688,149.93484497070312,56.82484436035156,-73.26002502441406,163.46234130859375,-57.89999771118164,-73.30245971679688,165.41250610351562
1711476168.7512255,-2.7799997329711914,-71.17752075195312,149.5448455810547,6.790003776550293,-71.70236206054688,149.93484497070312,56.82484436035156,-73.26002502441406,163.46234130859375,-57.89999771118164,-73.30245971679688,165.41250610351562
1711476168.7611709,-2.7799997329711914,-71.17752075195312,149.5448455810547,6.790003776550293,-71.70236206054688,149.93484497070312,56.82484436035156,-73.26002502441406,163.46234130859375,-57.89999771118164,-73.30245971679688,165.41250610351562
1711476168.7711892,-2.7799997329711914,-71.17752075195312,149.5448455810547,6.790003776550293,-71.70236206054688,149.93484497070312,56.82484436035156,-73.26002502441406,163.46234130859375,-57.89999771118164,-73.30245971679688,165.41250610351562
1711476168.781223,-2.7799997329711914,-71.17752075195312,149.5448455810547,6.790003776550293,-71.70236206054688,149.93484497070312,56.82484436035156,-73.26002502441406,163.46234130859375,-57.89999771118164,-73.30245971679688,165.41250610351562
1711476168.7911615,-2.7799997329711914,-71.17752075195312,149.5448455810547,6.790003776550293,-71.70236206054688,149.93484497070312,56.82484436035156,-73.26002502441406,163.46234130859375,-57.89999771118164,-73.30245971679688,165.41250610351562
1711476168.8011856,-2.7799997329711914,-71.17752075195312,149.5448455810547,6.790003776550293,-71.70236206054688,149.93484497070312,56.82484436035156,-73.26002502441406,163.46234130859375,-57.89999771118164,-73.30245971679688,165.41250610351562
1711476168.8111882,-2.7799997329711914,-71.17752075195312,149.5448455810547,6.790003776550293,-71.70236206054688,149.93484497070312,56.82484436035156,-73.26002502441406,163.46234130859375,-57.89999771118164,-73.30245971679688,165.41250610351562
1711476168.8211808,-2.7799997329711914,-71.17752075195312,149.5448455810547,6.790003776550293,-71.70236206054688,149.93484497070312,56.82484436035156,-73.26002502441406,163.46234130859375,-57.89999771118164,-73.30245971679688,165.41250610351562
1711476168.831184,-2.7799997329711914,-71.17752075195312,149.5448455810547,6.790003776550293,-71.70236206054688,149.93484497070312,56.82484436035156,-73.26002502441406,163.46234130859375,-57.89999771118164,-73.30245971679688,165.41250610351562
1711476168.8411639,-2.7799997329711914,-71.17752075195312,149.5448455810547,6.790003776550293,-71.70236206054688,149.93484497070312,56.82484436035156,-73.26002502441406,163.46234130859375,-57.89999771118164,-73.30245971679688,165.41250610351562
1711476168.851198,-2.7799997329711914,-71.17752075195312,149.5448455810547,6.790003776550293,-71.70236206054688,149.93484497070312,56.82484436035156,-73.26002502441406,163.46234130859375,-57.89999771118164,-73.30245971679688,165.41250610351562
1711476168.8611808,-2.7799997329711914,-71.17752075195312,149.5448455810547,6.790003776550293,-71.70236206054688,149.93484497070312,56.82484436035156,-73.26002502441406,163.46234130859375,-57.89999771118164,-73.30245971679688,165.41250610351562
1711476168.8711789,-2.7799997329711914,-71.17752075195312,149.5448455810547,6.790003776550293,-71.70236206054688,149.93484497070312,56.82484436035156,-73.26002502441406,163.46234130859375,-57.89999771118164,-73.30245971679688,165.41250610351562
1711476168.881196,-2.7799997329711914,-71.17752075195312,149.5448455810547,6.790003776550293,-71.70236206054688,149.93484497070312,56.82484436035156,-73.26002502441406,163.46234130859375,-57.89999771118164,-73.30245971679688,165.41250610351562
1711476168.8912435,-2.7799997329711914,-71.17752075195312,149.5448455810547,6.790003776550293,-71.70236206054688,149.93484497070312,56.82484436035156,-73.26002502441406,163.46234130859375,-57.89999771118164,-73.30245971679688,165.41250610351562
1711476168.9011889,-2.7799997329711914,-71.17752075195312,149.5448455810547,6.790003776550293,-71.70236206054688,149.93484497070312,56.82484436035156,-73.26002502441406,163.46234130859375,-57.89999771118164,-73.30245971679688,165.41250610351562
1711476168.9112065,-2.7799997329711914,-71.17752075195312,149.5448455810547,6.790003776550293,-71.70236206054688,149.93484497070312,56.82484436035156,-73.26002502441406,163.46234130859375,-57.89999771118164,-73.30245971679688,165.41250610351562
1711476168.9211912,-2.7799997329711914,-71.17752075195312,149.5448455810547,6.790003776550293,-71.70236206054688,149.93484497070312,56.82484436035156,-73.26002502441406,163.46234130859375,-57.89999771118164,-73.30245971679688,165.41250610351562
1711476168.9311638,-2.7799997329711914,-71.17752075195312,149.5448455810547,6.790003776550293,-71.70236206054688,149.93484497070312,56.82484436035156,-73.26002502441406,163.46234130859375,-57.89999771118164,-73.30245971679688,165.41250610351562
1711476168.9411972,-2.7799997329711914,-71.17752075195312,149.5448455810547,6.790003776550293,-71.70236206054688,149.93484497070312,56.82484436035156,-73.26002502441406,163.46234130859375,-57.89999771118164,-73.30245971679688,165.41250610351562
1711476168.9511893,-2.7799997329711914,-71.17752075195312,149.5448455810547,6.790003776550293,-71.70236206054688,149.93484497070312,56.82484436035156,-73.26002502441406,163.46234130859375,-57.89999771118164,-73.30245971679688,165.41250610351562
1711476168.9611754,-2.7799997329711914,-71.17752075195312,149.5448455810547,6.790003776550293,-71.70236206054688,149.93484497070312,56.82484436035156,-73.26002502441406,163.46234130859375,-57.89999771118164,-73.30245971679688,165.41250610351562
1711476168.9711876,-2.7799997329711914,-71.17752075195312,149.5448455810547,6.790003776550293,-71.70236206054688,149.93484497070312,56.82484436035156,-73.26002502441406,163.46234130859375,-57.89999771118164,-73.30245971679688,165.41250610351562
1711476168.981173,-2.7799997329711914,-71.17752075195312,149.5448455810547,6.790003776550293,-71.70236206054688,149.93484497070312,56.82484436035156,-73.26002502441406,163.46234130859375,-57.89999771118164,-73.30245971679688,165.41250610351562
1711476168.9912062,-2.7799997329711914,-71.17752075195312,149.5448455810547,6.790003776550293,-71.70236206054688,149.93484497070312,56.82484436035156,-73.26002502441406,163.46234130859375,-57.89999771118164,-73.30245971679688,165.41250610351562
1711476169.001184,-2.7799997329711914,-71.17752075195312,149.5448455810547,6.790003776550293,-71.70236206054688,149.93484497070312,56.82484436035156,-73.26002502441406,163.46234130859375,-57.89999771118164,-73.30245971679688,165.41250610351562
1711476169.011191,-2.7799997329711914,-71.17752075195312,149.5448455810547,6.790003776550293,-71.70236206054688,149.93484497070312,56.82484436035156,-73.26002502441406,163.46234130859375,-57.89999771118164,-73.30245971679688,165.41250610351562
1711476169.0211966,-2.7799997329711914,-71.17752075195312,149.5448455810547,6.790003776550293,-71.70236206054688,149.93484497070312,56.82484436035156,-73.26002502441406,163.46234130859375,-57.89999771118164,-73.30245971679688,165.41250610351562
1711476169.0311806,-2.7799997329711914,-71.17752075195312,149.5448455810547,6.790003776550293,-71.70236206054688,149.93484497070312,56.82484436035156,-73.26002502441406,163.46234130859375,-57.89999771118164,-73.30245971679688,165.41250610351562
1711476169.0411878,-2.7799997329711914,-71.17752075195312,149.5448455810547,6.790003776550293,-71.70236206054688,149.93484497070312,56.82484436035156,-73.26002502441406,163.46234130859375,-57.89999771118164,-73.30245971679688,165.41250610351562
1711476169.051193,-2.7799997329711914,-71.17752075195312,149.5448455810547,6.790003776550293,-71.70236206054688,149.93484497070312,56.82484436035156,-73.26002502441406,163.46234130859375,-57.89999771118164,-73.30245971679688,165.41250610351562
1711476169.0611866,-2.7799997329711914,-71.17752075195312,149.5448455810547,6.790003776550293,-71.70236206054688,149.93484497070312,56.82484436035156,-73.26002502441406,163.46234130859375,-57.89999771118164,-73.30245971679688,165.41250610351562
1711476169.0712044,-2.7799997329711914,-71.17752075195312,149.5448455810547,6.790003776550293,-71.70236206054688,149.93484497070312,56.82484436035156,-73.26002502441406,163.46234130859375,-57.89999771118164,-73.30245971679688,165.41250610351562
1711476169.08119,-2.7799997329711914,-71.17752075195312,149.5448455810547,6.790003776550293,-71.70236206054688,149.93484497070312,56.82484436035156,-73.26002502441406,163.46234130859375,-57.89999771118164,-73.30245971679688,165.41250610351562
1711476169.0912113,-2.7799997329711914,-71.17752075195312,149.5448455810547,6.790003776550293,-71.70236206054688,149.93484497070312,56.82484436035156,-73.26002502441406,163.46234130859375,-57.89999771118164,-73.30245971679688,165.41250610351562
1711476169.1012225,-2.7799997329711914,-71.17752075195312,149.5448455810547,6.790003776550293,-71.70236206054688,149.93484497070312,56.82484436035156,-73.26002502441406,163.46234130859375,-57.89999771118164,-73.30245971679688,165.41250610351562
1711476169.1111805,-2.7799997329711914,-71.17752075195312,149.5448455810547,6.790003776550293,-71.70236206054688,149.93484497070312,56.82484436035156,-73.26002502441406,163.46234130859375,-57.89999771118164,-73.30245971679688,165.41250610351562
1711476169.1212215,-2.7799997329711914,-71.17752075195312,149.5448455810547,6.790003776550293,-71.70236206054688,149.93484497070312,56.82484436035156,-73.26002502441406,163.46234130859375,-57.89999771118164,-73.30245971679688,165.41250610351562
1711476169.1312468,-2.7799997329711914,-71.17752075195312,149.5448455810547,6.790003776550293,-71.70236206054688,149.93484497070312,56.82484436035156,-73.26002502441406,163.46234130859375,-57.89999771118164,-73.30245971679688,165.41250610351562
1711476169.1412132,-2.7799997329711914,-71.17752075195312,149.5448455810547,6.790003776550293,-71.70236206054688,149.93484497070312,56.82484436035156,-73.26002502441406,163.46234130859375,-57.89999771118164,-73.30245971679688,165.41250610351562
1711476169.1511993,-2.7799997329711914,-71.17752075195312,149.5448455810547,6.790003776550293,-71.70236206054688,149.93484497070312,56.82484436035156,-73.26002502441406,163.46234130859375,-57.89999771118164,-73.30245971679688,165.41250610351562
1711476169.161194,-2.7799997329711914,-71.17752075195312,149.5448455810547,6.790003776550293,-71.70236206054688,149.93484497070312,56.82484436035156,-73.26002502441406,163.46234130859375,-57.89999771118164,-73.30245971679688,165.41250610351562
1711476169.171212,-2.7799997329711914,-71.17752075195312,149.5448455810547,6.790003776550293,-71.70236206054688,149.93484497070312,56.82484436035156,-73.26002502441406,163.46234130859375,-57.89999771118164,-73.30245971679688,165.41250610351562
1711476169.181213,-2.7799997329711914,-71.17752075195312,149.5448455810547,6.790003776550293,-71.70236206054688,149.93484497070312,56.82484436035156,-73.26002502441406,163.46234130859375,-57.89999771118164,-73.30245971679688,165.41250610351562
1711476169.1912353,-2.7799997329711914,-71.17752075195312,149.5448455810547,6.790003776550293,-71.70236206054688,149.93484497070312,56.82484436035156,-73.26002502441406,163.46234130859375,-57.89999771118164,-73.30245971679688,165.41250610351562
1711476169.2012093,-2.7799997329711914,-71.17752075195312,149.5448455810547,6.790003776550293,-71.70236206054688,149.93484497070312,56.82484436035156,-73.26002502441406,163.46234130859375,-57.89999771118164,-73.30245971679688,165.41250610351562
1711476169.2113788,-2.7799997329711914,-71.17752075195312,149.5448455810547,6.790003776550293,-71.70236206054688,149.93484497070312,56.82484436035156,-73.26002502441406,163.46234130859375,-57.89999771118164,-73.30245971679688,165.41250610351562
1711476169.2211945,-2.7799997329711914,-71.17752075195312,149.5448455810547,6.790003776550293,-71.70236206054688,149.93484497070312,56.82484436035156,-73.26002502441406,163.46234130859375,-57.89999771118164,-73.30245971679688,165.41250610351562
1711476169.2312284,-2.7799997329711914,-71.17752075195312,149.5448455810547,6.790003776550293,-71.70236206054688,149.93484497070312,56.82484436035156,-73.26002502441406,163.46234130859375,-57.89999771118164,-73.30245971679688,165.41250610351562
1711476169.2412066,-2.7799997329711914,-71.17752075195312,149.5448455810547,6.790003776550293,-71.70236206054688,149.93484497070312,56.82484436035156,-73.26002502441406,163.46234130859375,-57.89999771118164,-73.30245971679688,165.41250610351562
1711476169.251234,-2.7799997329711914,-71.17752075195312,149.5448455810547,6.790003776550293,-71.70236206054688,149.93484497070312,56.82484436035156,-73.26002502441406,163.46234130859375,-57.89999771118164,-73.30245971679688,165.41250610351562
1711476169.2612567,-2.7799997329711914,-71.17752075195312,149.5448455810547,6.790003776550293,-71.70236206054688,149.93484497070312,56.82484436035156,-73.26002502441406,163.46234130859375,-57.89999771118164,-73.30245971679688,165.41250610351562
1711476169.2712045,-2.7799997329711914,-71.17752075195312,149.5448455810547,6.790003776550293,-71.70236206054688,149.93484497070312,56.82484436035156,-73.26002502441406,163.46234130859375,-57.89999771118164,-73.30245971679688,165.41250610351562
1711476169.2812243,-2.7799997329711914,-71.17752075195312,149.5448455810547,6.790003776550293,-71.70236206054688,149.93484497070312,56.82484436035156,-73.26002502441406,163.46234130859375,-57.89999771118164,-73.30245971679688,165.41250610351562
1711476169.291216,-2.7799997329711914,-71.17752075195312,149.5448455810547,6.790003776550293,-71.70236206054688,149.93484497070312,56.82484436035156,-73.26002502441406,163.46234130859375,-57.89999771118164,-73.30245971679688,165.41250610351562
1711476169.3012388,-2.7799997329711914,-71.17752075195312,149.5448455810547,6.790003776550293,-71.70236206054688,149.93484497070312,56.82484436035156,-73.26002502441406,163.46234130859375,-57.89999771118164,-73.30245971679688,165.41250610351562
1711476169.311244,-2.7799997329711914,-71.17752075195312,149.5448455810547,6.790003776550293,-71.70236206054688,149.93484497070312,56.82484436035156,-73.26002502441406,163.46234130859375,-57.89999771118164,-73.30245971679688,165.41250610351562
1711476169.3212194,-2.7799997329711914,-71.17752075195312,149.5448455810547,6.790003776550293,-71.70236206054688,149.93484497070312,56.82484436035156,-73.26002502441406,163.46234130859375,-57.89999771118164,-73.30245971679688,165.41250610351562
1711476169.331228,-2.7799997329711914,-71.17752075195312,149.5448455810547,6.790003776550293,-71.70236206054688,149.93484497070312,56.82484436035156,-73.26002502441406,163.46234130859375,-57.89999771118164,-73.30245971679688,165.41250610351562
1711476169.3412223,-2.7799997329711914,-71.17752075195312,149.5448455810547,6.790003776550293,-71.70236206054688,149.93484497070312,56.82484436035156,-73.26002502441406,163.46234130859375,-57.89999771118164,-73.30245971679688,165.41250610351562
1711476169.3512292,-2.7799997329711914,-71.17752075195312,149.5448455810547,6.790003776550293,-71.70236206054688,149.93484497070312,56.82484436035156,-73.26002502441406,163.46234130859375,-57.89999771118164,-73.30245971679688,165.41250610351562
1711476169.361215,-2.7799997329711914,-71.17752075195312,149.5448455810547,6.790003776550293,-71.70236206054688,149.93484497070312,56.82484436035156,-73.26002502441406,163.46234130859375,-57.89999771118164,-73.30245971679688,165.41250610351562
1711476169.3712337,-2.7799997329711914,-71.17752075195312,149.5448455810547,6.790003776550293,-71.70236206054688,149.93484497070312,56.82484436035156,-73.26002502441406,163.46234130859375,-57.89999771118164,-73.30245971679688,165.41250610351562
1711476169.3812368,-2.7799997329711914,-71.17752075195312,149.5448455810547,6.790003776550293,-71.70236206054688,149.93484497070312,56.82484436035156,-73.26002502441406,163.46234130859375,-57.89999771118164,-73.30245971679688,165.41250610351562
1711476169.3912835,-2.7799997329711914,-71.17752075195312,149.5448455810547,6.790003776550293,-71.70236206054688,149.93484497070312,56.82484436035156,-73.26002502441406,163.46234130859375,-57.89999771118164,-73.30245971679688,165.41250610351562
1711476169.401318,-2.7799997329711914,-71.17752075195312,149.5448455810547,6.790003776550293,-71.70236206054688,149.93484497070312,56.82484436035156,-73.26002502441406,163.46234130859375,-57.89999771118164,-73.30245971679688,165.41250610351562
1711476169.4112074,-2.7799997329711914,-71.17752075195312,149.5448455810547,6.790003776550293,-71.70236206054688,149.93484497070312,56.82484436035156,-73.26002502441406,163.46234130859375,-57.89999771118164,-73.30245971679688,165.41250610351562
1711476169.4212124,-2.7799997329711914,-71.17752075195312,149.5448455810547,6.790003776550293,-71.70236206054688,149.93484497070312,56.82484436035156,-73.26002502441406,163.46234130859375,-57.89999771118164,-73.30245971679688,165.41250610351562
1711476169.431239,-2.7799997329711914,-71.17752075195312,149.5448455810547,6.790003776550293,-71.70236206054688,149.93484497070312,56.82484436035156,-73.26002502441406,163.46234130859375,-57.89999771118164,-73.30245971679688,165.41250610351562
1711476169.4412134,-2.7799997329711914,-71.17752075195312,149.5448455810547,6.790003776550293,-71.70236206054688,149.93484497070312,56.82484436035156,-73.26002502441406,163.46234130859375,-57.89999771118164,-73.30245971679688,165.41250610351562
1711476169.451226,-2.7799997329711914,-71.17752075195312,149.5448455810547,6.790003776550293,-71.70236206054688,149.93484497070312,56.82484436035156,-73.26002502441406,163.46234130859375,-57.89999771118164,-73.30245971679688,165.41250610351562
1711476169.4611971,-2.7799997329711914,-71.17752075195312,149.5448455810547,6.790003776550293,-71.70236206054688,149.93484497070312,56.82484436035156,-73.26002502441406,163.46234130859375,-57.89999771118164,-73.30245971679688,165.41250610351562
1711476169.471235,-2.7799997329711914,-71.17752075195312,149.5448455810547,6.790003776550293,-71.70236206054688,149.93484497070312,56.82484436035156,-73.26002502441406,163.46234130859375,-57.89999771118164,-73.30245971679688,165.41250610351562
1711476169.4812365,-2.7799997329711914,-71.17752075195312,149.5448455810547,6.790003776550293,-71.70236206054688,149.93484497070312,56.82484436035156,-73.26002502441406,163.46234130859375,-57.89999771118164,-73.30245971679688,165.41250610351562
1711476169.4912322,-2.7799997329711914,-71.17752075195312,149.5448455810547,6.790003776550293,-71.70236206054688,149.93484497070312,56.82484436035156,-73.26002502441406,163.46234130859375,-57.89999771118164,-73.30245971679688,165.41250610351562
1711476169.5012298,-2.7799997329711914,-71.17752075195312,149.5448455810547,6.790003776550293,-71.70236206054688,149.93484497070312,56.82484436035156,-73.26002502441406,163.46234130859375,-57.89999771118164,-73.30245971679688,165.41250610351562
1711476169.5112321,-2.7799997329711914,-71.17752075195312,149.5448455810547,6.790003776550293,-71.70236206054688,149.93484497070312,56.82484436035156,-73.26002502441406,163.46234130859375,-57.89999771118164,-73.30245971679688,165.41250610351562
1711476169.521279,-2.7799997329711914,-71.17752075195312,149.5448455810547,6.790003776550293,-71.70236206054688,149.93484497070312,56.82484436035156,-73.26002502441406,163.46234130859375,-57.89999771118164,-73.30245971679688,165.41250610351562
1711476169.5312157,-2.7799997329711914,-71.17752075195312,149.5448455810547,6.790003776550293,-71.70236206054688,149.93484497070312,56.82484436035156,-73.26002502441406,163.46234130859375,-57.89999771118164,-73.30245971679688,165.41250610351562
1711476169.5412323,-2.7799997329711914,-71.17752075195312,149.5448455810547,6.790003776550293,-71.70236206054688,149.93484497070312,56.82484436035156,-73.26002502441406,163.46234130859375,-57.89999771118164,-73.30245971679688,165.41250610351562
1711476169.5512247,-2.7799997329711914,-71.17752075195312,149.5448455810547,6.790003776550293,-71.70236206054688,149.93484497070312,56.82484436035156,-73.26002502441406,163.46234130859375,-57.89999771118164,-73.30245971679688,165.41250610351562
1711476169.561245,-2.7799997329711914,-71.17752075195312,149.5448455810547,6.790003776550293,-71.70236206054688,149.93484497070312,56.82484436035156,-73.26002502441406,163.46234130859375,-57.89999771118164,-73.30245971679688,165.41250610351562
1711476169.5712228,-2.7799997329711914,-71.17752075195312,149.5448455810547,6.790003776550293,-71.70236206054688,149.93484497070312,56.82484436035156,-73.26002502441406,163.46234130859375,-57.89999771118164,-73.30245971679688,165.41250610351562
1711476169.5812151,-2.7799997329711914,-71.17752075195312,149.5448455810547,6.790003776550293,-71.70236206054688,149.93484497070312,56.82484436035156,-73.26002502441406,163.46234130859375,-57.89999771118164,-73.30245971679688,165.41250610351562
1711476169.591254,-2.7799997329711914,-71.17752075195312,149.5448455810547,6.790003776550293,-71.70236206054688,149.93484497070312,56.82484436035156,-73.26002502441406,163.46234130859375,-57.89999771118164,-73.30245971679688,165.41250610351562
1711476169.60125,-2.7799997329711914,-71.17752075195312,149.5448455810547,6.790003776550293,-71.70236206054688,149.93484497070312,56.82484436035156,-73.26002502441406,163.46234130859375,-57.89999771118164,-73.30245971679688,165.41250610351562
1711476169.6112168,-2.7799997329711914,-71.17752075195312,149.5448455810547,6.790003776550293,-71.70236206054688,149.93484497070312,56.82484436035156,-73.26002502441406,163.46234130859375,-57.89999771118164,-73.30245971679688,165.41250610351562
1711476169.6212296,-2.7799997329711914,-71.17752075195312,149.5448455810547,6.790003776550293,-71.70236206054688,149.93484497070312,56.82484436035156,-73.26002502441406,163.46234130859375,-57.89999771118164,-73.30245971679688,165.41250610351562
1711476169.6312141,-2.7799997329711914,-71.17752075195312,149.5448455810547,6.790003776550293,-71.70236206054688,149.93484497070312,56.82484436035156,-73.26002502441406,163.46234130859375,-57.89999771118164,-73.30245971679688,165.41250610351562
1711476169.6412394,-2.7799997329711914,-71.17752075195312,149.5448455810547,6.790003776550293,-71.70236206054688,149.93484497070312,56.82484436035156,-73.26002502441406,163.46234130859375,-57.89999771118164,-73.30245971679688,165.41250610351562
1711476169.6512346,-2.7799997329711914,-71.17752075195312,149.5448455810547,6.790003776550293,-71.70236206054688,149.93484497070312,56.82484436035156,-73.26002502441406,163.46234130859375,-57.89999771118164,-73.30245971679688,165.41250610351562
1711476169.6612394,-2.7799997329711914,-71.17752075195312,149.5448455810547,6.790003776550293,-71.70236206054688,149.93484497070312,56.82484436035156,-73.26002502441406,163.46234130859375,-57.89999771118164,-73.30245971679688,165.41250610351562
1711476169.6712227,-2.7799997329711914,-71.17752075195312,149.5448455810547,6.790003776550293,-71.70236206054688,149.93484497070312,56.82484436035156,-73.26002502441406,163.46234130859375,-57.89999771118164,-73.30245971679688,165.41250610351562
1711476169.6812127,-2.7799997329711914,-71.17752075195312,149.5448455810547,6.790003776550293,-71.70236206054688,149.93484497070312,56.82484436035156,-73.26002502441406,163.46234130859375,-57.89999771118164,-73.30245971679688,165.41250610351562
1711476169.6912384,-2.7799997329711914,-71.17752075195312,149.5448455810547,6.790003776550293,-71.70236206054688,149.93484497070312,56.82484436035156,-73.26002502441406,163.46234130859375,-57.89999771118164,-73.30245971679688,165.41250610351562
1711476169.7012515,-2.7799997329711914,-71.17752075195312,149.5448455810547,6.790003776550293,-71.70236206054688,149.93484497070312,56.82484436035156,-73.26002502441406,163.46234130859375,-57.89999771118164,-73.30245971679688,165.41250610351562
1711476169.711216,-2.7799997329711914,-71.17752075195312,149.5448455810547,6.790003776550293,-71.70236206054688,149.93484497070312,56.82484436035156,-73.26002502441406,163.46234130859375,-57.89999771118164,-73.30245971679688,165.41250610351562
1711476169.721321,-2.7799997329711914,-71.17752075195312,149.5448455810547,6.790003776550293,-71.70236206054688,149.93484497070312,56.82484436035156,-73.26002502441406,163.46234130859375,-57.89999771118164,-73.30245971679688,165.41250610351562
1711476169.7312374,-2.7799997329711914,-71.17752075195312,149.5448455810547,6.790003776550293,-71.70236206054688,149.93484497070312,56.82484436035156,-73.26002502441406,163.46234130859375,-57.89999771118164,-73.30245971679688,165.41250610351562
1711476169.741224,-2.7799997329711914,-71.17752075195312,149.5448455810547,6.790003776550293,-71.70236206054688,149.93484497070312,56.82484436035156,-73.26002502441406,163.46234130859375,-57.89999771118164,-73.30245971679688,165.41250610351562
1711476169.7512453,-2.7799997329711914,-71.17752075195312,149.5448455810547,6.790003776550293,-71.70236206054688,149.93484497070312,56.82484436035156,-73.26002502441406,163.46234130859375,-57.89999771118164,-73.30245971679688,165.41250610351562
1711476169.7612329,-2.7799997329711914,-71.17752075195312,149.5448455810547,6.790003776550293,-71.70236206054688,149.93484497070312,56.82484436035156,-73.26002502441406,163.46234130859375,-57.89999771118164,-73.30245971679688,165.41250610351562
1711476169.771227,-2.7799997329711914,-71.17752075195312,149.5448455810547,6.790003776550293,-71.70236206054688,149.93484497070312,56.82484436035156,-73.26002502441406,163.46234130859375,-57.89999771118164,-73.30245971679688,165.41250610351562
1711476169.7812212,-2.7799997329711914,-71.17752075195312,149.5448455810547,6.790003776550293,-71.70236206054688,149.93484497070312,56.82484436035156,-73.26002502441406,163.46234130859375,-57.89999771118164,-73.30245971679688,165.41250610351562
1711476169.7912452,-2.7799997329711914,-71.17752075195312,149.5448455810547,6.790003776550293,-71.70236206054688,149.93484497070312,56.82484436035156,-73.26002502441406,163.46234130859375,-57.89999771118164,-73.30245971679688,165.41250610351562
1711476169.8012447,-2.7799997329711914,-71.17752075195312,149.5448455810547,6.790003776550293,-71.70236206054688,149.93484497070312,56.82484436035156,-73.26002502441406,163.46234130859375,-57.89999771118164,-73.30245971679688,165.41250610351562
1711476169.811242,-2.7799997329711914,-71.17752075195312,149.5448455810547,6.790003776550293,-71.70236206054688,149.93484497070312,56.82484436035156,-73.26002502441406,163.46234130859375,-57.89999771118164,-73.30245971679688,165.41250610351562
1711476169.8212512,-2.7799997329711914,-71.17752075195312,149.5448455810547,6.790003776550293,-71.70236206054688,149.93484497070312,56.82484436035156,-73.26002502441406,163.46234130859375,-57.89999771118164,-73.30245971679688,165.41250610351562
1711476169.8312356,-2.7799997329711914,-71.17752075195312,149.5448455810547,6.790003776550293,-71.70236206054688,149.93484497070312,56.82484436035156,-73.26002502441406,163.46234130859375,-57.89999771118164,-73.30245971679688,165.41250610351562
1711476169.841247,-2.7799997329711914,-71.17752075195312,149.5448455810547,6.790003776550293,-71.70236206054688,149.93484497070312,56.82484436035156,-73.26002502441406,163.46234130859375,-57.89999771118164,-73.30245971679688,165.41250610351562
1711476169.8512573,-2.7799997329711914,-71.17752075195312,149.5448455810547,6.790003776550293,-71.70236206054688,149.93484497070312,56.82484436035156,-73.26002502441406,163.46234130859375,-57.89999771118164,-73.30245971679688,165.41250610351562
1711476169.8612475,-2.7799997329711914,-71.17752075195312,149.5448455810547,6.790003776550293,-71.70236206054688,149.93484497070312,56.82484436035156,-73.26002502441406,163.46234130859375,-57.89999771118164,-73.30245971679688,165.41250610351562
1711476169.871243,-2.7799997329711914,-71.17752075195312,149.5448455810547,6.790003776550293,-71.70236206054688,149.93484497070312,56.82484436035156,-73.26002502441406,163.46234130859375,-57.89999771118164,-73.30245971679688,165.41250610351562
1711476169.8812566,-2.7799997329711914,-71.17752075195312,149.5448455810547,6.790003776550293,-71.70236206054688,149.93484497070312,56.82484436035156,-73.26002502441406,163.46234130859375,-57.89999771118164,-73.30245971679688,165.41250610351562
1711476169.891221,-2.7799997329711914,-71.17752075195312,149.5448455810547,6.790003776550293,-71.70236206054688,149.93484497070312,56.82484436035156,-73.26002502441406,163.46234130859375,-57.89999771118164,-73.30245971679688,165.41250610351562
1711476169.9012287,-2.7799997329711914,-71.17752075195312,149.5448455810547,6.790003776550293,-71.70236206054688,149.93484497070312,56.82484436035156,-73.26002502441406,163.46234130859375,-57.89999771118164,-73.30245971679688,165.41250610351562
1711476169.911242,-2.7799997329711914,-71.17752075195312,149.5448455810547,6.790003776550293,-71.70236206054688,149.93484497070312,56.82484436035156,-73.26002502441406,163.46234130859375,-57.89999771118164,-73.30245971679688,165.41250610351562
1711476169.9212432,-2.7799997329711914,-71.17752075195312,149.5448455810547,6.790003776550293,-71.70236206054688,149.93484497070312,56.82484436035156,-73.26002502441406,163.46234130859375,-57.89999771118164,-73.30245971679688,165.41250610351562
1711476169.9312394,-2.7799997329711914,-71.17752075195312,149.5448455810547,6.790003776550293,-71.70236206054688,149.93484497070312,56.82484436035156,-73.26002502441406,163.46234130859375,-57.89999771118164,-73.30245971679688,165.41250610351562
1711476169.941237,-2.7799997329711914,-71.17752075195312,149.5448455810547,6.790003776550293,-71.70236206054688,149.93484497070312,56.82484436035156,-73.26002502441406,163.46234130859375,-57.89999771118164,-73.30245971679688,165.41250610351562
1711476169.9512513,-2.7799997329711914,-71.17752075195312,149.5448455810547,6.790003776550293,-71.70236206054688,149.93484497070312,56.82484436035156,-73.26002502441406,163.46234130859375,-57.89999771118164,-73.30245971679688,165.41250610351562
1711476169.9612436,-2.7799997329711914,-71.17752075195312,149.5448455810547,6.790003776550293,-71.70236206054688,149.93484497070312,56.82484436035156,-73.26002502441406,163.46234130859375,-57.89999771118164,-73.30245971679688,165.41250610351562
1711476169.9712446,-2.7799997329711914,-71.17752075195312,149.5448455810547,6.790003776550293,-71.70236206054688,149.93484497070312,56.82484436035156,-73.26002502441406,163.46234130859375,-57.89999771118164,-73.30245971679688,165.41250610351562
1711476169.981239,-2.7799997329711914,-71.17752075195312,149.5448455810547,6.790003776550293,-71.70236206054688,149.93484497070312,56.82484436035156,-73.26002502441406,163.46234130859375,-57.89999771118164,-73.30245971679688,165.41250610351562
1711476169.991235,-2.7799997329711914,-71.17752075195312,149.5448455810547,6.790003776550293,-71.70236206054688,149.93484497070312,56.82484436035156,-73.26002502441406,163.46234130859375,-57.89999771118164,-73.30245971679688,165.41250610351562
1711476170.0012465,-2.7799997329711914,-71.17752075195312,149.5448455810547,6.790003776550293,-71.70236206054688,149.93484497070312,56.82484436035156,-73.26002502441406,163.46234130859375,-57.89999771118164,-73.30245971679688,165.41250610351562
1711476170.0112991,-2.7799997329711914,-71.17752075195312,149.5448455810547,6.790003776550293,-71.70236206054688,149.93484497070312,56.82484436035156,-73.26002502441406,163.46234130859375,-57.89999771118164,-73.30245971679688,165.41250610351562
1711476170.021225,-2.7799997329711914,-71.17752075195312,149.5448455810547,6.790003776550293,-71.70236206054688,149.93484497070312,56.82484436035156,-73.26002502441406,163.46234130859375,-57.89999771118164,-73.30245971679688,165.41250610351562
1711476170.0312364,-2.7799997329711914,-71.17752075195312,149.5448455810547,6.790003776550293,-71.70236206054688,149.93484497070312,56.82484436035156,-73.26002502441406,163.46234130859375,-57.89999771118164,-73.30245971679688,165.41250610351562
1711476170.0412314,-2.7799997329711914,-71.17752075195312,149.5448455810547,6.790003776550293,-71.70236206054688,149.93484497070312,56.82484436035156,-73.26002502441406,163.46234130859375,-57.89999771118164,-73.30245971679688,165.41250610351562
1711476170.0512242,-2.7799997329711914,-71.17752075195312,149.5448455810547,6.790003776550293,-71.70236206054688,149.93484497070312,56.82484436035156,-73.26002502441406,163.46234130859375,-57.89999771118164,-73.30245971679688,165.41250610351562
1711476170.061243,-2.7799997329711914,-71.17752075195312,149.5448455810547,6.790003776550293,-71.70236206054688,149.93484497070312,56.82484436035156,-73.26002502441406,163.46234130859375,-57.89999771118164,-73.30245971679688,165.41250610351562
1711476170.0712316,-2.7799997329711914,-71.17752075195312,149.5448455810547,6.790003776550293,-71.70236206054688,149.93484497070312,56.82484436035156,-73.26002502441406,163.46234130859375,-57.89999771118164,-73.30245971679688,165.41250610351562
1711476170.0812783,-2.7799997329711914,-71.17752075195312,149.5448455810547,6.790003776550293,-71.70236206054688,149.93484497070312,56.82484436035156,-73.26002502441406,163.46234130859375,-57.89999771118164,-73.30245971679688,165.41250610351562
1711476170.09126,-2.7799997329711914,-71.17752075195312,149.5448455810547,6.790003776550293,-71.70236206054688,149.93484497070312,56.82484436035156,-73.26002502441406,163.46234130859375,-57.89999771118164,-73.30245971679688,165.41250610351562
1711476170.1012235,-2.7799997329711914,-71.17752075195312,149.5448455810547,6.790003776550293,-71.70236206054688,149.93484497070312,56.82484436035156,-73.26002502441406,163.46234130859375,-57.89999771118164,-73.30245971679688,165.41250610351562
1711476170.1112254,-2.7799997329711914,-71.17752075195312,149.5448455810547,6.790003776550293,-71.70236206054688,149.93484497070312,56.82484436035156,-73.26002502441406,163.46234130859375,-57.89999771118164,-73.30245971679688,165.41250610351562
1711476170.1212592,-2.7799997329711914,-71.17752075195312,149.5448455810547,6.790003776550293,-71.70236206054688,149.93484497070312,56.82484436035156,-73.26002502441406,163.46234130859375,-57.89999771118164,-73.30245971679688,165.41250610351562
1711476170.1312273,-2.7799997329711914,-71.17752075195312,149.5448455810547,6.790003776550293,-71.70236206054688,149.93484497070312,56.82484436035156,-73.26002502441406,163.46234130859375,-57.89999771118164,-73.30245971679688,165.41250610351562
1711476170.1412585,-2.7799997329711914,-71.17752075195312,149.5448455810547,6.790003776550293,-71.70236206054688,149.93484497070312,56.82484436035156,-73.26002502441406,163.46234130859375,-57.89999771118164,-73.30245971679688,165.41250610351562
1711476170.1512344,-2.7799997329711914,-71.17752075195312,149.5448455810547,6.790003776550293,-71.70236206054688,149.93484497070312,56.82484436035156,-73.26002502441406,163.46234130859375,-57.89999771118164,-73.30245971679688,165.41250610351562
1711476170.161252,-2.7799997329711914,-71.17752075195312,149.5448455810547,6.790003776550293,-71.70236206054688,149.93484497070312,56.82484436035156,-73.26002502441406,163.46234130859375,-57.89999771118164,-73.30245971679688,165.41250610351562
1711476170.171242,-2.7799997329711914,-71.17752075195312,149.5448455810547,6.790003776550293,-71.70236206054688,149.93484497070312,56.82484436035156,-73.26002502441406,163.46234130859375,-57.89999771118164,-73.30245971679688,165.41250610351562
1711476170.1812434,-2.7799997329711914,-71.17752075195312,149.5448455810547,6.790003776550293,-71.70236206054688,149.93484497070312,56.82484436035156,-73.26002502441406,163.46234130859375,-57.89999771118164,-73.30245971679688,165.41250610351562
1711476170.1912425,-2.7799997329711914,-71.17752075195312,149.5448455810547,6.790003776550293,-71.70236206054688,149.93484497070312,56.82484436035156,-73.26002502441406,163.46234130859375,-57.89999771118164,-73.30245971679688,165.41250610351562
1711476170.2012556,-2.7799997329711914,-71.17752075195312,149.5448455810547,6.790003776550293,-71.70236206054688,149.93484497070312,56.82484436035156,-73.26002502441406,163.46234130859375,-57.89999771118164,-73.30245971679688,165.41250610351562
1711476170.2112381,-2.7799997329711914,-71.17752075195312,149.5448455810547,6.790003776550293,-71.70236206054688,149.93484497070312,56.82484436035156,-73.26002502441406,163.46234130859375,-57.89999771118164,-73.30245971679688,165.41250610351562
1711476170.2212486,-2.7799997329711914,-71.17752075195312,149.5448455810547,6.790003776550293,-71.70236206054688,149.93484497070312,56.82484436035156,-73.26002502441406,163.46234130859375,-57.89999771118164,-73.30245971679688,165.41250610351562
1711476170.2312498,-2.7799997329711914,-71.17752075195312,149.5448455810547,6.790003776550293,-71.70236206054688,149.93484497070312,56.82484436035156,-73.26002502441406,163.46234130859375,-57.89999771118164,-73.30245971679688,165.41250610351562
1711476170.2412443,-2.7799997329711914,-71.17752075195312,149.5448455810547,6.790003776550293,-71.70236206054688,149.93484497070312,56.82484436035156,-73.26002502441406,163.46234130859375,-57.89999771118164,-73.30245971679688,165.41250610351562
1711476170.2512343,-2.7799997329711914,-71.17752075195312,149.5448455810547,6.790003776550293,-71.70236206054688,149.93484497070312,56.82484436035156,-73.26002502441406,163.46234130859375,-57.89999771118164,-73.30245971679688,165.41250610351562
1711476170.2612433,-2.7799997329711914,-71.17752075195312,149.5448455810547,6.790003776550293,-71.70236206054688,149.93484497070312,56.82484436035156,-73.26002502441406,163.46234130859375,-57.89999771118164,-73.30245971679688,165.41250610351562
1711476170.2712567,-2.7799997329711914,-71.17752075195312,149.5448455810547,6.790003776550293,-71.70236206054688,149.93484497070312,56.82484436035156,-73.26002502441406,163.46234130859375,-57.89999771118164,-73.30245971679688,165.41250610351562
1711476170.2812448,-2.7799997329711914,-71.17752075195312,149.5448455810547,6.790003776550293,-71.70236206054688,149.93484497070312,56.82484436035156,-73.26002502441406,163.46234130859375,-57.89999771118164,-73.30245971679688,165.41250610351562
1711476170.291251,-2.7799997329711914,-71.17752075195312,149.5448455810547,6.790003776550293,-71.70236206054688,149.93484497070312,56.82484436035156,-73.26002502441406,163.46234130859375,-57.89999771118164,-73.30245971679688,165.41250610351562
1711476170.3012593,-2.7799997329711914,-71.17752075195312,149.5448455810547,6.790003776550293,-71.70236206054688,149.93484497070312,56.82484436035156,-73.26002502441406,163.46234130859375,-57.89999771118164,-73.30245971679688,165.41250610351562
1711476170.3112392,-2.7799997329711914,-71.17752075195312,149.5448455810547,6.790003776550293,-71.70236206054688,149.93484497070312,56.82484436035156,-73.26002502441406,163.46234130859375,-57.89999771118164,-73.30245971679688,165.41250610351562
1711476170.321242,-2.7799997329711914,-71.17752075195312,149.5448455810547,6.790003776550293,-71.70236206054688,149.93484497070312,56.82484436035156,-73.26002502441406,163.46234130859375,-57.89999771118164,-73.30245971679688,165.41250610351562
1711476170.3312492,-2.7799997329711914,-71.17752075195312,149.5448455810547,6.790003776550293,-71.70236206054688,149.93484497070312,56.82484436035156,-73.26002502441406,163.46234130859375,-57.89999771118164,-73.30245971679688,165.41250610351562
1711476170.341258,-2.7799997329711914,-71.17752075195312,149.5448455810547,6.790003776550293,-71.70236206054688,149.93484497070312,56.82484436035156,-73.26002502441406,163.46234130859375,-57.89999771118164,-73.30245971679688,165.41250610351562
1711476170.3512533,-2.7799997329711914,-71.17752075195312,149.5448455810547,6.790003776550293,-71.70236206054688,149.93484497070312,56.82484436035156,-73.26002502441406,163.46234130859375,-57.89999771118164,-73.30245971679688,165.41250610351562
1711476170.36128,-2.7799997329711914,-71.17752075195312,149.5448455810547,6.790003776550293,-71.70236206054688,149.93484497070312,56.82484436035156,-73.26002502441406,163.46234130859375,-57.89999771118164,-73.30245971679688,165.41250610351562
1711476170.3712478,-2.7799997329711914,-71.17752075195312,149.5448455810547,6.790003776550293,-71.70236206054688,149.93484497070312,56.82484436035156,-73.26002502441406,163.46234130859375,-57.89999771118164,-73.30245971679688,165.41250610351562
1711476170.3812675,-2.7799997329711914,-71.17752075195312,149.5448455810547,6.790003776550293,-71.70236206054688,149.93484497070312,56.82484436035156,-73.26002502441406,163.46234130859375,-57.89999771118164,-73.30245971679688,165.41250610351562
1711476170.3912547,-2.7799997329711914,-71.17752075195312,149.5448455810547,6.790003776550293,-71.70236206054688,149.93484497070312,56.82484436035156,-73.26002502441406,163.46234130859375,-57.89999771118164,-73.30245971679688,165.41250610351562
1711476170.4012482,-2.7799997329711914,-71.17752075195312,149.5448455810547,6.790003776550293,-71.70236206054688,149.93484497070312,56.82484436035156,-73.26002502441406,163.46234130859375,-57.89999771118164,-73.30245971679688,165.41250610351562
1711476170.4112556,-2.7799997329711914,-71.17752075195312,149.5448455810547,6.790003776550293,-71.70236206054688,149.93484497070312,56.82484436035156,-73.26002502441406,163.46234130859375,-57.89999771118164,-73.30245971679688,165.41250610351562
1711476170.4212584,-2.7799997329711914,-71.17752075195312,149.5448455810547,6.790003776550293,-71.70236206054688,149.93484497070312,56.82484436035156,-73.26002502441406,163.46234130859375,-57.89999771118164,-73.30245971679688,165.41250610351562
1711476170.4312484,-2.7799997329711914,-71.17752075195312,149.5448455810547,6.790003776550293,-71.70236206054688,149.93484497070312,56.82484436035156,-73.26002502441406,163.46234130859375,-57.89999771118164,-73.30245971679688,165.41250610351562
1711476170.441255,-2.7799997329711914,-71.17752075195312,149.5448455810547,6.790003776550293,-71.70236206054688,149.93484497070312,56.82484436035156,-73.26002502441406,163.46234130859375,-57.89999771118164,-73.30245971679688,165.41250610351562
1711476170.451268,-2.7799997329711914,-71.17752075195312,149.5448455810547,6.790003776550293,-71.70236206054688,149.93484497070312,56.82484436035156,-73.26002502441406,163.46234130859375,-57.89999771118164,-73.30245971679688,165.41250610351562
1711476170.4612398,-2.7799997329711914,-71.17752075195312,149.5448455810547,6.790003776550293,-71.70236206054688,149.93484497070312,56.82484436035156,-73.26002502441406,163.46234130859375,-57.89999771118164,-73.30245971679688,165.41250610351562
1711476170.47125,-2.7799997329711914,-71.17752075195312,149.5448455810547,6.790003776550293,-71.70236206054688,149.93484497070312,56.82484436035156,-73.26002502441406,163.46234130859375,-57.89999771118164,-73.30245971679688,165.41250610351562
1711476170.4812431,-2.7799997329711914,-71.17752075195312,149.5448455810547,6.790003776550293,-71.70236206054688,149.93484497070312,56.82484436035156,-73.26002502441406,163.46234130859375,-57.89999771118164,-73.30245971679688,165.41250610351562
1711476170.491264,-2.7799997329711914,-71.17752075195312,149.5448455810547,6.790003776550293,-71.70236206054688,149.93484497070312,56.82484436035156,-73.26002502441406,163.46234130859375,-57.89999771118164,-73.30245971679688,165.41250610351562
1711476170.501248,-2.7799997329711914,-71.17752075195312,149.5448455810547,6.790003776550293,-71.70236206054688,149.93484497070312,56.82484436035156,-73.26002502441406,163.46234130859375,-57.89999771118164,-73.30245971679688,165.41250610351562
1711476170.5112555,-2.7799997329711914,-71.17752075195312,149.5448455810547,6.790003776550293,-71.70236206054688,149.93484497070312,56.82484436035156,-73.26002502441406,163.46234130859375,-57.89999771118164,-73.30245971679688,165.41250610351562
1711476170.5212705,-2.7799997329711914,-71.17752075195312,149.5448455810547,6.790003776550293,-71.70236206054688,149.93484497070312,56.82484436035156,-73.26002502441406,163.46234130859375,-57.89999771118164,-73.30245971679688,165.41250610351562
1711476170.5313003,-2.7799997329711914,-71.17752075195312,149.5448455810547,6.790003776550293,-71.70236206054688,149.93484497070312,56.82484436035156,-73.26002502441406,163.46234130859375,-57.89999771118164,-73.30245971679688,165.41250610351562
1711476170.5412543,-2.7799997329711914,-71.17752075195312,149.5448455810547,6.790003776550293,-71.70236206054688,149.93484497070312,56.82484436035156,-73.26002502441406,163.46234130859375,-57.89999771118164,-73.30245971679688,165.41250610351562
1711476170.5512516,-2.7799997329711914,-71.17752075195312,149.5448455810547,6.790003776550293,-71.70236206054688,149.93484497070312,56.82484436035156,-73.26002502441406,163.46234130859375,-57.89999771118164,-73.30245971679688,165.41250610351562
1711476170.5612862,-2.7799997329711914,-71.17752075195312,149.5448455810547,6.790003776550293,-71.70236206054688,149.93484497070312,56.82484436035156,-73.26002502441406,163.46234130859375,-57.89999771118164,-73.30245971679688,165.41250610351562
1711476170.571284,-2.7799997329711914,-71.17752075195312,149.5448455810547,6.790003776550293,-71.70236206054688,149.93484497070312,56.82484436035156,-73.26002502441406,163.46234130859375,-57.89999771118164,-73.30245971679688,165.41250610351562
1711476170.5812883,-2.7799997329711914,-71.17752075195312,149.5448455810547,6.790003776550293,-71.70236206054688,149.93484497070312,56.82484436035156,-73.26002502441406,163.46234130859375,-57.89999771118164,-73.30245971679688,165.41250610351562
1711476170.5912993,-2.7799997329711914,-71.17752075195312,149.5448455810547,6.790003776550293,-71.70236206054688,149.93484497070312,56.82484436035156,-73.26002502441406,163.46234130859375,-57.89999771118164,-73.30245971679688,165.41250610351562
1711476170.60126,-2.7799997329711914,-71.17752075195312,149.5448455810547,6.790003776550293,-71.70236206054688,149.93484497070312,56.82484436035156,-73.26002502441406,163.46234130859375,-57.89999771118164,-73.30245971679688,165.41250610351562
1711476170.6115854,-2.7799997329711914,-71.17752075195312,149.5448455810547,6.790003776550293,-71.70236206054688,149.93484497070312,56.82484436035156,-73.26002502441406,163.46234130859375,-57.89999771118164,-73.30245971679688,165.41250610351562
1711476170.6212797,-2.7799997329711914,-71.17752075195312,149.5448455810547,6.790003776550293,-71.70236206054688,149.93484497070312,56.82484436035156,-73.26002502441406,163.46234130859375,-57.89999771118164,-73.30245971679688,165.41250610351562
1711476170.6313012,-2.7799997329711914,-71.17752075195312,149.5448455810547,6.790003776550293,-71.70236206054688,149.93484497070312,56.82484436035156,-73.26002502441406,163.46234130859375,-57.89999771118164,-73.30245971679688,165.41250610351562
1711476170.6412606,-2.7799997329711914,-71.17752075195312,149.5448455810547,6.790003776550293,-71.70236206054688,149.93484497070312,56.82484436035156,-73.26002502441406,163.46234130859375,-57.89999771118164,-73.30245971679688,165.41250610351562
1711476170.6512697,-2.7799997329711914,-71.17752075195312,149.5448455810547,6.790003776550293,-71.70236206054688,149.93484497070312,56.82484436035156,-73.26002502441406,163.46234130859375,-57.89999771118164,-73.30245971679688,165.41250610351562
1711476170.661279,-2.7799997329711914,-71.17752075195312,149.5448455810547,6.790003776550293,-71.70236206054688,149.93484497070312,56.82484436035156,-73.26002502441406,163.46234130859375,-57.89999771118164,-73.30245971679688,165.41250610351562
1711476170.6712546,-2.7799997329711914,-71.17752075195312,149.5448455810547,6.790003776550293,-71.70236206054688,149.93484497070312,56.82484436035156,-73.26002502441406,163.46234130859375,-57.89999771118164,-73.30245971679688,165.41250610351562
1711476170.6812813,-2.7799997329711914,-71.17752075195312,149.5448455810547,6.790003776550293,-71.70236206054688,149.93484497070312,56.82484436035156,-73.26002502441406,163.46234130859375,-57.89999771118164,-73.30245971679688,165.41250610351562
1711476170.691276,-2.7799997329711914,-71.17752075195312,149.5448455810547,6.790003776550293,-71.70236206054688,149.93484497070312,56.82484436035156,-73.26002502441406,163.46234130859375,-57.89999771118164,-73.30245971679688,165.41250610351562
1711476170.7012742,-2.7799997329711914,-71.17752075195312,149.5448455810547,6.790003776550293,-71.70236206054688,149.93484497070312,56.82484436035156,-73.26002502441406,163.46234130859375,-57.89999771118164,-73.30245971679688,165.41250610351562
1711476170.7113435,-2.7799997329711914,-71.17752075195312,149.5448455810547,6.790003776550293,-71.70236206054688,149.93484497070312,56.82484436035156,-73.26002502441406,163.46234130859375,-57.89999771118164,-73.30245971679688,165.41250610351562
1711476170.7212753,-2.7799997329711914,-71.17752075195312,149.5448455810547,6.790003776550293,-71.70236206054688,149.93484497070312,56.82484436035156,-73.26002502441406,163.46234130859375,-57.89999771118164,-73.30245971679688,165.41250610351562
1711476170.7312694,-2.7799997329711914,-71.17752075195312,149.5448455810547,6.790003776550293,-71.70236206054688,149.93484497070312,56.82484436035156,-73.26002502441406,163.46234130859375,-57.89999771118164,-73.30245971679688,165.41250610351562
1711476170.7412825,-2.7799997329711914,-71.17752075195312,149.5448455810547,6.790003776550293,-71.70236206054688,149.93484497070312,56.82484436035156,-73.26002502441406,163.46234130859375,-57.89999771118164,-73.30245971679688,165.41250610351562
1711476170.7512774,-2.7799997329711914,-71.17752075195312,149.5448455810547,6.790003776550293,-71.70236206054688,149.93484497070312,56.82484436035156,-73.26002502441406,163.46234130859375,-57.89999771118164,-73.30245971679688,165.41250610351562
1711476170.761268,-2.7799997329711914,-71.17752075195312,149.5448455810547,6.790003776550293,-71.70236206054688,149.93484497070312,56.82484436035156,-73.26002502441406,163.46234130859375,-57.89999771118164,-73.30245971679688,165.41250610351562
1711476170.7712977,-2.7799997329711914,-71.17752075195312,149.5448455810547,6.790003776550293,-71.70236206054688,149.93484497070312,56.82484436035156,-73.26002502441406,163.46234130859375,-57.89999771118164,-73.30245971679688,165.41250610351562
1711476170.7812762,-2.7799997329711914,-71.17752075195312,149.5448455810547,6.790003776550293,-71.70236206054688,149.93484497070312,56.82484436035156,-73.26002502441406,163.46234130859375,-57.89999771118164,-73.30245971679688,165.41250610351562
1711476170.7912667,-2.7799997329711914,-71.17752075195312,149.5448455810547,6.790003776550293,-71.70236206054688,149.93484497070312,56.82484436035156,-73.26002502441406,163.46234130859375,-57.89999771118164,-73.30245971679688,165.41250610351562
1711476170.801274,-2.7799997329711914,-71.17752075195312,149.5448455810547,6.790003776550293,-71.70236206054688,149.93484497070312,56.82484436035156,-73.26002502441406,163.46234130859375,-57.89999771118164,-73.30245971679688,165.41250610351562
1711476170.8112848,-2.7799997329711914,-71.17752075195312,149.5448455810547,6.790003776550293,-71.70236206054688,149.93484497070312,56.82484436035156,-73.26002502441406,163.46234130859375,-57.89999771118164,-73.30245971679688,165.41250610351562
1711476170.821265,-2.7799997329711914,-71.17752075195312,149.5448455810547,6.790003776550293,-71.70236206054688,149.93484497070312,56.82484436035156,-73.26002502441406,163.46234130859375,-57.89999771118164,-73.30245971679688,165.41250610351562
1711476170.8313,-2.7799997329711914,-71.17752075195312,149.5448455810547,6.790003776550293,-71.70236206054688,149.93484497070312,56.82484436035156,-73.26002502441406,163.46234130859375,-57.89999771118164,-73.30245971679688,165.41250610351562
1711476170.8412936,-2.7799997329711914,-71.17752075195312,149.5448455810547,6.790003776550293,-71.70236206054688,149.93484497070312,56.82484436035156,-73.26002502441406,163.46234130859375,-57.89999771118164,-73.30245971679688,165.41250610351562
1711476170.8512654,-2.7799997329711914,-71.17752075195312,149.5448455810547,6.790003776550293,-71.70236206054688,149.93484497070312,56.82484436035156,-73.26002502441406,163.46234130859375,-57.89999771118164,-73.30245971679688,165.41250610351562
1711476170.8612852,-2.7799997329711914,-71.17752075195312,149.5448455810547,6.790003776550293,-71.70236206054688,149.93484497070312,56.82484436035156,-73.26002502441406,163.46234130859375,-57.89999771118164,-73.30245971679688,165.41250610351562
1711476170.8713,-2.7799997329711914,-71.17752075195312,149.5448455810547,6.790003776550293,-71.70236206054688,149.93484497070312,56.82484436035156,-73.26002502441406,163.46234130859375,-57.89999771118164,-73.30245971679688,165.41250610351562
1711476170.881316,-2.7799997329711914,-71.17752075195312,149.5448455810547,6.790003776550293,-71.70236206054688,149.93484497070312,56.82484436035156,-73.26002502441406,163.46234130859375,-57.89999771118164,-73.30245971679688,165.41250610351562
1711476170.891265,-2.7799997329711914,-71.17752075195312,149.5448455810547,6.790003776550293,-71.70236206054688,149.93484497070312,56.82484436035156,-73.26002502441406,163.46234130859375,-57.89999771118164,-73.30245971679688,165.41250610351562
1711476170.901282,-2.7799997329711914,-71.17752075195312,149.5448455810547,6.790003776550293,-71.70236206054688,149.93484497070312,56.82484436035156,-73.26002502441406,163.46234130859375,-57.89999771118164,-73.30245971679688,165.41250610351562
1711476170.911286,-2.7799997329711914,-71.17752075195312,149.5448455810547,6.790003776550293,-71.70236206054688,149.93484497070312,56.82484436035156,-73.26002502441406,163.46234130859375,-57.89999771118164,-73.30245971679688,165.41250610351562
1711476170.9212873,-2.7799997329711914,-71.17752075195312,149.5448455810547,6.790003776550293,-71.70236206054688,149.93484497070312,56.82484436035156,-73.26002502441406,163.46234130859375,-57.89999771118164,-73.30245971679688,165.41250610351562
1711476170.93129,-2.7799997329711914,-71.17752075195312,149.5448455810547,6.790003776550293,-71.70236206054688,149.93484497070312,56.82484436035156,-73.26002502441406,163.46234130859375,-57.89999771118164,-73.30245971679688,165.41250610351562
1711476170.9413407,-2.7799997329711914,-71.17752075195312,149.5448455810547,6.790003776550293,-71.70236206054688,149.93484497070312,56.82484436035156,-73.26002502441406,163.46234130859375,-57.89999771118164,-73.30245971679688,165.41250610351562
1711476170.9512804,-2.7799997329711914,-71.17752075195312,149.5448455810547,6.790003776550293,-71.70236206054688,149.93484497070312,56.82484436035156,-73.26002502441406,163.46234130859375,-57.89999771118164,-73.30245971679688,165.41250610351562
1711476170.9612875,-2.7799997329711914,-71.17752075195312,149.5448455810547,6.790003776550293,-71.70236206054688,149.93484497070312,56.82484436035156,-73.26002502441406,163.46234130859375,-57.89999771118164,-73.30245971679688,165.41250610351562
1711476170.9712636,-2.7799997329711914,-71.17752075195312,149.5448455810547,6.790003776550293,-71.70236206054688,149.93484497070312,56.82484436035156,-73.26002502441406,163.46234130859375,-57.89999771118164,-73.30245971679688,165.41250610351562
1711476170.9812777,-2.7799997329711914,-71.17752075195312,149.5448455810547,6.790003776550293,-71.70236206054688,149.93484497070312,56.82484436035156,-73.26002502441406,163.46234130859375,-57.89999771118164,-73.30245971679688,165.41250610351562
1711476170.9912794,-2.7799997329711914,-71.17752075195312,149.5448455810547,6.790003776550293,-71.70236206054688,149.93484497070312,56.82484436035156,-73.26002502441406,163.46234130859375,-57.89999771118164,-73.30245971679688,165.41250610351562
1711476171.0013027,-2.7799997329711914,-71.17752075195312,149.5448455810547,6.790003776550293,-71.70236206054688,149.93484497070312,56.82484436035156,-73.26002502441406,163.46234130859375,-57.89999771118164,-73.30245971679688,165.41250610351562
1711476171.0112817,-2.7799997329711914,-71.17752075195312,149.5448455810547,6.790003776550293,-71.70236206054688,149.93484497070312,56.82484436035156,-73.26002502441406,163.46234130859375,-57.89999771118164,-73.30245971679688,165.41250610351562
1711476171.0213168,-2.7799997329711914,-71.17752075195312,149.5448455810547,6.790003776550293,-71.70236206054688,149.93484497070312,56.82484436035156,-73.26002502441406,163.46234130859375,-57.89999771118164,-73.30245971679688,165.41250610351562
1711476171.031283,-2.7799997329711914,-71.17752075195312,149.5448455810547,6.790003776550293,-71.70236206054688,149.93484497070312,56.82484436035156,-73.26002502441406,163.46234130859375,-57.89999771118164,-73.30245971679688,165.41250610351562
1711476171.0412898,-2.7799997329711914,-71.17752075195312,149.5448455810547,6.790003776550293,-71.70236206054688,149.93484497070312,56.82484436035156,-73.26002502441406,163.46234130859375,-57.89999771118164,-73.30245971679688,165.41250610351562
1711476171.0513003,-2.7799997329711914,-71.17752075195312,149.5448455810547,6.790003776550293,-71.70236206054688,149.93484497070312,56.82484436035156,-73.26002502441406,163.46234130859375,-57.89999771118164,-73.30245971679688,165.41250610351562
1711476171.0612915,-2.7799997329711914,-71.17752075195312,149.5448455810547,6.790003776550293,-71.70236206054688,149.93484497070312,56.82484436035156,-73.26002502441406,163.46234130859375,-57.89999771118164,-73.30245971679688,165.41250610351562
1711476171.0712726,-2.7799997329711914,-71.17752075195312,149.5448455810547,6.790003776550293,-71.70236206054688,149.93484497070312,56.82484436035156,-73.26002502441406,163.46234130859375,-57.89999771118164,-73.30245971679688,165.41250610351562
1711476171.0812955,-2.7799997329711914,-71.17752075195312,149.5448455810547,6.790003776550293,-71.70236206054688,149.93484497070312,56.82484436035156,-73.26002502441406,163.46234130859375,-57.89999771118164,-73.30245971679688,165.41250610351562
1711476171.0912683,-2.7799997329711914,-71.17752075195312,149.5448455810547,6.790003776550293,-71.70236206054688,149.93484497070312,56.82484436035156,-73.26002502441406,163.46234130859375,-57.89999771118164,-73.30245971679688,165.41250610351562
1711476171.1012957,-2.7799997329711914,-71.17752075195312,149.5448455810547,6.790003776550293,-71.70236206054688,149.93484497070312,56.82484436035156,-73.26002502441406,163.46234130859375,-57.89999771118164,-73.30245971679688,165.41250610351562
1711476171.1112912,-2.7799997329711914,-71.17752075195312,149.5448455810547,6.790003776550293,-71.70236206054688,149.93484497070312,56.82484436035156,-73.26002502441406,163.46234130859375,-57.89999771118164,-73.30245971679688,165.41250610351562
1711476171.1212785,-2.7799997329711914,-71.17752075195312,149.5448455810547,6.790003776550293,-71.70236206054688,149.93484497070312,56.82484436035156,-73.26002502441406,163.46234130859375,-57.89999771118164,-73.30245971679688,165.41250610351562
1711476171.131317,-2.7799997329711914,-71.17752075195312,149.5448455810547,6.790003776550293,-71.70236206054688,149.93484497070312,56.82484436035156,-73.26002502441406,163.46234130859375,-57.89999771118164,-73.30245971679688,165.41250610351562
1711476171.14129,-2.7799997329711914,-71.17752075195312,149.5448455810547,6.790003776550293,-71.70236206054688,149.93484497070312,56.82484436035156,-73.26002502441406,163.46234130859375,-57.89999771118164,-73.30245971679688,165.41250610351562
1711476171.1513002,-2.7799997329711914,-71.17752075195312,149.5448455810547,6.790003776550293,-71.70236206054688,149.93484497070312,56.82484436035156,-73.26002502441406,163.46234130859375,-57.89999771118164,-73.30245971679688,165.41250610351562
1711476171.1613357,-2.7799997329711914,-71.17752075195312,149.5448455810547,6.790003776550293,-71.70236206054688,149.93484497070312,56.82484436035156,-73.26002502441406,163.46234130859375,-57.89999771118164,-73.30245971679688,165.41250610351562
1711476171.1712947,-2.7799997329711914,-71.17752075195312,149.5448455810547,6.790003776550293,-71.70236206054688,149.93484497070312,56.82484436035156,-73.26002502441406,163.46234130859375,-57.89999771118164,-73.30245971679688,165.41250610351562
1711476171.1812885,-2.7799997329711914,-71.17752075195312,149.5448455810547,6.790003776550293,-71.70236206054688,149.93484497070312,56.82484436035156,-73.26002502441406,163.46234130859375,-57.89999771118164,-73.30245971679688,165.41250610351562
1711476171.1913035,-2.7799997329711914,-71.17752075195312,149.5448455810547,6.790003776550293,-71.70236206054688,149.93484497070312,56.82484436035156,-73.26002502441406,163.46234130859375,-57.89999771118164,-73.30245971679688,165.41250610351562
1711476171.2013202,-2.7799997329711914,-71.17752075195312,149.5448455810547,6.790003776550293,-71.70236206054688,149.93484497070312,56.82484436035156,-73.26002502441406,163.46234130859375,-57.89999771118164,-73.30245971679688,165.41250610351562
1711476171.2113228,-2.7799997329711914,-71.17752075195312,149.5448455810547,6.790003776550293,-71.70236206054688,149.93484497070312,56.82484436035156,-73.26002502441406,163.46234130859375,-57.89999771118164,-73.30245971679688,165.41250610351562
1711476171.2212956,-2.7799997329711914,-71.17752075195312,149.5448455810547,6.790003776550293,-71.70236206054688,149.93484497070312,56.82484436035156,-73.26002502441406,163.46234130859375,-57.89999771118164,-73.30245971679688,165.41250610351562
1711476171.231308,-2.7799997329711914,-71.17752075195312,149.5448455810547,6.790003776550293,-71.70236206054688,149.93484497070312,56.82484436035156,-73.26002502441406,163.46234130859375,-57.89999771118164,-73.30245971679688,165.41250610351562
1711476171.2412803,-2.7799997329711914,-71.17752075195312,149.5448455810547,6.790003776550293,-71.70236206054688,149.93484497070312,56.82484436035156,-73.26002502441406,163.46234130859375,-57.89999771118164,-73.30245971679688,165.41250610351562
1711476171.251298,-2.7799997329711914,-71.17752075195312,149.5448455810547,6.790003776550293,-71.70236206054688,149.93484497070312,56.82484436035156,-73.26002502441406,163.46234130859375,-57.89999771118164,-73.30245971679688,165.41250610351562
1711476171.2612941,-2.7799997329711914,-71.17752075195312,149.5448455810547,6.790003776550293,-71.70236206054688,149.93484497070312,56.82484436035156,-73.26002502441406,163.46234130859375,-57.89999771118164,-73.30245971679688,165.41250610351562
1711476171.2712932,-2.7799997329711914,-71.17752075195312,149.5448455810547,6.790003776550293,-71.70236206054688,149.93484497070312,56.82484436035156,-73.26002502441406,163.46234130859375,-57.89999771118164,-73.30245971679688,165.41250610351562
1711476171.2813113,-2.7799997329711914,-71.17752075195312,149.5448455810547,6.790003776550293,-71.70236206054688,149.93484497070312,56.82484436035156,-73.26002502441406,163.46234130859375,-57.89999771118164,-73.30245971679688,165.41250610351562
1711476171.2912922,-2.7799997329711914,-71.17752075195312,149.5448455810547,6.790003776550293,-71.70236206054688,149.93484497070312,56.82484436035156,-73.26002502441406,163.46234130859375,-57.89999771118164,-73.30245971679688,165.41250610351562
1711476171.3012857,-2.7799997329711914,-71.17752075195312,149.5448455810547,6.790003776550293,-71.70236206054688,149.93484497070312,56.82484436035156,-73.26002502441406,163.46234130859375,-57.89999771118164,-73.30245971679688,165.41250610351562
1711476171.3113036,-2.7799997329711914,-71.17752075195312,149.5448455810547,6.790003776550293,-71.70236206054688,149.93484497070312,56.82484436035156,-73.26002502441406,163.46234130859375,-57.89999771118164,-73.30245971679688,165.41250610351562
1711476171.3213124,-2.7799997329711914,-71.17752075195312,149.5448455810547,6.790003776550293,-71.70236206054688,149.93484497070312,56.82484436035156,-73.26002502441406,163.46234130859375,-57.89999771118164,-73.30245971679688,165.41250610351562
1711476171.331307,-2.7799997329711914,-71.17752075195312,149.5448455810547,6.790003776550293,-71.70236206054688,149.93484497070312,56.82484436035156,-73.26002502441406,163.46234130859375,-57.89999771118164,-73.30245971679688,165.41250610351562
1711476171.3413093,-2.7799997329711914,-71.17752075195312,149.5448455810547,6.790003776550293,-71.70236206054688,149.93484497070312,56.82484436035156,-73.26002502441406,163.46234130859375,-57.89999771118164,-73.30245971679688,165.41250610351562
1711476171.3512828,-2.7799997329711914,-71.17752075195312,149.5448455810547,6.790003776550293,-71.70236206054688,149.93484497070312,56.82484436035156,-73.26002502441406,163.46234130859375,-57.89999771118164,-73.30245971679688,165.41250610351562
1711476171.3612905,-2.7799997329711914,-71.17752075195312,149.5448455810547,6.790003776550293,-71.70236206054688,149.93484497070312,56.82484436035156,-73.26002502441406,163.46234130859375,-57.89999771118164,-73.30245971679688,165.41250610351562
1711476171.37131,-2.7799997329711914,-71.17752075195312,149.5448455810547,6.790003776550293,-71.70236206054688,149.93484497070312,56.82484436035156,-73.26002502441406,163.46234130859375,-57.89999771118164,-73.30245971679688,165.41250610351562
1711476171.3813052,-2.7799997329711914,-71.17752075195312,149.5448455810547,6.790003776550293,-71.70236206054688,149.93484497070312,56.82484436035156,-73.26002502441406,163.46234130859375,-57.89999771118164,-73.30245971679688,165.41250610351562
1711476171.3913114,-2.7799997329711914,-71.17752075195312,149.5448455810547,6.790003776550293,-71.70236206054688,149.93484497070312,56.82484436035156,-73.26002502441406,163.46234130859375,-57.89999771118164,-73.30245971679688,165.41250610351562
1711476171.4012995,-2.7799997329711914,-71.17752075195312,149.5448455810547,6.790003776550293,-71.70236206054688,149.93484497070312,56.82484436035156,-73.26002502441406,163.46234130859375,-57.89999771118164,-73.30245971679688,165.41250610351562
1711476171.4112923,-2.7799997329711914,-71.17752075195312,149.5448455810547,6.790003776550293,-71.70236206054688,149.93484497070312,56.82484436035156,-73.26002502441406,163.46234130859375,-57.89999771118164,-73.30245971679688,165.41250610351562
1711476171.4213123,-2.7799997329711914,-71.17752075195312,149.5448455810547,6.790003776550293,-71.70236206054688,149.93484497070312,56.82484436035156,-73.26002502441406,163.46234130859375,-57.89999771118164,-73.30245971679688,165.41250610351562
1711476171.4313147,-2.7799997329711914,-71.17752075195312,149.5448455810547,6.790003776550293,-71.70236206054688,149.93484497070312,56.82484436035156,-73.26002502441406,163.46234130859375,-57.89999771118164,-73.30245971679688,165.41250610351562
1711476171.4413261,-2.7799997329711914,-71.17752075195312,149.5448455810547,6.790003776550293,-71.70236206054688,149.93484497070312,56.82484436035156,-73.26002502441406,163.46234130859375,-57.89999771118164,-73.30245971679688,165.41250610351562
1711476171.4512928,-2.7799997329711914,-71.17752075195312,149.5448455810547,6.790003776550293,-71.70236206054688,149.93484497070312,56.82484436035156,-73.26002502441406,163.46234130859375,-57.89999771118164,-73.30245971679688,165.41250610351562
1711476171.4613142,-2.7799997329711914,-71.17752075195312,149.5448455810547,6.790003776550293,-71.70236206054688,149.93484497070312,56.82484436035156,-73.26002502441406,163.46234130859375,-57.89999771118164,-73.30245971679688,165.41250610351562
1711476171.4713032,-2.7799997329711914,-71.17752075195312,149.5448455810547,6.790003776550293,-71.70236206054688,149.93484497070312,56.82484436035156,-73.26002502441406,163.46234130859375,-57.89999771118164,-73.30245971679688,165.41250610351562
1711476171.4813027,-2.7799997329711914,-71.17752075195312,149.5448455810547,6.790003776550293,-71.70236206054688,149.93484497070312,56.82484436035156,-73.26002502441406,163.46234130859375,-57.89999771118164,-73.30245971679688,165.41250610351562
1711476171.4912925,-2.7799997329711914,-71.17752075195312,149.5448455810547,6.790003776550293,-71.70236206054688,149.93484497070312,56.82484436035156,-73.26002502441406,163.46234130859375,-57.89999771118164,-73.30245971679688,165.41250610351562
1711476171.5013275,-2.7799997329711914,-71.17752075195312,149.5448455810547,6.790003776550293,-71.70236206054688,149.93484497070312,56.82484436035156,-73.26002502441406,163.46234130859375,-57.89999771118164,-73.30245971679688,165.41250610351562
1711476171.5112956,-2.7799997329711914,-71.17752075195312,149.5448455810547,6.790003776550293,-71.70236206054688,149.93484497070312,56.82484436035156,-73.26002502441406,163.46234130859375,-57.89999771118164,-73.30245971679688,165.41250610351562
1711476171.521316,-2.7799997329711914,-71.17752075195312,149.5448455810547,6.790003776550293,-71.70236206054688,149.93484497070312,56.82484436035156,-73.26002502441406,163.46234130859375,-57.89999771118164,-73.30245971679688,165.41250610351562
1711476171.5313041,-2.7799997329711914,-71.17752075195312,149.5448455810547,6.790003776550293,-71.70236206054688,149.93484497070312,56.82484436035156,-73.26002502441406,163.46234130859375,-57.89999771118164,-73.30245971679688,165.41250610351562
1711476171.5413017,-2.7799997329711914,-71.17752075195312,149.5448455810547,6.790003776550293,-71.70236206054688,149.93484497070312,56.82484436035156,-73.26002502441406,163.46234130859375,-57.89999771118164,-73.30245971679688,165.41250610351562
1711476171.5513618,-2.7799997329711914,-71.17752075195312,149.5448455810547,6.790003776550293,-71.70236206054688,149.93484497070312,56.82484436035156,-73.26002502441406,163.46234130859375,-57.89999771118164,-73.30245971679688,165.41250610351562
1711476171.5613225,-2.7799997329711914,-71.17752075195312,149.5448455810547,6.790003776550293,-71.70236206054688,149.93484497070312,56.82484436035156,-73.26002502441406,163.46234130859375,-57.89999771118164,-73.30245971679688,165.41250610351562
1711476171.5713038,-2.7799997329711914,-71.17752075195312,149.5448455810547,6.790003776550293,-71.70236206054688,149.93484497070312,56.82484436035156,-73.26002502441406,163.46234130859375,-57.89999771118164,-73.30245971679688,165.41250610351562
1711476171.5813305,-2.7799997329711914,-71.17752075195312,149.5448455810547,6.790003776550293,-71.70236206054688,149.93484497070312,56.82484436035156,-73.26002502441406,163.46234130859375,-57.89999771118164,-73.30245971679688,165.41250610351562
1711476171.5913384,-2.7799997329711914,-71.17752075195312,149.5448455810547,6.790003776550293,-71.70236206054688,149.93484497070312,56.82484436035156,-73.26002502441406,163.46234130859375,-57.89999771118164,-73.30245971679688,165.41250610351562
1711476171.6013925,-2.7799997329711914,-71.17752075195312,149.5448455810547,6.790003776550293,-71.70236206054688,149.93484497070312,56.82484436035156,-73.26002502441406,163.46234130859375,-57.89999771118164,-73.30245971679688,165.41250610351562
1711476171.6113343,-2.7799997329711914,-71.17752075195312,149.5448455810547,6.790003776550293,-71.70236206054688,149.93484497070312,56.82484436035156,-73.26002502441406,163.46234130859375,-57.89999771118164,-73.30245971679688,165.41250610351562
1711476171.6212993,-2.7799997329711914,-71.17752075195312,149.5448455810547,6.790003776550293,-71.70236206054688,149.93484497070312,56.82484436035156,-73.26002502441406,163.46234130859375,-57.89999771118164,-73.30245971679688,165.41250610351562
1711476171.6313093,-2.7799997329711914,-71.17752075195312,149.5448455810547,6.790003776550293,-71.70236206054688,149.93484497070312,56.82484436035156,-73.26002502441406,163.46234130859375,-57.89999771118164,-73.30245971679688,165.41250610351562
1711476171.641329,-2.7799997329711914,-71.17752075195312,149.5448455810547,6.790003776550293,-71.70236206054688,149.93484497070312,56.82484436035156,-73.26002502441406,163.46234130859375,-57.89999771118164,-73.30245971679688,165.41250610351562
1711476171.6513343,-2.7799997329711914,-71.17752075195312,149.5448455810547,6.790003776550293,-71.70236206054688,149.93484497070312,56.82484436035156,-73.26002502441406,163.46234130859375,-57.89999771118164,-73.30245971679688,165.41250610351562
1711476171.6613393,-2.7799997329711914,-71.17752075195312,149.5448455810547,6.790003776550293,-71.70236206054688,149.93484497070312,56.82484436035156,-73.26002502441406,163.46234130859375,-57.89999771118164,-73.30245971679688,165.41250610351562
1711476171.6713316,-2.7799997329711914,-71.17752075195312,149.5448455810547,6.790003776550293,-71.70236206054688,149.93484497070312,56.82484436035156,-73.26002502441406,163.46234130859375,-57.89999771118164,-73.30245971679688,165.41250610351562
1711476171.6813664,-2.7799997329711914,-71.17752075195312,149.5448455810547,6.790003776550293,-71.70236206054688,149.93484497070312,56.82484436035156,-73.26002502441406,163.46234130859375,-57.89999771118164,-73.30245971679688,165.41250610351562
1711476171.6913068,-2.7799997329711914,-71.17752075195312,149.5448455810547,6.790003776550293,-71.70236206054688,149.93484497070312,56.82484436035156,-73.26002502441406,163.46234130859375,-57.89999771118164,-73.30245971679688,165.41250610351562
1711476171.7013228,-2.7799997329711914,-71.17752075195312,149.5448455810547,6.790003776550293,-71.70236206054688,149.93484497070312,56.82484436035156,-73.26002502441406,163.46234130859375,-57.89999771118164,-73.30245971679688,165.41250610351562
1711476171.7113461,-2.7799997329711914,-71.17752075195312,149.5448455810547,6.790003776550293,-71.70236206054688,149.93484497070312,56.82484436035156,-73.26002502441406,163.46234130859375,-57.89999771118164,-73.30245971679688,165.41250610351562
1711476171.7213387,-2.7799997329711914,-71.17752075195312,149.5448455810547,6.790003776550293,-71.70236206054688,149.93484497070312,56.82484436035156,-73.26002502441406,163.46234130859375,-57.89999771118164,-73.30245971679688,165.41250610351562
1711476171.7314043,-2.7799997329711914,-71.17752075195312,149.5448455810547,6.790003776550293,-71.70236206054688,149.93484497070312,56.82484436035156,-73.26002502441406,163.46234130859375,-57.89999771118164,-73.30245971679688,165.41250610351562
1711476171.7413244,-2.7799997329711914,-71.17752075195312,149.5448455810547,6.790003776550293,-71.70236206054688,149.93484497070312,56.82484436035156,-73.26002502441406,163.46234130859375,-57.89999771118164,-73.30245971679688,165.41250610351562
1711476171.7513657,-2.7799997329711914,-71.17752075195312,149.5448455810547,6.790003776550293,-71.70236206054688,149.93484497070312,56.82484436035156,-73.26002502441406,163.46234130859375,-57.89999771118164,-73.30245971679688,165.41250610351562
1711476171.7613463,-2.7799997329711914,-71.17752075195312,149.5448455810547,6.790003776550293,-71.70236206054688,149.93484497070312,56.82484436035156,-73.26002502441406,163.46234130859375,-57.89999771118164,-73.30245971679688,165.41250610351562
1711476171.7714767,-2.7799997329711914,-71.17752075195312,149.5448455810547,6.790003776550293,-71.70236206054688,149.93484497070312,56.82484436035156,-73.26002502441406,163.46234130859375,-57.89999771118164,-73.30245971679688,165.41250610351562
1711476171.78132,-2.7799997329711914,-71.17752075195312,149.5448455810547,6.790003776550293,-71.70236206054688,149.93484497070312,56.82484436035156,-73.26002502441406,163.46234130859375,-57.89999771118164,-73.30245971679688,165.41250610351562
1711476171.7913303,-2.7799997329711914,-71.17752075195312,149.5448455810547,6.790003776550293,-71.70236206054688,149.93484497070312,56.82484436035156,-73.26002502441406,163.46234130859375,-57.89999771118164,-73.30245971679688,165.41250610351562
1711476171.801344,-2.7799997329711914,-71.17752075195312,149.5448455810547,6.790003776550293,-71.70236206054688,149.93484497070312,56.82484436035156,-73.26002502441406,163.46234130859375,-57.89999771118164,-73.30245971679688,165.41250610351562
1711476171.8113706,-2.7799997329711914,-71.17752075195312,149.5448455810547,6.790003776550293,-71.70236206054688,149.93484497070312,56.82484436035156,-73.26002502441406,163.46234130859375,-57.89999771118164,-73.30245971679688,165.41250610351562
1711476171.8213272,-2.7799997329711914,-71.17752075195312,149.5448455810547,6.790003776550293,-71.70236206054688,149.93484497070312,56.82484436035156,-73.26002502441406,163.46234130859375,-57.89999771118164,-73.30245971679688,165.41250610351562
1711476171.83133,-2.7799997329711914,-71.17752075195312,149.5448455810547,6.790003776550293,-71.70236206054688,149.93484497070312,56.82484436035156,-73.26002502441406,163.46234130859375,-57.89999771118164,-73.30245971679688,165.41250610351562
1711476171.8413262,-2.7799997329711914,-71.17752075195312,149.5448455810547,6.790003776550293,-71.70236206054688,149.93484497070312,56.82484436035156,-73.26002502441406,163.46234130859375,-57.89999771118164,-73.30245971679688,165.41250610351562
1711476171.8513467,-2.7799997329711914,-71.17752075195312,149.5448455810547,6.790003776550293,-71.70236206054688,149.93484497070312,56.82484436035156,-73.26002502441406,163.46234130859375,-57.89999771118164,-73.30245971679688,165.41250610351562
1711476171.8613262,-2.7799997329711914,-71.17752075195312,149.5448455810547,6.790003776550293,-71.70236206054688,149.93484497070312,56.82484436035156,-73.26002502441406,163.46234130859375,-57.89999771118164,-73.30245971679688,165.41250610351562
1711476171.8713326,-2.7799997329711914,-71.17752075195312,149.5448455810547,6.790003776550293,-71.70236206054688,149.93484497070312,56.82484436035156,-73.26002502441406,163.46234130859375,-57.89999771118164,-73.30245971679688,165.41250610351562
1711476171.8813665,-2.7799997329711914,-71.17752075195312,149.5448455810547,6.790003776550293,-71.70236206054688,149.93484497070312,56.82484436035156,-73.26002502441406,163.46234130859375,-57.89999771118164,-73.30245971679688,165.41250610351562
1711476171.8913302,-2.7799997329711914,-71.17752075195312,149.5448455810547,6.790003776550293,-71.70236206054688,149.93484497070312,56.82484436035156,-73.26002502441406,163.46234130859375,-57.89999771118164,-73.30245971679688,165.41250610351562
1711476171.9013338,-2.7799997329711914,-71.17752075195312,149.5448455810547,6.790003776550293,-71.70236206054688,149.93484497070312,56.82484436035156,-73.26002502441406,163.46234130859375,-57.89999771118164,-73.30245971679688,165.41250610351562
1711476171.911332,-2.7799997329711914,-71.17752075195312,149.5448455810547,6.790003776550293,-71.70236206054688,149.93484497070312,56.82484436035156,-73.26002502441406,163.46234130859375,-57.89999771118164,-73.30245971679688,165.41250610351562
1711476171.9213452,-2.7799997329711914,-71.17752075195312,149.5448455810547,6.790003776550293,-71.70236206054688,149.93484497070312,56.82484436035156,-73.26002502441406,163.46234130859375,-57.89999771118164,-73.30245971679688,165.41250610351562
1711476171.9313304,-2.7799997329711914,-71.17752075195312,149.5448455810547,6.790003776550293,-71.70236206054688,149.93484497070312,56.82484436035156,-73.26002502441406,163.46234130859375,-57.89999771118164,-73.30245971679688,165.41250610351562
1711476171.9413295,-2.7799997329711914,-71.17752075195312,149.5448455810547,6.790003776550293,-71.70236206054688,149.93484497070312,56.82484436035156,-73.26002502441406,163.46234130859375,-57.89999771118164,-73.30245971679688,165.41250610351562
1711476171.9513476,-2.7799997329711914,-71.17752075195312,149.5448455810547,6.790003776550293,-71.70236206054688,149.93484497070312,56.82484436035156,-73.26002502441406,163.46234130859375,-57.89999771118164,-73.30245971679688,165.41250610351562
1711476171.9613616,-2.7799997329711914,-71.17752075195312,149.5448455810547,6.790003776550293,-71.70236206054688,149.93484497070312,56.82484436035156,-73.26002502441406,163.46234130859375,-57.89999771118164,-73.30245971679688,165.41250610351562
1711476171.971328,-2.7799997329711914,-71.17752075195312,149.5448455810547,6.790003776550293,-71.70236206054688,149.93484497070312,56.82484436035156,-73.26002502441406,163.46234130859375,-57.89999771118164,-73.30245971679688,165.41250610351562
1711476171.9813986,-2.7799997329711914,-71.17752075195312,149.5448455810547,6.790003776550293,-71.70236206054688,149.93484497070312,56.82484436035156,-73.26002502441406,163.46234130859375,-57.89999771118164,-73.30245971679688,165.41250610351562
1711476171.9913487,-2.7799997329711914,-71.17752075195312,149.5448455810547,6.790003776550293,-71.70236206054688,149.93484497070312,56.82484436035156,-73.26002502441406,163.46234130859375,-57.89999771118164,-73.30245971679688,165.41250610351562
1711476172.0013378,-2.7799997329711914,-71.17752075195312,149.5448455810547,6.790003776550293,-71.70236206054688,149.93484497070312,56.82484436035156,-73.26002502441406,163.46234130859375,-57.89999771118164,-73.30245971679688,165.41250610351562
1711476172.0113328,-2.7799997329711914,-71.17752075195312,149.5448455810547,6.790003776550293,-71.70236206054688,149.93484497070312,56.82484436035156,-73.26002502441406,163.46234130859375,-57.89999771118164,-73.30245971679688,165.41250610351562
1711476172.021344,-2.7799997329711914,-71.17752075195312,149.5448455810547,6.790003776550293,-71.70236206054688,149.93484497070312,56.82484436035156,-73.26002502441406,163.46234130859375,-57.89999771118164,-73.30245971679688,165.41250610351562
1711476172.0313342,-2.7799997329711914,-71.17752075195312,149.5448455810547,6.790003776550293,-71.70236206054688,149.93484497070312,56.82484436035156,-73.26002502441406,163.46234130859375,-57.89999771118164,-73.30245971679688,165.41250610351562
1711476172.0413337,-2.7799997329711914,-71.17752075195312,149.5448455810547,6.790003776550293,-71.70236206054688,149.93484497070312,56.82484436035156,-73.26002502441406,163.46234130859375,-57.89999771118164,-73.30245971679688,165.41250610351562
1711476172.0513353,-2.7799997329711914,-71.17752075195312,149.5448455810547,6.790003776550293,-71.70236206054688,149.93484497070312,56.82484436035156,-73.26002502441406,163.46234130859375,-57.89999771118164,-73.30245971679688,165.41250610351562
1711476172.061355,-2.7799997329711914,-71.17752075195312,149.5448455810547,6.790003776550293,-71.70236206054688,149.93484497070312,56.82484436035156,-73.26002502441406,163.46234130859375,-57.89999771118164,-73.30245971679688,165.41250610351562
1711476172.0713687,-2.7799997329711914,-71.17752075195312,149.5448455810547,6.790003776550293,-71.70236206054688,149.93484497070312,56.82484436035156,-73.26002502441406,163.46234130859375,-57.89999771118164,-73.30245971679688,165.41250610351562
1711476172.0813437,-2.7799997329711914,-71.17752075195312,149.5448455810547,6.790003776550293,-71.70236206054688,149.93484497070312,56.82484436035156,-73.26002502441406,163.46234130859375,-57.89999771118164,-73.30245971679688,165.41250610351562
1711476172.0913494,-2.7799997329711914,-71.17752075195312,149.5448455810547,6.790003776550293,-71.70236206054688,149.93484497070312,56.82484436035156,-73.26002502441406,163.46234130859375,-57.89999771118164,-73.30245971679688,165.41250610351562
1711476172.1013422,-2.7799997329711914,-71.17752075195312,149.5448455810547,6.790003776550293,-71.70236206054688,149.93484497070312,56.82484436035156,-73.26002502441406,163.46234130859375,-57.89999771118164,-73.30245971679688,165.41250610351562
1711476172.11134,-2.7799997329711914,-71.17752075195312,149.5448455810547,6.790003776550293,-71.70236206054688,149.93484497070312,56.82484436035156,-73.26002502441406,163.46234130859375,-57.89999771118164,-73.30245971679688,165.41250610351562
1711476172.1214366,-2.7799997329711914,-71.17752075195312,149.5448455810547,6.790003776550293,-71.70236206054688,149.93484497070312,56.82484436035156,-73.26002502441406,163.46234130859375,-57.89999771118164,-73.30245971679688,165.41250610351562
1711476172.131405,-2.7799997329711914,-71.17752075195312,149.5448455810547,6.790003776550293,-71.70236206054688,149.93484497070312,56.82484436035156,-73.26002502441406,163.46234130859375,-57.89999771118164,-73.30245971679688,165.41250610351562
1711476172.141424,-2.7799997329711914,-71.17752075195312,149.5448455810547,6.790003776550293,-71.70236206054688,149.93484497070312,56.82484436035156,-73.26002502441406,163.46234130859375,-57.89999771118164,-73.30245971679688,165.41250610351562
1711476172.1513805,-2.7799997329711914,-71.17752075195312,149.5448455810547,6.790003776550293,-71.70236206054688,149.93484497070312,56.82484436035156,-73.26002502441406,163.46234130859375,-57.89999771118164,-73.30245971679688,165.41250610351562
1711476172.1613445,-2.7799997329711914,-71.17752075195312,149.5448455810547,6.790003776550293,-71.70236206054688,149.93484497070312,56.82484436035156,-73.26002502441406,163.46234130859375,-57.89999771118164,-73.30245971679688,165.41250610351562
1711476172.1713877,-2.7799997329711914,-71.17752075195312,149.5448455810547,6.790003776550293,-71.70236206054688,149.93484497070312,56.82484436035156,-73.26002502441406,163.46234130859375,-57.89999771118164,-73.30245971679688,165.41250610351562
1711476172.1813548,-2.7799997329711914,-71.17752075195312,149.5448455810547,6.790003776550293,-71.70236206054688,149.93484497070312,56.82484436035156,-73.26002502441406,163.46234130859375,-57.89999771118164,-73.30245971679688,165.41250610351562
1711476172.1913388,-2.7799997329711914,-71.17752075195312,149.5448455810547,6.790003776550293,-71.70236206054688,149.93484497070312,56.82484436035156,-73.26002502441406,163.46234130859375,-57.89999771118164,-73.30245971679688,165.41250610351562
1711476172.2013373,-2.7799997329711914,-71.17752075195312,149.5448455810547,6.790003776550293,-71.70236206054688,149.93484497070312,56.82484436035156,-73.26002502441406,163.46234130859375,-57.89999771118164,-73.30245971679688,165.41250610351562
1711476172.2113526,-2.7799997329711914,-71.17752075195312,149.5448455810547,6.790003776550293,-71.70236206054688,149.93484497070312,56.82484436035156,-73.26002502441406,163.46234130859375,-57.89999771118164,-73.30245971679688,165.41250610351562
1711476172.2213562,-2.7799997329711914,-71.17752075195312,149.5448455810547,6.790003776550293,-71.70236206054688,149.93484497070312,56.82484436035156,-73.26002502441406,163.46234130859375,-57.89999771118164,-73.30245971679688,165.41250610351562
1711476172.2313514,-2.7799997329711914,-71.17752075195312,149.5448455810547,6.790003776550293,-71.70236206054688,149.93484497070312,56.82484436035156,-73.26002502441406,163.46234130859375,-57.89999771118164,-73.30245971679688,165.41250610351562
1711476172.2414036,-2.7799997329711914,-71.17752075195312,149.5448455810547,6.790003776550293,-71.70236206054688,149.93484497070312,56.82484436035156,-73.26002502441406,163.46234130859375,-57.89999771118164,-73.30245971679688,165.41250610351562
1711476172.2513392,-2.7799997329711914,-71.17752075195312,149.5448455810547,6.790003776550293,-71.70236206054688,149.93484497070312,56.82484436035156,-73.26002502441406,163.46234130859375,-57.89999771118164,-73.30245971679688,165.41250610351562
1711476172.2614088,-2.7799997329711914,-71.17752075195312,149.5448455810547,6.790003776550293,-71.70236206054688,149.93484497070312,56.82484436035156,-73.26002502441406,163.46234130859375,-57.89999771118164,-73.30245971679688,165.41250610351562
1711476172.2713418,-2.7799997329711914,-71.17752075195312,149.5448455810547,6.790003776550293,-71.70236206054688,149.93484497070312,56.82484436035156,-73.26002502441406,163.46234130859375,-57.89999771118164,-73.30245971679688,165.41250610351562
1711476172.2813523,-2.7799997329711914,-71.17752075195312,149.5448455810547,6.790003776550293,-71.70236206054688,149.93484497070312,56.82484436035156,-73.26002502441406,163.46234130859375,-57.89999771118164,-73.30245971679688,165.41250610351562
1711476172.291374,-2.7799997329711914,-71.17752075195312,149.5448455810547,6.790003776550293,-71.70236206054688,149.93484497070312,56.82484436035156,-73.26002502441406,163.46234130859375,-57.89999771118164,-73.30245971679688,165.41250610351562
1711476172.3014076,-2.7799997329711914,-71.17752075195312,149.5448455810547,6.790003776550293,-71.70236206054688,149.93484497070312,56.82484436035156,-73.26002502441406,163.46234130859375,-57.89999771118164,-73.30245971679688,165.41250610351562
1711476172.3113413,-2.7799997329711914,-71.17752075195312,149.5448455810547,6.790003776550293,-71.70236206054688,149.93484497070312,56.82484436035156,-73.26002502441406,163.46234130859375,-57.89999771118164,-73.30245971679688,165.41250610351562
1711476172.3213565,-2.7799997329711914,-71.17752075195312,149.5448455810547,6.790003776550293,-71.70236206054688,149.93484497070312,56.82484436035156,-73.26002502441406,163.46234130859375,-57.89999771118164,-73.30245971679688,165.41250610351562
1711476172.3313684,-2.7799997329711914,-71.17752075195312,149.5448455810547,6.790003776550293,-71.70236206054688,149.93484497070312,56.82484436035156,-73.26002502441406,163.46234130859375,-57.89999771118164,-73.30245971679688,165.41250610351562
1711476172.341362,-2.7799997329711914,-71.17752075195312,149.5448455810547,6.790003776550293,-71.70236206054688,149.93484497070312,56.82484436035156,-73.26002502441406,163.46234130859375,-57.89999771118164,-73.30245971679688,165.41250610351562
1711476172.3513708,-2.7799997329711914,-71.17752075195312,149.5448455810547,6.790003776550293,-71.70236206054688,149.93484497070312,56.82484436035156,-73.26002502441406,163.46234130859375,-57.89999771118164,-73.30245971679688,165.41250610351562
1711476172.361368,-2.7799997329711914,-71.17752075195312,149.5448455810547,6.790003776550293,-71.70236206054688,149.93484497070312,56.82484436035156,-73.26002502441406,163.46234130859375,-57.89999771118164,-73.30245971679688,165.41250610351562
1711476172.3713534,-2.7799997329711914,-71.17752075195312,149.5448455810547,6.790003776550293,-71.70236206054688,149.93484497070312,56.82484436035156,-73.26002502441406,163.46234130859375,-57.89999771118164,-73.30245971679688,165.41250610351562
1711476172.3814385,-2.7799997329711914,-71.17752075195312,149.5448455810547,6.790003776550293,-71.70236206054688,149.93484497070312,56.82484436035156,-73.26002502441406,163.46234130859375,-57.89999771118164,-73.30245971679688,165.41250610351562
1711476172.3913882,-2.7799997329711914,-71.17752075195312,149.5448455810547,6.790003776550293,-71.70236206054688,149.93484497070312,56.82484436035156,-73.26002502441406,163.46234130859375,-57.89999771118164,-73.30245971679688,165.41250610351562
1711476172.4013782,-2.7799997329711914,-71.17752075195312,149.5448455810547,6.790003776550293,-71.70236206054688,149.93484497070312,56.82484436035156,-73.26002502441406,163.46234130859375,-57.89999771118164,-73.30245971679688,165.41250610351562
1711476172.4113665,-2.7799997329711914,-71.17752075195312,149.5448455810547,6.790003776550293,-71.70236206054688,149.93484497070312,56.82484436035156,-73.26002502441406,163.46234130859375,-57.89999771118164,-73.30245971679688,165.41250610351562
1711476172.4213817,-2.7799997329711914,-71.17752075195312,149.5448455810547,6.790003776550293,-71.70236206054688,149.93484497070312,56.82484436035156,-73.26002502441406,163.46234130859375,-57.89999771118164,-73.30245971679688,165.41250610351562
1711476172.4313638,-2.7799997329711914,-71.17752075195312,149.5448455810547,6.790003776550293,-71.70236206054688,149.93484497070312,56.82484436035156,-73.26002502441406,163.46234130859375,-57.89999771118164,-73.30245971679688,165.41250610351562
1711476172.4413812,-2.7799997329711914,-71.17752075195312,149.5448455810547,6.790003776550293,-71.70236206054688,149.93484497070312,56.82484436035156,-73.26002502441406,163.46234130859375,-57.89999771118164,-73.30245971679688,165.41250610351562
1711476172.4513576,-2.7799997329711914,-71.17752075195312,149.5448455810547,6.790003776550293,-71.70236206054688,149.93484497070312,56.82484436035156,-73.26002502441406,163.46234130859375,-57.89999771118164,-73.30245971679688,165.41250610351562
1711476172.4613805,-2.7799997329711914,-71.17752075195312,149.5448455810547,6.790003776550293,-71.70236206054688,149.93484497070312,56.82484436035156,-73.26002502441406,163.46234130859375,-57.89999771118164,-73.30245971679688,165.41250610351562
1711476172.4713852,-2.7799997329711914,-71.17752075195312,149.5448455810547,6.790003776550293,-71.70236206054688,149.93484497070312,56.82484436035156,-73.26002502441406,163.46234130859375,-57.89999771118164,-73.30245971679688,165.41250610351562
1711476172.4813662,-2.7799997329711914,-71.17752075195312,149.5448455810547,6.790003776550293,-71.70236206054688,149.93484497070312,56.82484436035156,-73.26002502441406,163.46234130859375,-57.89999771118164,-73.30245971679688,165.41250610351562
1711476172.491385,-2.7799997329711914,-71.17752075195312,149.5448455810547,6.790003776550293,-71.70236206054688,149.93484497070312,56.82484436035156,-73.26002502441406,163.46234130859375,-57.89999771118164,-73.30245971679688,165.41250610351562
1711476172.5013442,-2.7799997329711914,-71.17752075195312,149.5448455810547,6.790003776550293,-71.70236206054688,149.93484497070312,56.82484436035156,-73.26002502441406,163.46234130859375,-57.89999771118164,-73.30245971679688,165.41250610351562
1711476172.5113657,-2.7799997329711914,-71.17752075195312,149.5448455810547,6.790003776550293,-71.70236206054688,149.93484497070312,56.82484436035156,-73.26002502441406,163.46234130859375,-57.89999771118164,-73.30245971679688,165.41250610351562
1711476172.5213556,-2.7799997329711914,-71.17752075195312,149.5448455810547,6.790003776550293,-71.70236206054688,149.93484497070312,56.82484436035156,-73.26002502441406,163.46234130859375,-57.89999771118164,-73.30245971679688,165.41250610351562
1711476172.531376,-2.7799997329711914,-71.17752075195312,149.5448455810547,6.790003776550293,-71.70236206054688,149.93484497070312,56.82484436035156,-73.26002502441406,163.46234130859375,-57.89999771118164,-73.30245971679688,165.41250610351562
1711476172.5413787,-2.7799997329711914,-71.17752075195312,149.5448455810547,6.790003776550293,-71.70236206054688,149.93484497070312,56.82484436035156,-73.26002502441406,163.46234130859375,-57.89999771118164,-73.30245971679688,165.41250610351562
1711476172.5513737,-2.7799997329711914,-71.17752075195312,149.5448455810547,6.790003776550293,-71.70236206054688,149.93484497070312,56.82484436035156,-73.26002502441406,163.46234130859375,-57.89999771118164,-73.30245971679688,165.41250610351562
1711476172.5613697,-2.7799997329711914,-71.17752075195312,149.5448455810547,6.790003776550293,-71.70236206054688,149.93484497070312,56.82484436035156,-73.26002502441406,163.46234130859375,-57.89999771118164,-73.30245971679688,165.41250610351562
1711476172.5739102,-2.7799997329711914,-71.17752075195312,149.5448455810547,6.790003776550293,-71.70236206054688,149.93484497070312,56.82484436035156,-73.26002502441406,163.46234130859375,-57.89999771118164,-73.30245971679688,165.41250610351562
1711476172.5813692,-2.7799997329711914,-71.17752075195312,149.5448455810547,6.790003776550293,-71.70236206054688,149.93484497070312,56.82484436035156,-73.26002502441406,163.46234130859375,-57.89999771118164,-73.30245971679688,165.41250610351562
1711476172.5913687,-2.7799997329711914,-71.17752075195312,149.5448455810547,6.790003776550293,-71.70236206054688,149.93484497070312,56.82484436035156,-73.26002502441406,163.46234130859375,-57.89999771118164,-73.30245971679688,165.41250610351562
1711476172.601361,-2.7799997329711914,-71.17752075195312,149.5448455810547,6.790003776550293,-71.70236206054688,149.93484497070312,56.82484436035156,-73.26002502441406,163.46234130859375,-57.89999771118164,-73.30245971679688,165.41250610351562
1711476172.6113558,-2.7799997329711914,-71.17752075195312,149.5448455810547,6.790003776550293,-71.70236206054688,149.93484497070312,56.82484436035156,-73.26002502441406,163.46234130859375,-57.89999771118164,-73.30245971679688,165.41250610351562
1711476172.6213562,-2.7799997329711914,-71.17752075195312,149.5448455810547,6.790003776550293,-71.70236206054688,149.93484497070312,56.82484436035156,-73.26002502441406,163.46234130859375,-57.89999771118164,-73.30245971679688,165.41250610351562
1711476172.6313665,-2.7799997329711914,-71.17752075195312,149.5448455810547,6.790003776550293,-71.70236206054688,149.93484497070312,56.82484436035156,-73.26002502441406,163.46234130859375,-57.89999771118164,-73.30245971679688,165.41250610351562
1711476172.6413553,-2.7799997329711914,-71.17752075195312,149.5448455810547,6.790003776550293,-71.70236206054688,149.93484497070312,56.82484436035156,-73.26002502441406,163.46234130859375,-57.89999771118164,-73.30245971679688,165.41250610351562
1711476172.6513534,-2.7799997329711914,-71.17752075195312,149.5448455810547,6.790003776550293,-71.70236206054688,149.93484497070312,56.82484436035156,-73.26002502441406,163.46234130859375,-57.89999771118164,-73.30245971679688,165.41250610351562
1711476172.6643708,-2.7799997329711914,-71.17752075195312,149.5448455810547,6.790003776550293,-71.70236206054688,149.93484497070312,56.82484436035156,-73.26002502441406,163.46234130859375,-57.89999771118164,-73.30245971679688,165.41250610351562
1711476172.6713622,-2.7799997329711914,-71.17752075195312,149.5448455810547,6.790003776550293,-71.70236206054688,149.93484497070312,56.82484436035156,-73.26002502441406,163.46234130859375,-57.89999771118164,-73.30245971679688,165.41250610351562
1711476172.6813595,-2.7799997329711914,-71.17752075195312,149.5448455810547,6.790003776550293,-71.70236206054688,149.93484497070312,56.82484436035156,-73.26002502441406,163.46234130859375,-57.89999771118164,-73.30245971679688,165.41250610351562
1711476172.691358,-2.7799997329711914,-71.17752075195312,149.5448455810547,6.790003776550293,-71.70236206054688,149.93484497070312,56.82484436035156,-73.26002502441406,163.46234130859375,-57.89999771118164,-73.30245971679688,165.41250610351562
1711476172.701357,-2.7799997329711914,-71.17752075195312,149.5448455810547,6.790003776550293,-71.70236206054688,149.93484497070312,56.82484436035156,-73.26002502441406,163.46234130859375,-57.89999771118164,-73.30245971679688,165.41250610351562
1711476172.7113602,-2.7799997329711914,-71.17752075195312,149.5448455810547,6.790003776550293,-71.70236206054688,149.93484497070312,56.82484436035156,-73.26002502441406,163.46234130859375,-57.89999771118164,-73.30245971679688,165.41250610351562
1711476172.7213593,-2.7799997329711914,-71.17752075195312,149.5448455810547,6.790003776550293,-71.70236206054688,149.93484497070312,56.82484436035156,-73.26002502441406,163.46234130859375,-57.89999771118164,-73.30245971679688,165.41250610351562
1711476172.7313995,-2.7799997329711914,-71.17752075195312,149.5448455810547,6.790003776550293,-71.70236206054688,149.93484497070312,56.82484436035156,-73.26002502441406,163.46234130859375,-57.89999771118164,-73.30245971679688,165.41250610351562
1711476172.7413511,-2.7799997329711914,-71.17752075195312,149.5448455810547,6.790003776550293,-71.70236206054688,149.93484497070312,56.82484436035156,-73.26002502441406,163.46234130859375,-57.89999771118164,-73.30245971679688,165.41250610351562
1711476172.7513666,-2.7799997329711914,-71.17752075195312,149.5448455810547,6.790003776550293,-71.70236206054688,149.93484497070312,56.82484436035156,-73.26002502441406,163.46234130859375,-57.89999771118164,-73.30245971679688,165.41250610351562
1711476172.761377,-2.7799997329711914,-71.17752075195312,149.5448455810547,6.790003776550293,-71.70236206054688,149.93484497070312,56.82484436035156,-73.26002502441406,163.46234130859375,-57.89999771118164,-73.30245971679688,165.41250610351562
1711476172.771363,-2.7799997329711914,-71.17752075195312,149.5448455810547,6.790003776550293,-71.70236206054688,149.93484497070312,56.82484436035156,-73.26002502441406,163.46234130859375,-57.89999771118164,-73.30245971679688,165.41250610351562
1711476172.7813642,-2.7799997329711914,-71.17752075195312,149.5448455810547,6.790003776550293,-71.70236206054688,149.93484497070312,56.82484436035156,-73.26002502441406,163.46234130859375,-57.89999771118164,-73.30245971679688,165.41250610351562
1711476172.791386,-2.7799997329711914,-71.17752075195312,149.5448455810547,6.790003776550293,-71.70236206054688,149.93484497070312,56.82484436035156,-73.26002502441406,163.46234130859375,-57.89999771118164,-73.30245971679688,165.41250610351562
1711476172.8013675,-2.7799997329711914,-71.17752075195312,149.5448455810547,6.790003776550293,-71.70236206054688,149.93484497070312,56.82484436035156,-73.26002502441406,163.46234130859375,-57.89999771118164,-73.30245971679688,165.41250610351562
1711476172.8113678,-2.7799997329711914,-71.17752075195312,149.5448455810547,6.790003776550293,-71.70236206054688,149.93484497070312,56.82484436035156,-73.26002502441406,163.46234130859375,-57.89999771118164,-73.30245971679688,165.41250610351562
1711476172.8213856,-2.7799997329711914,-71.17752075195312,149.5448455810547,6.790003776550293,-71.70236206054688,149.93484497070312,56.82484436035156,-73.26002502441406,163.46234130859375,-57.89999771118164,-73.30245971679688,165.41250610351562
1711476172.831368,-2.7799997329711914,-71.17752075195312,149.5448455810547,6.790003776550293,-71.70236206054688,149.93484497070312,56.82484436035156,-73.26002502441406,163.46234130859375,-57.89999771118164,-73.30245971679688,165.41250610351562
1711476172.8413756,-2.7799997329711914,-71.17752075195312,149.5448455810547,6.790003776550293,-71.70236206054688,149.93484497070312,56.82484436035156,-73.26002502441406,163.46234130859375,-57.89999771118164,-73.30245971679688,165.41250610351562
1711476172.8513532,-2.7799997329711914,-71.17752075195312,149.5448455810547,6.790003776550293,-71.70236206054688,149.93484497070312,56.82484436035156,-73.26002502441406,163.46234130859375,-57.89999771118164,-73.30245971679688,165.41250610351562
1711476172.861355,-2.7799997329711914,-71.17752075195312,149.5448455810547,6.790003776550293,-71.70236206054688,149.93484497070312,56.82484436035156,-73.26002502441406,163.46234130859375,-57.89999771118164,-73.30245971679688,165.41250610351562
1711476172.8713558,-2.7799997329711914,-71.17752075195312,149.5448455810547,6.790003776550293,-71.70236206054688,149.93484497070312,56.82484436035156,-73.26002502441406,163.46234130859375,-57.89999771118164,-73.30245971679688,165.41250610351562
1711476172.8813875,-2.7799997329711914,-71.17752075195312,149.5448455810547,6.790003776550293,-71.70236206054688,149.93484497070312,56.82484436035156,-73.26002502441406,163.46234130859375,-57.89999771118164,-73.30245971679688,165.41250610351562
1711476172.8913872,-2.7799997329711914,-71.17752075195312,149.5448455810547,6.790003776550293,-71.70236206054688,149.93484497070312,56.82484436035156,-73.26002502441406,163.46234130859375,-57.89999771118164,-73.30245971679688,165.41250610351562
1711476172.90137,-2.7799997329711914,-71.17752075195312,149.5448455810547,6.790003776550293,-71.70236206054688,149.93484497070312,56.82484436035156,-73.26002502441406,163.46234130859375,-57.89999771118164,-73.30245971679688,165.41250610351562
1711476172.9113603,-2.7799997329711914,-71.17752075195312,149.5448455810547,6.790003776550293,-71.70236206054688,149.93484497070312,56.82484436035156,-73.26002502441406,163.46234130859375,-57.89999771118164,-73.30245971679688,165.41250610351562
1711476172.9213612,-2.7799997329711914,-71.17752075195312,149.5448455810547,6.790003776550293,-71.70236206054688,149.93484497070312,56.82484436035156,-73.26002502441406,163.46234130859375,-57.89999771118164,-73.30245971679688,165.41250610351562
1711476172.9313767,-2.7799997329711914,-71.17752075195312,149.5448455810547,6.790003776550293,-71.70236206054688,149.93484497070312,56.82484436035156,-73.26002502441406,163.46234130859375,-57.89999771118164,-73.30245971679688,165.41250610351562
1711476172.941382,-2.7799997329711914,-71.17752075195312,149.5448455810547,6.790003776550293,-71.70236206054688,149.93484497070312,56.82484436035156,-73.26002502441406,163.46234130859375,-57.89999771118164,-73.30245971679688,165.41250610351562
1711476172.9513612,-2.7799997329711914,-71.17752075195312,149.5448455810547,6.790003776550293,-71.70236206054688,149.93484497070312,56.82484436035156,-73.26002502441406,163.46234130859375,-57.89999771118164,-73.30245971679688,165.41250610351562
1711476172.9613698,-2.7799997329711914,-71.17752075195312,149.5448455810547,6.790003776550293,-71.70236206054688,149.93484497070312,56.82484436035156,-73.26002502441406,163.46234130859375,-57.89999771118164,-73.30245971679688,165.41250610351562
1711476172.9713936,-2.7799997329711914,-71.17752075195312,149.5448455810547,6.790003776550293,-71.70236206054688,149.93484497070312,56.82484436035156,-73.26002502441406,163.46234130859375,-57.89999771118164,-73.30245971679688,165.41250610351562
1711476172.9813778,-2.7799997329711914,-71.17752075195312,149.5448455810547,6.790003776550293,-71.70236206054688,149.93484497070312,56.82484436035156,-73.26002502441406,163.46234130859375,-57.89999771118164,-73.30245971679688,165.41250610351562
1711476172.9913824,-2.7799997329711914,-71.17752075195312,149.5448455810547,6.790003776550293,-71.70236206054688,149.93484497070312,56.82484436035156,-73.26002502441406,163.46234130859375,-57.89999771118164,-73.30245971679688,165.41250610351562
1711476173.0013697,-2.7799997329711914,-71.17752075195312,149.5448455810547,6.790003776550293,-71.70236206054688,149.93484497070312,56.82484436035156,-73.26002502441406,163.46234130859375,-57.89999771118164,-73.30245971679688,165.41250610351562
1711476173.011365,-2.7799997329711914,-71.17752075195312,149.5448455810547,6.790003776550293,-71.70236206054688,149.93484497070312,56.82484436035156,-73.26002502441406,163.46234130859375,-57.89999771118164,-73.30245971679688,165.41250610351562
1711476173.021398,-2.7799997329711914,-71.17752075195312,149.5448455810547,6.790003776550293,-71.70236206054688,149.93484497070312,56.82484436035156,-73.26002502441406,163.46234130859375,-57.89999771118164,-73.30245971679688,165.41250610351562
1711476173.0313973,-2.7799997329711914,-71.17752075195312,149.5448455810547,6.790003776550293,-71.70236206054688,149.93484497070312,56.82484436035156,-73.26002502441406,163.46234130859375,-57.89999771118164,-73.30245971679688,165.41250610351562
1711476173.0414197,-2.7799997329711914,-71.17752075195312,149.5448455810547,6.790003776550293,-71.70236206054688,149.93484497070312,56.82484436035156,-73.26002502441406,163.46234130859375,-57.89999771118164,-73.30245971679688,165.41250610351562
1711476173.0513957,-2.7799997329711914,-71.17752075195312,149.5448455810547,6.790003776550293,-71.70236206054688,149.93484497070312,56.82484436035156,-73.26002502441406,163.46234130859375,-57.89999771118164,-73.30245971679688,165.41250610351562
1711476173.0614092,-2.7799997329711914,-71.17752075195312,149.5448455810547,6.790003776550293,-71.70236206054688,149.93484497070312,56.82484436035156,-73.26002502441406,163.46234130859375,-57.89999771118164,-73.30245971679688,165.41250610351562
1711476173.0713933,-2.7799997329711914,-71.17752075195312,149.5448455810547,6.790003776550293,-71.70236206054688,149.93484497070312,56.82484436035156,-73.26002502441406,163.46234130859375,-57.89999771118164,-73.30245971679688,165.41250610351562
1711476173.081395,-2.7799997329711914,-71.17752075195312,149.5448455810547,6.790003776550293,-71.70236206054688,149.93484497070312,56.82484436035156,-73.26002502441406,163.46234130859375,-57.89999771118164,-73.30245971679688,165.41250610351562
1711476173.0913897,-2.7799997329711914,-71.17752075195312,149.5448455810547,6.790003776550293,-71.70236206054688,149.93484497070312,56.82484436035156,-73.26002502441406,163.46234130859375,-57.89999771118164,-73.30245971679688,165.41250610351562
1711476173.1013803,-2.7799997329711914,-71.17752075195312,149.5448455810547,6.790003776550293,-71.70236206054688,149.93484497070312,56.82484436035156,-73.26002502441406,163.46234130859375,-57.89999771118164,-73.30245971679688,165.41250610351562
1711476173.111385,-2.7799997329711914,-71.17752075195312,149.5448455810547,6.790003776550293,-71.70236206054688,149.93484497070312,56.82484436035156,-73.26002502441406,163.46234130859375,-57.89999771118164,-73.30245971679688,165.41250610351562
1711476173.1213872,-2.7799997329711914,-71.17752075195312,149.5448455810547,6.790003776550293,-71.70236206054688,149.93484497070312,56.82484436035156,-73.26002502441406,163.46234130859375,-57.89999771118164,-73.30245971679688,165.41250610351562
1711476173.1313736,-2.7799997329711914,-71.17752075195312,149.5448455810547,6.790003776550293,-71.70236206054688,149.93484497070312,56.82484436035156,-73.26002502441406,163.46234130859375,-57.89999771118164,-73.30245971679688,165.41250610351562
1711476173.1413887,-2.7799997329711914,-71.17752075195312,149.5448455810547,6.790003776550293,-71.70236206054688,149.93484497070312,56.82484436035156,-73.26002502441406,163.46234130859375,-57.89999771118164,-73.30245971679688,165.41250610351562
1711476173.15138,-2.7799997329711914,-71.17752075195312,149.5448455810547,6.790003776550293,-71.70236206054688,149.93484497070312,56.82484436035156,-73.26002502441406,163.46234130859375,-57.89999771118164,-73.30245971679688,165.41250610351562
1711476173.161407,-2.7799997329711914,-71.17752075195312,149.5448455810547,6.790003776550293,-71.70236206054688,149.93484497070312,56.82484436035156,-73.26002502441406,163.46234130859375,-57.89999771118164,-73.30245971679688,165.41250610351562
1711476173.1713967,-2.7799997329711914,-71.17752075195312,149.5448455810547,6.790003776550293,-71.70236206054688,149.93484497070312,56.82484436035156,-73.26002502441406,163.46234130859375,-57.89999771118164,-73.30245971679688,165.41250610351562
1711476173.181404,-2.7799997329711914,-71.17752075195312,149.5448455810547,6.790003776550293,-71.70236206054688,149.93484497070312,56.82484436035156,-73.26002502441406,163.46234130859375,-57.89999771118164,-73.30245971679688,165.41250610351562
1711476173.1913834,-2.7799997329711914,-71.17752075195312,149.5448455810547,6.790003776550293,-71.70236206054688,149.93484497070312,56.82484436035156,-73.26002502441406,163.46234130859375,-57.89999771118164,-73.30245971679688,165.41250610351562
1711476173.201405,-2.7799997329711914,-71.17752075195312,149.5448455810547,6.790003776550293,-71.70236206054688,149.93484497070312,56.82484436035156,-73.26002502441406,163.46234130859375,-57.89999771118164,-73.30245971679688,165.41250610351562
1711476173.2114027,-2.7799997329711914,-71.17752075195312,149.5448455810547,6.790003776550293,-71.70236206054688,149.93484497070312,56.82484436035156,-73.26002502441406,163.46234130859375,-57.89999771118164,-73.30245971679688,165.41250610351562
1711476173.2213812,-2.7799997329711914,-71.17752075195312,149.5448455810547,6.790003776550293,-71.70236206054688,149.93484497070312,56.82484436035156,-73.26002502441406,163.46234130859375,-57.89999771118164,-73.30245971679688,165.41250610351562
1711476173.231372,-2.7799997329711914,-71.17752075195312,149.5448455810547,6.790003776550293,-71.70236206054688,149.93484497070312,56.82484436035156,-73.26002502441406,163.46234130859375,-57.89999771118164,-73.30245971679688,165.41250610351562
1711476173.2413945,-2.7799997329711914,-71.17752075195312,149.5448455810547,6.790003776550293,-71.70236206054688,149.93484497070312,56.82484436035156,-73.26002502441406,163.46234130859375,-57.89999771118164,-73.30245971679688,165.41250610351562
1711476173.2513855,-2.7799997329711914,-71.17752075195312,149.5448455810547,6.790003776550293,-71.70236206054688,149.93484497070312,56.82484436035156,-73.26002502441406,163.46234130859375,-57.89999771118164,-73.30245971679688,165.41250610351562
1711476173.2614021,-2.7799997329711914,-71.17752075195312,149.5448455810547,6.790003776550293,-71.70236206054688,149.93484497070312,56.82484436035156,-73.26002502441406,163.46234130859375,-57.89999771118164,-73.30245971679688,165.41250610351562
1711476173.2713943,-2.7799997329711914,-71.17752075195312,149.5448455810547,6.790003776550293,-71.70236206054688,149.93484497070312,56.82484436035156,-73.26002502441406,163.46234130859375,-57.89999771118164,-73.30245971679688,165.41250610351562
1711476173.2813888,-2.7799997329711914,-71.17752075195312,149.5448455810547,6.790003776550293,-71.70236206054688,149.93484497070312,56.82484436035156,-73.26002502441406,163.46234130859375,-57.89999771118164,-73.30245971679688,165.41250610351562
1711476173.2914262,-2.7799997329711914,-71.17752075195312,149.5448455810547,6.790003776550293,-71.70236206054688,149.93484497070312,56.82484436035156,-73.26002502441406,163.46234130859375,-57.89999771118164,-73.30245971679688,165.41250610351562
1711476173.3014154,-2.7799997329711914,-71.17752075195312,149.5448455810547,6.790003776550293,-71.70236206054688,149.93484497070312,56.82484436035156,-73.26002502441406,163.46234130859375,-57.89999771118164,-73.30245971679688,165.41250610351562
1711476173.3113966,-2.7799997329711914,-71.17752075195312,149.5448455810547,6.790003776550293,-71.70236206054688,149.93484497070312,56.82484436035156,-73.26002502441406,163.46234130859375,-57.89999771118164,-73.30245971679688,165.41250610351562
1711476173.3213937,-2.7799997329711914,-71.17752075195312,149.5448455810547,6.790003776550293,-71.70236206054688,149.93484497070312,56.82484436035156,-73.26002502441406,163.46234130859375,-57.89999771118164,-73.30245971679688,165.41250610351562
1711476173.331405,-2.7799997329711914,-71.17752075195312,149.5448455810547,6.790003776550293,-71.70236206054688,149.93484497070312,56.82484436035156,-73.26002502441406,163.46234130859375,-57.89999771118164,-73.30245971679688,165.41250610351562
1711476173.341377,-2.7799997329711914,-71.17752075195312,149.5448455810547,6.790003776550293,-71.70236206054688,149.93484497070312,56.82484436035156,-73.26002502441406,163.46234130859375,-57.89999771118164,-73.30245971679688,165.41250610351562
1711476173.3513997,-2.7799997329711914,-71.17752075195312,149.5448455810547,6.790003776550293,-71.70236206054688,149.93484497070312,56.82484436035156,-73.26002502441406,163.46234130859375,-57.89999771118164,-73.30245971679688,165.41250610351562
1711476173.3614194,-2.7799997329711914,-71.17752075195312,149.5448455810547,6.790003776550293,-71.70236206054688,149.93484497070312,56.82484436035156,-73.26002502441406,163.46234130859375,-57.89999771118164,-73.30245971679688,165.41250610351562
1711476173.3713865,-2.7799997329711914,-71.17752075195312,149.5448455810547,6.790003776550293,-71.70236206054688,149.93484497070312,56.82484436035156,-73.26002502441406,163.46234130859375,-57.89999771118164,-73.30245971679688,165.41250610351562
1711476173.3814034,-2.7799997329711914,-71.17752075195312,149.5448455810547,6.790003776550293,-71.70236206054688,149.93484497070312,56.82484436035156,-73.26002502441406,163.46234130859375,-57.89999771118164,-73.30245971679688,165.41250610351562
1711476173.3913968,-2.7799997329711914,-71.17752075195312,149.5448455810547,6.790003776550293,-71.70236206054688,149.93484497070312,56.82484436035156,-73.26002502441406,163.46234130859375,-57.89999771118164,-73.30245971679688,165.41250610351562
1711476173.4014084,-2.7799997329711914,-71.17752075195312,149.5448455810547,6.790003776550293,-71.70236206054688,149.93484497070312,56.82484436035156,-73.26002502441406,163.46234130859375,-57.89999771118164,-73.30245971679688,165.41250610351562
1711476173.4114037,-2.7799997329711914,-71.17752075195312,149.5448455810547,6.790003776550293,-71.70236206054688,149.93484497070312,56.82484436035156,-73.26002502441406,163.46234130859375,-57.89999771118164,-73.30245971679688,165.41250610351562
1711476173.421394,-2.7799997329711914,-71.17752075195312,149.5448455810547,6.790003776550293,-71.70236206054688,149.93484497070312,56.82484436035156,-73.26002502441406,163.46234130859375,-57.89999771118164,-73.30245971679688,165.41250610351562
1711476173.431402,-2.7799997329711914,-71.17752075195312,149.5448455810547,6.790003776550293,-71.70236206054688,149.93484497070312,56.82484436035156,-73.26002502441406,163.46234130859375,-57.89999771118164,-73.30245971679688,165.41250610351562
1711476173.4414089,-2.7799997329711914,-71.17752075195312,149.5448455810547,6.790003776550293,-71.70236206054688,149.93484497070312,56.82484436035156,-73.26002502441406,163.46234130859375,-57.89999771118164,-73.30245971679688,165.41250610351562
1711476173.4514034,-2.7799997329711914,-71.17752075195312,149.5448455810547,6.790003776550293,-71.70236206054688,149.93484497070312,56.82484436035156,-73.26002502441406,163.46234130859375,-57.89999771118164,-73.30245971679688,165.41250610351562
1711476173.4614055,-2.7799997329711914,-71.17752075195312,149.5448455810547,6.790003776550293,-71.70236206054688,149.93484497070312,56.82484436035156,-73.26002502441406,163.46234130859375,-57.89999771118164,-73.30245971679688,165.41250610351562
1711476173.4714012,-2.7799997329711914,-71.17752075195312,149.5448455810547,6.790003776550293,-71.70236206054688,149.93484497070312,56.82484436035156,-73.26002502441406,163.46234130859375,-57.89999771118164,-73.30245971679688,165.41250610351562
1711476173.4814146,-2.7799997329711914,-71.17752075195312,149.5448455810547,6.790003776550293,-71.70236206054688,149.93484497070312,56.82484436035156,-73.26002502441406,163.46234130859375,-57.89999771118164,-73.30245971679688,165.41250610351562
1711476173.4913874,-2.7799997329711914,-71.17752075195312,149.5448455810547,6.790003776550293,-71.70236206054688,149.93484497070312,56.82484436035156,-73.26002502441406,163.46234130859375,-57.89999771118164,-73.30245971679688,165.41250610351562
1711476173.5014148,-2.7799997329711914,-71.17752075195312,149.5448455810547,6.790003776550293,-71.70236206054688,149.93484497070312,56.82484436035156,-73.26002502441406,163.46234130859375,-57.89999771118164,-73.30245971679688,165.41250610351562
1711476173.5114124,-2.7799997329711914,-71.17752075195312,149.5448455810547,6.790003776550293,-71.70236206054688,149.93484497070312,56.82484436035156,-73.26002502441406,163.46234130859375,-57.89999771118164,-73.30245971679688,165.41250610351562
1711476173.5213912,-2.7799997329711914,-71.17752075195312,149.5448455810547,6.790003776550293,-71.70236206054688,149.93484497070312,56.82484436035156,-73.26002502441406,163.46234130859375,-57.89999771118164,-73.30245971679688,165.41250610351562
1711476173.531408,-2.7799997329711914,-71.17752075195312,149.5448455810547,6.790003776550293,-71.70236206054688,149.93484497070312,56.82484436035156,-73.26002502441406,163.46234130859375,-57.89999771118164,-73.30245971679688,165.41250610351562
1711476173.5414088,-2.7799997329711914,-71.17752075195312,149.5448455810547,6.790003776550293,-71.70236206054688,149.93484497070312,56.82484436035156,-73.26002502441406,163.46234130859375,-57.89999771118164,-73.30245971679688,165.41250610351562
1711476173.551432,-2.7799997329711914,-71.17752075195312,149.5448455810547,6.790003776550293,-71.70236206054688,149.93484497070312,56.82484436035156,-73.26002502441406,163.46234130859375,-57.89999771118164,-73.30245971679688,165.41250610351562
1711476173.5614119,-2.7799997329711914,-71.17752075195312,149.5448455810547,6.790003776550293,-71.70236206054688,149.93484497070312,56.82484436035156,-73.26002502441406,163.46234130859375,-57.89999771118164,-73.30245971679688,165.41250610351562
1711476173.5714083,-2.7799997329711914,-71.17752075195312,149.5448455810547,6.790003776550293,-71.70236206054688,149.93484497070312,56.82484436035156,-73.26002502441406,163.46234130859375,-57.89999771118164,-73.30245971679688,165.41250610351562
1711476173.5814016,-2.7799997329711914,-71.17752075195312,149.5448455810547,6.790003776550293,-71.70236206054688,149.93484497070312,56.82484436035156,-73.26002502441406,163.46234130859375,-57.89999771118164,-73.30245971679688,165.41250610351562
1711476173.5914295,-2.7799997329711914,-71.17752075195312,149.5448455810547,6.790003776550293,-71.70236206054688,149.93484497070312,56.82484436035156,-73.26002502441406,163.46234130859375,-57.89999771118164,-73.30245971679688,165.41250610351562
1711476173.6014166,-2.7799997329711914,-71.17752075195312,149.5448455810547,6.790003776550293,-71.70236206054688,149.93484497070312,56.82484436035156,-73.26002502441406,163.46234130859375,-57.89999771118164,-73.30245971679688,165.41250610351562
1711476173.6114123,-2.7799997329711914,-71.17752075195312,149.5448455810547,6.790003776550293,-71.70236206054688,149.93484497070312,56.82484436035156,-73.26002502441406,163.46234130859375,-57.89999771118164,-73.30245971679688,165.41250610351562
1711476173.6214333,-2.7799997329711914,-71.17752075195312,149.5448455810547,6.790003776550293,-71.70236206054688,149.93484497070312,56.82484436035156,-73.26002502441406,163.46234130859375,-57.89999771118164,-73.30245971679688,165.41250610351562
1711476173.6314137,-2.7799997329711914,-71.17752075195312,149.5448455810547,6.790003776550293,-71.70236206054688,149.93484497070312,56.82484436035156,-73.26002502441406,163.46234130859375,-57.89999771118164,-73.30245971679688,165.41250610351562
1711476173.6414316,-2.7799997329711914,-71.17752075195312,149.5448455810547,6.790003776550293,-71.70236206054688,149.93484497070312,56.82484436035156,-73.26002502441406,163.46234130859375,-57.89999771118164,-73.30245971679688,165.41250610351562
1711476173.6514132,-2.7799997329711914,-71.17752075195312,149.5448455810547,6.790003776550293,-71.70236206054688,149.93484497070312,56.82484436035156,-73.26002502441406,163.46234130859375,-57.89999771118164,-73.30245971679688,165.41250610351562
1711476173.6614146,-2.7799997329711914,-71.17752075195312,149.5448455810547,6.790003776550293,-71.70236206054688,149.93484497070312,56.82484436035156,-73.26002502441406,163.46234130859375,-57.89999771118164,-73.30245971679688,165.41250610351562
1711476173.6714008,-2.7799997329711914,-71.17752075195312,149.5448455810547,6.790003776550293,-71.70236206054688,149.93484497070312,56.82484436035156,-73.26002502441406,163.46234130859375,-57.89999771118164,-73.30245971679688,165.41250610351562
1711476173.6814024,-2.7799997329711914,-71.17752075195312,149.5448455810547,6.790003776550293,-71.70236206054688,149.93484497070312,56.82484436035156,-73.26002502441406,163.46234130859375,-57.89999771118164,-73.30245971679688,165.41250610351562
1711476173.6914258,-2.7799997329711914,-71.17752075195312,149.5448455810547,6.790003776550293,-71.70236206054688,149.93484497070312,56.82484436035156,-73.26002502441406,163.46234130859375,-57.89999771118164,-73.30245971679688,165.41250610351562
1711476173.7014172,-2.7799997329711914,-71.17752075195312,149.5448455810547,6.790003776550293,-71.70236206054688,149.93484497070312,56.82484436035156,-73.26002502441406,163.46234130859375,-57.89999771118164,-73.30245971679688,165.41250610351562
1711476173.7114182,-2.7799997329711914,-71.17752075195312,149.5448455810547,6.790003776550293,-71.70236206054688,149.93484497070312,56.82484436035156,-73.26002502441406,163.46234130859375,-57.89999771118164,-73.30245971679688,165.41250610351562
1711476173.7214303,-2.7799997329711914,-71.17752075195312,149.5448455810547,6.790003776550293,-71.70236206054688,149.93484497070312,56.82484436035156,-73.26002502441406,163.46234130859375,-57.89999771118164,-73.30245971679688,165.41250610351562
