[0.03548962622880936, 0.07732740789651871, -0.15289324522018433, 0.010779395699501038, 0.2156415581703186, 0.1807609647512436, -0.028320785611867905, 0.23918050527572632, 0.1451064646244049, 0.1759680211544037, -0.06827999651432037, 0.1539076268672943]
[0.07472676038742065, 0.2185649424791336, -0.14138779044151306, -0.014826007187366486, 0.2819024324417114, 0.16325952112674713, -0.17560327053070068, 0.44524016976356506, 0.2127785086631775, 0.19120824337005615, -0.07426339387893677, 0.2088240385055542]
[0.10424058139324188, 0.2043314129114151, -0.12304390966892242, -0.10948805510997772, 0.34827524423599243, 0.10776293277740479, -0.2505609393119812, 0.590520977973938, 0.19882385432720184, 0.2431487739086151, 0.005686521530151367, 0.40146785974502563]
[-0.04451878368854523, 0.29047903418540955, -0.20752429962158203, -0.0019204765558242798, 0.37725841999053955, 0.06094378978013992, -0.20687440037727356, 0.8631503582000732, 0.3748071789741516, 0.2578697204589844, 0.005166560411453247, 0.3912294805049896]
[-0.02245098352432251, 0.4005753695964813, -0.3103959858417511, 0.1711955964565277, 0.24908459186553955, 0.2777935862541199, 0.030580759048461914, 1.006038784980774, 0.48731327056884766, 0.21428079903125763, 0.046064697206020355, 0.3444371819496155]
[-0.026248211041092873, 0.3602215647697449, -0.35481905937194824, 0.29247498512268066, 0.14417174458503723, 0.3859848082065582, 0.1780528724193573, 1.0824488401412964, 0.5656403303146362, 0.2428903430700302, 0.13999858498573303, 0.3749806880950928]
[0.25997981429100037, -0.05373948812484741, -0.023165669292211533, 1.0538530349731445, -0.6637027859687805, 1.3680514097213745, -0.13280507922172546, 0.20940935611724854, 0.49942928552627563, 0.12965162098407745, 0.09584295749664307, 0.19028180837631226]
[0.10470657050609589, 0.03607064113020897, 0.5449110865592957, 0.5074830055236816, 0.12281060218811035, 1.1241729259490967, -1.2099798917770386, -0.031064532697200775, 0.3435709476470947, 0.31095096468925476, 0.04062218964099884, 0.15504306554794312]
[0.20218081772327423, 0.06869159638881683, 0.5423377156257629, 0.30316340923309326, 0.3229512572288513, 0.9843125939369202, -1.3339346647262573, 0.19519615173339844, 0.2843140959739685, 0.3416757583618164, 0.05157659947872162, 0.28777632117271423]
[0.2658415734767914, 0.12625311315059662, 0.5068039894104004, 0.22266508638858795, 0.43169498443603516, 0.7578319311141968, -1.3564413785934448, 0.4424607455730438, 0.285405695438385, 0.38308486342430115, 0.020160183310508728, 0.32986125349998474]
[0.22039759159088135, 0.19771698117256165, 0.5083461999893188, 0.15454015135765076, 0.5954289436340332, 0.5092501640319824, -1.4525299072265625, 0.633331835269928, 0.2588719129562378, 0.37104812264442444, 0.06728418171405792, 0.3956589102745056]
[0.09931541979312897, 0.28543975949287415, 0.4499906897544861, 0.16183286905288696, 0.7134893536567688, 0.2541641592979431, -1.4623169898986816, 0.7764490246772766, 0.2116505354642868, 0.3268425464630127, 0.034982793033123016, 0.3876884877681732]
[-0.11836940795183182, 0.6656209230422974, 0.12839001417160034, 0.21834157407283783, 0.617829442024231, -0.6891245245933533, -0.774616003036499, 1.3837698698043823, 0.17071770131587982, -0.48981621861457825, 0.02733037620782852, 0.28114888072013855]
[-0.26319900155067444, 0.574289083480835, -0.058588504791259766, 0.36488285660743713, 0.2930661737918854, -0.3068838119506836, -0.23806339502334595, 1.4511483907699585, 0.48575305938720703, -0.208981454372406, 0.061354126781225204, 0.23329633474349976]
[-0.21617352962493896, 0.5492715835571289, -0.20050160586833954, 0.5446048974990845, -0.07850903272628784, -0.013035647571086884, -0.10139727592468262, 1.3337154388427734, 0.6572969555854797, -0.06381366401910782, 0.20630484819412231, 0.182138592004776]
[-0.1505441516637802, 0.40037786960601807, -0.2536313831806183, 0.7686209678649902, -0.4887792766094208, 0.3819463551044464, -0.06300592422485352, 1.0323541164398193, 0.5710169672966003, -0.11179471015930176, 0.2500181496143341, 0.18712887167930603]
[-0.12064337730407715, 0.28456464409828186, -0.17239819467067719, 0.7855258584022522, -0.6209460496902466, 0.5469306707382202, 0.004014685750007629, 0.8115952014923096, 0.523377537727356, -0.11186215281486511, 0.22011470794677734, 0.1821489781141281]
[-0.06169947236776352, 0.30555686354637146, -0.14566639065742493, 0.8468560576438904, -0.783014714717865, 0.8129770159721375, -0.0964273065328598, 0.580388605594635, 0.3526545763015747, -0.07731962949037552, 0.185909703373909, 0.24967198073863983]
[0.09745590388774872, 0.0916309729218483, 0.31794244050979614, 0.7659124135971069, -0.6041107177734375, 1.2306309938430786, -0.6732853055000305, -0.14788711071014404, 0.19030658900737762, -0.10528509318828583, 0.10224980860948563, 0.2755745053291321]
[0.10177293419837952, 0.06233193725347519, 0.4620368480682373, 0.5920929908752441, -0.3115639388561249, 1.245104432106018, -0.9460788369178772, -0.2660723030567169, 0.18997325003147125, -0.013700131326913834, 0.14174094796180725, 0.30030733346939087]
[0.15033680200576782, 0.1301039755344391, 0.40453845262527466, 0.2858062982559204, 0.32322412729263306, 1.04352867603302, -1.2684764862060547, 0.12163303792476654, 0.21809881925582886, 0.1790575534105301, 0.04763416945934296, 0.33082935214042664]
[0.08184516429901123, 0.18857131898403168, 0.46861526370048523, 0.1487436592578888, 0.51939857006073, 0.895805299282074, -1.3450347185134888, 0.3486892879009247, 0.18933770060539246, 0.229312464594841, 0.027136385440826416, 0.3869539201259613]
[0.11754186451435089, 0.3259072005748749, 0.48669344186782837, 0.02751936763525009, 0.6456865072250366, 0.6239959001541138, -1.4096981287002563, 0.6182267069816589, 0.11899371445178986, 0.22383375465869904, -0.04333886504173279, 0.41906046867370605]
[-0.009989731013774872, 0.4663476049900055, 0.5091833472251892, -0.005590915679931641, 0.8439674377441406, 0.36558765172958374, -1.464220643043518, 0.8164210319519043, 0.1399044692516327, 0.2154769003391266, -0.017923802137374878, 0.4409855008125305]
[-0.08291064947843552, 0.7815269827842712, 0.42359399795532227, -0.05421634018421173, 1.0069670677185059, -0.20751866698265076, -1.4144792556762695, 1.2428652048110962, -0.07500380277633667, -0.07400062680244446, -0.15298126637935638, 0.4047218859195709]
[-0.04463990777730942, 0.915868878364563, 0.3888901472091675, 0.032781779766082764, 0.9758756160736084, -0.45850899815559387, -1.1635597944259644, 1.3806087970733643, -0.03809121996164322, -0.2901022136211395, -0.187968447804451, 0.331511914730072]
[-0.1131708174943924, 1.0747828483581543, 0.2306913435459137, 0.20186512172222137, 0.8655806183815002, -0.5670319199562073, -0.8999961614608765, 1.5824624300003052, 0.05414988473057747, -0.57669597864151, -0.23559977114200592, 0.25671666860580444]
[-0.239505335688591, 0.9482661485671997, -0.04191214591264725, 0.4145757257938385, 0.5987812876701355, -0.3464038074016571, -0.5653145909309387, 1.6496877670288086, 0.3057571351528168, -0.4931347966194153, -0.13826875388622284, 0.174941748380661]
[-0.08780516684055328, 0.39428481459617615, 0.1381160318851471, 0.9244372248649597, -0.7826574444770813, 1.0445404052734375, -0.3606548607349396, 0.11535748839378357, 0.06587643176317215, -0.2553064525127411, 0.09179484099149704, 0.25552690029144287]
[-0.03205536678433418, 0.28416725993156433, 0.34532877802848816, 0.8349893093109131, -0.6440759897232056, 1.176805019378662, -0.5918303728103638, -0.1423928141593933, 0.08752870559692383, -0.20964080095291138, 0.10064613819122314, 0.2516293227672577]
[0.049946002662181854, 0.19437569379806519, 0.3714663088321686, 0.693549394607544, -0.41640904545783997, 1.2759075164794922, -0.8438131213188171, -0.2595805823802948, 0.08318018913269043, -0.15345828235149384, 0.05566047877073288, 0.30978769063949585]
[0.09572295099496841, 0.10633891075849533, 0.4266848564147949, 0.5699313879013062, -0.06804479658603668, 1.2081489562988281, -1.0710519552230835, -0.21629905700683594, 0.1784408986568451, -0.04972344636917114, 0.08273445069789886, 0.29777756333351135]
[0.08312750607728958, 0.22478680312633514, 0.4380628764629364, 0.14806365966796875, 0.5728455781936646, 0.8241528868675232, -1.3432122468948364, 0.3913884460926056, 0.08609448373317719, 0.2138649821281433, 0.02607123553752899, 0.4418952465057373]
[-0.152968168258667, 0.5377038717269897, 0.5038548111915588, 0.0172271728515625, 0.9713976383209229, 0.2551330029964447, -1.5054283142089844, 0.8417373299598694, 0.03577063977718353, 0.2022407054901123, -0.019713938236236572, 0.4311053454875946]
[-0.26346951723098755, 0.6859604120254517, 0.5198310613632202, -0.011522486805915833, 1.0982357263565063, -0.02017991989850998, -1.4959884881973267, 1.0279829502105713, -0.09083622694015503, 0.08270951360464096, -0.07311202585697174, 0.4104021489620209]
[-0.26359426975250244, 1.1082719564437866, 0.5195784568786621, 0.06864312291145325, 1.1197102069854736, -0.4708962142467499, -1.1684881448745728, 1.3865846395492554, -0.08726911246776581, -0.26135528087615967, -0.1689848154783249, 0.26895707845687866]
[-0.4284486472606659, 0.8096910715103149, -0.06493905186653137, 0.570716381072998, 0.137589231133461, -0.04716479033231735, -0.3231184482574463, 1.4973524808883667, 0.484943687915802, -0.23496069014072418, 0.07100363820791245, 0.2569032609462738]
[-0.37852272391319275, 0.622326672077179, -0.1199144721031189, 0.7151778340339661, -0.3386452794075012, 0.27928653359413147, -0.052838098257780075, 1.1337946653366089, 0.41727906465530396, -0.192827507853508, 0.2326488047838211, 0.24667298793792725]
[0.11167633533477783, 0.05444387346506119, 0.5158511996269226, 0.5000592470169067, -0.11133243143558502, 1.2657898664474487, -1.0952277183532715, -0.254255473613739, 0.22784319519996643, -0.03847514092922211, 0.10599538683891296, 0.30799272656440735]
[0.08599396795034409, 0.12292258441448212, 0.435924768447876, 0.2864893674850464, 0.385039359331131, 1.051432490348816, -1.2563536167144775, 0.17896056175231934, 0.19086599349975586, 0.19084462523460388, 0.024631619453430176, 0.3753001391887665]
[0.08007719367742538, 0.27369147539138794, 0.4767509698867798, 0.0799066349864006, 0.59702467918396, 0.8387797474861145, -1.4368456602096558, 0.4470338523387909, 0.07784704118967056, 0.23377029597759247, -0.038451194763183594, 0.425822913646698]
[-0.07643182575702667, 0.358438640832901, 0.5258213877677917, 0.0353504940867424, 0.7857082486152649, 0.5599115490913391, -1.533282995223999, 0.5819146633148193, 0.06316399574279785, 0.2462616115808487, -0.015422061085700989, 0.4559629261493683]
[-0.17392927408218384, 0.9709523916244507, 0.4295017421245575, 0.0007603615522384644, 1.0572608709335327, -0.42166271805763245, -1.1690565347671509, 1.4293584823608398, -0.13387750089168549, -0.27843326330184937, -0.1687544733285904, 0.30926841497421265]
[-0.23390468955039978, 1.0886038541793823, 0.3313255310058594, 0.1608816534280777, 0.9965536594390869, -0.5822821855545044, -0.9374141097068787, 1.5740277767181396, -0.018801867961883545, -0.47623777389526367, -0.18592284619808197, 0.27829408645629883]
[-0.40671277046203613, 0.8549965620040894, -0.03799906000494957, 0.4638720154762268, 0.43878665566444397, -0.25217071175575256, -0.346992552280426, 1.6953201293945312, 0.4276009202003479, -0.23482953011989594, 0.03851862996816635, 0.26994258165359497]
[-0.3480992317199707, 0.7253580689430237, -0.20157490670681, 0.5704079866409302, -0.01296669989824295, 0.029795072972774506, -0.1838969588279724, 1.49282968044281, 0.5242170095443726, -0.11848532408475876, 0.17647799849510193, 0.24927596747875214]
[-0.3432673215866089, 0.6110993027687073, -0.18086206912994385, 0.642725944519043, -0.22238954901695251, 0.24899432063102722, -0.03486286476254463, 1.254377841949463, 0.43053340911865234, -0.11553763598203659, 0.2548786997795105, 0.2946001887321472]
[-0.333334743976593, 0.5983352065086365, -0.13627676665782928, 0.6993474960327148, -0.463309645652771, 0.43202781677246094, 0.03166242688894272, 1.0652709007263184, 0.37543535232543945, -0.14835259318351746, 0.2974179983139038, 0.29417115449905396]
[-0.2338150292634964, 0.5623031854629517, -0.18389354646205902, 0.7631514072418213, -0.6128990650177002, 0.7046618461608887, -0.06588074564933777, 0.8362241387367249, 0.2081323117017746, -0.17613330483436584, 0.19144609570503235, 0.3295511305332184]
[-0.02309572696685791, 0.20840883255004883, 0.1203489601612091, 0.8181430101394653, -0.6725018620491028, 1.1161186695098877, -0.34130555391311646, 0.05267392471432686, 0.043618734925985336, -0.23060917854309082, 0.15199142694473267, 0.3010472059249878]
[0.15635764598846436, 0.06957430392503738, 0.36181581020355225, 0.548830509185791, -0.30895382165908813, 1.3934762477874756, -0.86677086353302, -0.2599429786205292, 0.17126697301864624, -0.1287890523672104, 0.02497202903032303, 0.3732970952987671]
[0.15111909806728363, 0.047206975519657135, 0.4380960464477539, 0.4988813102245331, 0.07778388261795044, 1.2618515491485596, -1.052998423576355, -0.1749887466430664, 0.2415483444929123, -0.038648176938295364, 0.08267518877983093, 0.3284841775894165]
[0.08486322313547134, 0.3217805325984955, 0.4881304204463959, 0.10057816654443741, 0.6242725253105164, 0.847559928894043, -1.409136414527893, 0.41290077567100525, 0.10314112901687622, 0.14977681636810303, 0.019475094974040985, 0.40555107593536377]
[-0.006392201408743858, 0.4410123825073242, 0.48550933599472046, 0.021858587861061096, 0.8241734504699707, 0.5773354768753052, -1.446595549583435, 0.6868070363998413, 0.04814067482948303, 0.19214071333408356, -0.03159824013710022, 0.4601689577102661]
[-0.10335319489240646, 0.6023260354995728, 0.5293062925338745, -0.003976315259933472, 1.0105633735656738, 0.3550613224506378, -1.4494214057922363, 0.8940603733062744, 0.024997714906930923, 0.18938349187374115, -0.02374221384525299, 0.44100722670555115]
[-0.2832227945327759, 0.9510015845298767, 0.4152129590511322, -0.0010482147336006165, 1.1608302593231201, -0.1786290407180786, -1.3055999279022217, 1.32855224609375, -0.10854178667068481, -0.07451299577951431, -0.20570610463619232, 0.32166793942451477]
[-0.2914336621761322, 1.0966298580169678, 0.3741052448749542, 0.13054798543453217, 1.13019597530365, -0.3827056586742401, -1.0682920217514038, 1.4660619497299194, -0.04922717064619064, -0.30571600794792175, -0.22478194534778595, 0.24156454205513]
[-0.2847328782081604, 1.2184990644454956, 0.14744000136852264, 0.27105480432510376, 0.9347171187400818, -0.4092453420162201, -0.8155972957611084, 1.668439507484436, 0.08647599816322327, -0.4430529475212097, -0.22163958847522736, 0.22602862119674683]
[-0.3724828362464905, 1.079200029373169, -0.0673515647649765, 0.4745142459869385, 0.6385521292686462, -0.23615920543670654, -0.48584404587745667, 1.7107667922973633, 0.2957793176174164, -0.3852463364601135, -0.09625951945781708, 0.20701812207698822]
[-0.09775009006261826, 0.4768274128437042, 0.02845850959420204, 0.9917685389518738, -0.785773754119873, 0.9676035046577454, -0.2733982503414154, 0.32760873436927795, 0.1083824634552002, -0.33816099166870117, 0.13353578746318817, 0.24953918159008026]
[0.0612088218331337, 0.357477605342865, 0.20666439831256866, 0.861305296421051, -0.567575991153717, 1.3111581802368164, -0.6353180408477783, -0.16890960931777954, 0.040403950959444046, -0.2382301241159439, 0.02527550607919693, 0.2787390649318695]
[0.1268385946750641, 0.16760218143463135, 0.3636527359485626, 0.7298893928527832, -0.3470595180988312, 1.3633016347885132, -0.8934726119041443, -0.24708107113838196, 0.19854521751403809, -0.20162256062030792, 0.030201204121112823, 0.2511753439903259]
[0.11403132975101471, 0.20345625281333923, 0.4454707205295563, 0.2315026819705963, 0.4513282775878906, 1.0486948490142822, -1.2863775491714478, 0.15505996346473694, 0.1560831069946289, 0.19170992076396942, 0.03609974682331085, 0.3250349462032318]
[0.07041355222463608, 0.3045622408390045, 0.49835649132728577, 0.11308969557285309, 0.5948917269706726, 0.8999465107917786, -1.4242480993270874, 0.3661826550960541, 0.14406375586986542, 0.22260910272598267, 0.07517309486865997, 0.4259282052516937]
[-0.2454659640789032, 1.0305931568145752, 0.3371083438396454, 0.07564843446016312, 1.051494836807251, -0.39327386021614075, -1.2119009494781494, 1.3465825319290161, -0.13512995839118958, -0.3685304522514343, -0.17769189178943634, 0.33602389693260193]
[-0.39618268609046936, 0.6325410604476929, -0.1854954957962036, 0.6098519563674927, -0.04537707939743996, 0.0766744315624237, -0.13947232067584991, 1.42207932472229, 0.5088217854499817, -0.10631082952022552, 0.15247172117233276, 0.25595346093177795]
[-0.34107303619384766, 0.6236991286277771, -0.19360311329364777, 0.6661611199378967, -0.2735391855239868, 0.2499808669090271, -0.11625678837299347, 1.3220183849334717, 0.4915045499801636, -0.1633426696062088, 0.21863766014575958, 0.25658097863197327]
[0.006020994856953621, 0.29913368821144104, 0.235105961561203, 0.8889948725700378, -0.7768779397010803, 1.1983181238174438, -0.3672759532928467, 0.01904037594795227, 0.14205828309059143, -0.2491079866886139, 0.14711645245552063, 0.23357035219669342]
[0.11616221070289612, 0.042777225375175476, 0.5189372301101685, 0.6263004541397095, -0.3711839020252228, 1.3424224853515625, -0.8531308770179749, -0.3120790421962738, 0.15205441415309906, -0.1351597160100937, 0.11830383539199829, 0.27954620122909546]
[0.03571499139070511, 0.06516233086585999, 0.4360509216785431, 0.3824404180049896, 0.24422672390937805, 1.1209008693695068, -1.171099305152893, -0.018468715250492096, 0.21232104301452637, 0.1574869602918625, 0.07996191084384918, 0.285932332277298]
[0.02926345355808735, 0.15005360543727875, 0.48299500346183777, 0.20104096829891205, 0.5041711926460266, 1.0088468790054321, -1.313054084777832, 0.23139402270317078, 0.17999085783958435, 0.22790832817554474, 0.04300251603126526, 0.360414057970047]
[-0.23715339601039886, 1.1024199724197388, 0.32911917567253113, 0.15498924255371094, 1.06334388256073, -0.47707399725914, -1.0070799589157104, 1.4935537576675415, -0.08443282544612885, -0.48401397466659546, -0.20816545188426971, 0.25117725133895874]
[-0.23322220146656036, 1.066650152206421, 0.045919280499219894, 0.28261905908584595, 0.8409314155578613, -0.396926611661911, -0.6830824613571167, 1.6267045736312866, 0.12397250533103943, -0.4986179769039154, -0.15591706335544586, 0.1947411298751831]
[-0.40453505516052246, 0.667602002620697, -0.2010255604982376, 0.5307090282440186, 0.266519159078598, -0.18467140197753906, -0.33851173520088196, 1.6173399686813354, 0.4761527180671692, -0.27218711376190186, 0.03410782665014267, 0.23640242218971252]
[-0.16584517061710358, 0.43537211418151855, -0.168795645236969, 0.8668490052223206, -0.6914414763450623, 0.7202832698822021, -0.04005720838904381, 0.7550340294837952, 0.2290896475315094, -0.1778826266527176, 0.17983195185661316, 0.2745073139667511]
[-0.007634885609149933, 0.27461662888526917, 0.08541757613420486, 0.9196755290031433, -0.7155173420906067, 1.1728036403656006, -0.22443446516990662, 0.16345952451229095, 0.0840374231338501, -0.15775689482688904, 0.14247281849384308, 0.2531754672527313]
[0.12266664206981659, 0.16091813147068024, 0.34807297587394714, 0.7214142084121704, -0.41361695528030396, 1.4432132244110107, -0.7748650908470154, -0.25382351875305176, 0.15735945105552673, -0.10715945810079575, 0.1223675012588501, 0.3009305000305176]
[0.12794245779514313, 0.022645622491836548, 0.5119158625602722, 0.564934492111206, -0.1099134311079979, 1.3597532510757446, -1.0018222332000732, -0.25827714800834656, 0.25006842613220215, -0.026145774871110916, 0.1476692259311676, 0.31406232714653015]
[0.0654359757900238, 0.09198051691055298, 0.471735417842865, 0.41839244961738586, 0.19161753356456757, 1.2838797569274902, -1.2046667337417603, -0.14589369297027588, 0.2207106202840805, 0.10039405524730682, 0.15102268755435944, 0.31299108266830444]
[0.07080461084842682, 0.10272300988435745, 0.4611489176750183, 0.31253349781036377, 0.4617895483970642, 1.098595142364502, -1.2592417001724243, 0.11987199634313583, 0.2037019580602646, 0.13999468088150024, 0.08662179112434387, 0.3608369529247284]
[0.06598366796970367, 0.2464119791984558, 0.47131437063217163, 0.16526661813259125, 0.6290953755378723, 0.9671379923820496, -1.3645620346069336, 0.3664792478084564, 0.1757144033908844, 0.213796466588974, 0.051456108689308167, 0.4319954514503479]
[-0.07654901593923569, 0.3524624705314636, 0.5031217932701111, 0.12657497823238373, 0.8396385312080383, 0.7333599328994751, -1.4990501403808594, 0.5711328983306885, 0.1161552369594574, 0.20892097055912018, 0.05489382892847061, 0.40342772006988525]
[-0.22040636837482452, 0.6549711227416992, 0.49916282296180725, 0.01861877739429474, 1.0794878005981445, 0.28836745023727417, -1.4462841749191284, 0.9916796684265137, 0.010533329099416733, 0.11137102544307709, -0.02784578502178192, 0.3840146064758301]
[-0.22227256000041962, 1.2132021188735962, 0.3009164333343506, 0.20214655995368958, 1.0267797708511353, -0.3653157353401184, -0.9341903328895569, 1.5574636459350586, 0.010796129703521729, -0.5074294209480286, -0.1923535317182541, 0.19385279715061188]
[-0.35011565685272217, 1.1051819324493408, 0.08165270835161209, 0.34528979659080505, 0.7738788723945618, -0.2834225296974182, -0.5547364950180054, 1.7064343690872192, 0.24252177774906158, -0.4608224928379059, -0.07252819836139679, 0.23653572797775269]
[-0.38776785135269165, 0.8628457188606262, -0.1780935823917389, 0.6074092984199524, 0.20396357774734497, 0.08879487216472626, -0.2451033592224121, 1.586776852607727, 0.465853750705719, -0.20011505484580994, 0.08838651329278946, 0.2338794469833374]
[-0.3671167492866516, 0.7932577133178711, -0.1921820491552353, 0.6878498196601868, -0.06785699725151062, 0.19158777594566345, -0.18210986256599426, 1.3983198404312134, 0.46491485834121704, -0.22222115099430084, 0.19414742290973663, 0.25757595896720886]
[0.035738684237003326, 0.3159777820110321, 0.20903323590755463, 0.847265899181366, -0.631582498550415, 1.261554479598999, -0.4604230225086212, -0.007312919944524765, 0.09494216740131378, -0.26042136549949646, 0.08671891689300537, 0.29135844111442566]
[0.09778761863708496, 0.281120628118515, 0.30884620547294617, 0.7376208305358887, -0.5016438961029053, 1.3925487995147705, -0.6881611943244934, -0.22153714299201965, 0.13234734535217285, -0.19898372888565063, 0.025891952216625214, 0.29388466477394104]
[0.09916307032108307, 0.16974328458309174, 0.4222103953361511, 0.6601109504699707, -0.1903262883424759, 1.3929492235183716, -0.9492161273956299, -0.268202006816864, 0.21531696617603302, -0.1382419466972351, 0.07768741250038147, 0.3133958876132965]
[-0.08103803545236588, 0.41369086503982544, 0.47424158453941345, 0.10067085176706314, 0.7848320603370667, 0.823900043964386, -1.4894342422485352, 0.43018919229507446, 0.08275851607322693, 0.19120173156261444, 0.034250907599925995, 0.3694598376750946]
[-0.3016345500946045, 0.816403329372406, 0.3579874038696289, 0.07063522934913635, 1.1947376728057861, -0.01941996067762375, -1.3757498264312744, 1.1813563108444214, -0.05762728303670883, -0.03306856006383896, -0.15793956816196442, 0.3223426640033722]
[-0.30825942754745483, 1.1162281036376953, 0.26602208614349365, 0.24084128439426422, 1.0930180549621582, -0.45249274373054504, -0.9685617685317993, 1.491782546043396, -0.025586247444152832, -0.43819841742515564, -0.17699413001537323, 0.15893588960170746]
[-0.3708186447620392, 1.0122277736663818, 0.08012209087610245, 0.32654932141304016, 0.7628636360168457, -0.3633883595466614, -0.6447715759277344, 1.6079938411712646, 0.20335635542869568, -0.4550015926361084, -0.06918659806251526, 0.14246739447116852]
[-0.45509639382362366, 0.820345938205719, -0.10999715328216553, 0.494669646024704, 0.4969543218612671, -0.24952134490013123, -0.3613125681877136, 1.577658772468567, 0.3452315926551819, -0.30683571100234985, 0.029614552855491638, 0.20215705037117004]
[-0.0529773011803627, 0.27861160039901733, -0.04876387491822243, 0.7783762216567993, -0.7554669976234436, 0.9389788508415222, 0.010529659688472748, 0.6104439496994019, 0.2805384695529938, -0.18162938952445984, 0.2220412641763687, 0.3598456382751465]
[0.003833143040537834, 0.28883475065231323, 0.009831111878156662, 0.8049143552780151, -0.8311026096343994, 1.0329662561416626, -0.06527405977249146, 0.37624385952949524, 0.20669545233249664, -0.16307981312274933, 0.16847889125347137, 0.3401286005973816]
[-0.0032293274998664856, 0.2140442281961441, 0.1833442747592926, 0.789816677570343, -0.7441833019256592, 1.18674635887146, -0.21225690841674805, 0.07295306026935577, 0.16581884026527405, -0.16686637699604034, 0.1798911988735199, 0.32274129986763]
[0.034404389560222626, 0.12171867489814758, 0.32263973355293274, 0.6979295611381531, -0.6034000515937805, 1.2797635793685913, -0.4411020874977112, -0.14914992451667786, 0.10699211061000824, -0.19080154597759247, 0.18828094005584717, 0.33910271525382996]
[0.07902941107749939, -0.05272875726222992, 0.523745596408844, 0.45406803488731384, 0.017870068550109863, 1.2705382108688354, -1.0172040462493896, -0.2388126254081726, 0.26685306429862976, 0.030831582844257355, 0.15949752926826477, 0.31349873542785645]
[0.0516357347369194, 0.07756262272596359, 0.4627830982208252, 0.3723403811454773, 0.28300753235816956, 1.1263092756271362, -1.1315975189208984, 0.03193507716059685, 0.1956055909395218, 0.15542732179164886, 0.12470730394124985, 0.33498141169548035]
[0.08242802321910858, 0.16082966327667236, 0.4348439574241638, 0.2033889889717102, 0.4959569573402405, 1.044884204864502, -1.2595322132110596, 0.23759585618972778, 0.16556619107723236, 0.19411338865756989, 0.07998063415288925, 0.40616410970687866]
[-0.1677168607711792, 0.5032877326011658, 0.4661274552345276, 0.0206344872713089, 0.9179241061210632, 0.5427960753440857, -1.546154260635376, 0.6640356183052063, 0.006596531718969345, 0.1770503669977188, 0.008594557642936707, 0.425324022769928]
[-0.26817187666893005, 0.6856371760368347, 0.4593326449394226, -0.01891797035932541, 1.0538054704666138, 0.2695499658584595, -1.5679824352264404, 0.8775283694267273, -0.0525309294462204, 0.10719486325979233, -0.018132582306861877, 0.41430166363716125]
[-0.34300321340560913, 1.022550106048584, 0.4306710362434387, 0.08818834275007248, 1.1642460823059082, -0.3000263273715973, -1.314727544784546, 1.2594627141952515, -0.16442976891994476, -0.3137076497077942, -0.1634512096643448, 0.23664045333862305]
[-0.2826814651489258, 1.1494680643081665, 0.2970283627510071, 0.1733933836221695, 1.0132296085357666, -0.4343433678150177, -1.075183629989624, 1.4667502641677856, -0.09064757823944092, -0.5921546816825867, -0.16348378360271454, 0.22423380613327026]
[-0.34127724170684814, 1.0946531295776367, 0.08023547381162643, 0.2779500186443329, 0.7225533127784729, -0.28887298703193665, -0.7016844749450684, 1.5780553817749023, 0.15695974230766296, -0.5811930894851685, -0.12710614502429962, 0.24311783909797668]
[-0.3507285416126251, 0.6470279097557068, -0.10668197274208069, 0.557995080947876, -0.17037852108478546, 0.25993627309799194, -0.02208928018808365, 1.2305186986923218, 0.42289161682128906, -0.1770908087491989, 0.20338237285614014, 0.2764900028705597]
[-0.24757295846939087, 0.5209957957267761, -0.09485999494791031, 0.6950117349624634, -0.5205301642417908, 0.6167296171188354, -0.02161487564444542, 0.8452185392379761, 0.3139801621437073, -0.21606077253818512, 0.1835801750421524, 0.34597328305244446]
[-0.12817656993865967, 0.5071493983268738, -0.06438899785280228, 0.7926797866821289, -0.6425061225891113, 0.8030904531478882, -0.029051095247268677, 0.6312552690505981, 0.21893802285194397, -0.2589043974876404, 0.19272983074188232, 0.3328113853931427]
[-0.024211866781115532, 0.38980165123939514, -0.07578803598880768, 0.782942533493042, -0.7421782612800598, 1.0176829099655151, -0.16248343884944916, 0.38190096616744995, 0.13766756653785706, -0.2749539613723755, 0.1133665218949318, 0.3646770119667053]
[0.08699072897434235, 0.20385660231113434, 0.2800317108631134, 0.7607636451721191, -0.6632334589958191, 1.283542275428772, -0.43589121103286743, -0.12530094385147095, 0.10179731994867325, -0.22137562930583954, 0.10658219456672668, 0.2993554472923279]
[0.14146268367767334, 0.11522593349218369, 0.42178818583488464, 0.6635807752609253, -0.42328110337257385, 1.323053002357483, -0.7008102536201477, -0.23500415682792664, 0.14680060744285583, -0.19398662447929382, 0.10804678499698639, 0.30197811126708984]
[0.11487580835819244, 0.022115951403975487, 0.48032569885253906, 0.5384086966514587, -0.0743008628487587, 1.3276675939559937, -0.8359405994415283, -0.22429201006889343, 0.2228364199399948, -0.0522063672542572, 0.10546842962503433, 0.2918106019496918]
[0.03712286055088043, 0.2143283188343048, 0.42027488350868225, 0.15744733810424805, 0.5646424889564514, 0.9895139932632446, -1.3427624702453613, 0.30889055132865906, 0.15306302905082703, 0.19211819767951965, 0.06350962072610855, 0.40400955080986023]
[-0.12695887684822083, 0.44913434982299805, 0.42225411534309387, 0.03119628131389618, 0.9037908315658569, 0.5101950764656067, -1.4829877614974976, 0.7005870938301086, 0.03653167933225632, 0.16019009053707123, 0.04913270100951195, 0.4304462671279907]
[-0.3066145181655884, 0.9439771771430969, 0.42953744530677795, 0.030789218842983246, 1.2166595458984375, -0.23159390687942505, -1.2584853172302246, 1.2977371215820312, -0.1609887182712555, -0.1647634208202362, -0.12750084698200226, 0.319002240896225]
[-0.41370731592178345, 0.9679830074310303, 0.0535309799015522, 0.37300875782966614, 0.5699961185455322, -0.30261269211769104, -0.4692443311214447, 1.6451979875564575, 0.31907933950424194, -0.36534345149993896, 0.007744789123535156, 0.2835235893726349]
[-0.3340556025505066, 0.7252213954925537, -0.2042476236820221, 0.582565188407898, -0.09228703379631042, 0.24649865925312042, -0.05084983631968498, 1.437035322189331, 0.45102405548095703, -0.1266389936208725, 0.2308277189731598, 0.3259439468383789]
[-0.23671942949295044, 0.43548503518104553, -0.1262856423854828, 0.7247396111488342, -0.5037146806716919, 0.6767094731330872, 0.03560912609100342, 0.9214487671852112, 0.2844461500644684, -0.21212470531463623, 0.2851296663284302, 0.3373974859714508]
[-0.13020610809326172, 0.3864516615867615, -0.05977267026901245, 0.7140891551971436, -0.5839288830757141, 0.7421297430992126, -0.03117438033223152, 0.6939164996147156, 0.20785166323184967, -0.25870785117149353, 0.22370405495166779, 0.37613359093666077]
[0.010601820424199104, 0.28819599747657776, 0.061730578541755676, 0.7581038475036621, -0.6805467009544373, 1.1267168521881104, -0.20163801312446594, 0.18604272603988647, 0.06987679749727249, -0.20960575342178345, 0.09916482120752335, 0.3587983548641205]
[0.07912536710500717, 0.2432064563035965, 0.20818576216697693, 0.7506632208824158, -0.6070362329483032, 1.3317910432815552, -0.40301209688186646, -0.08612091094255447, 0.09088295698165894, -0.2079632729291916, 0.1290012001991272, 0.33291107416152954]
[0.07635578513145447, 0.17551279067993164, 0.46521830558776855, 0.12605400383472443, 0.5679569840431213, 0.9242860078811646, -1.3432570695877075, 0.34502893686294556, 0.12684285640716553, 0.21593396365642548, 0.06857693940401077, 0.38908618688583374]
[-0.01830226182937622, 0.3268797695636749, 0.5232529640197754, 0.08191362768411636, 0.7509843707084656, 0.6593769788742065, -1.4929132461547852, 0.5671367645263672, 0.12348373234272003, 0.24017852544784546, 0.08406636118888855, 0.401455819606781]
[-0.33095598220825195, 0.8079541921615601, 0.5261766910552979, 0.012640729546546936, 1.1159697771072388, -0.08604191988706589, -1.4573371410369873, 1.1263216733932495, -0.095560222864151, -0.03894355520606041, -0.02588576078414917, 0.3466334640979767]
[-0.22599905729293823, 1.1232216358184814, 0.3626217246055603, 0.15629340708255768, 1.0527294874191284, -0.5039882659912109, -1.0205833911895752, 1.5120136737823486, -0.028558790683746338, -0.4469888210296631, -0.12773239612579346, 0.21033379435539246]
[-0.4178736209869385, 0.7190300822257996, -0.07150449603796005, 0.4814457893371582, 0.29265281558036804, -0.2388906478881836, -0.266059547662735, 1.5781804323196411, 0.500023365020752, -0.2706070840358734, 0.1877313256263733, 0.2493433654308319]
[-0.061196424067020416, 0.3636588156223297, 0.21062664687633514, 0.8093166351318359, -0.7964383363723755, 1.1049083471298218, -0.2563994526863098, 0.1424950212240219, 0.07681667059659958, -0.30602070689201355, 0.17752233147621155, 0.25798866152763367]
[0.06241203099489212, 0.17486365139484406, 0.41644203662872314, 0.6507326364517212, -0.3702847957611084, 1.337506890296936, -0.8013548254966736, -0.2669183015823364, 0.11161260306835175, -0.19827336072921753, 0.13200806081295013, 0.32503634691238403]
[-0.052891023457050323, 0.3309957981109619, 0.5074754357337952, 0.08618009090423584, 0.7390019297599792, 0.6787278056144714, -1.4509397745132446, 0.5166507959365845, 0.0769302099943161, 0.15890900790691376, 0.09515509754419327, 0.4195643663406372]
[-0.20190341770648956, 0.6147544384002686, 0.4513046145439148, -0.031430646777153015, 1.012796401977539, 0.23335346579551697, -1.4595237970352173, 0.985356330871582, -0.057163432240486145, 0.10127364099025726, 0.010175786912441254, 0.4002627432346344]
[-0.3226807713508606, 1.100827932357788, 0.3570159673690796, 0.11319679021835327, 1.0856746435165405, -0.3379753530025482, -1.0053631067276, 1.4909075498580933, -0.004385657608509064, -0.402437299489975, -0.14126743376255035, 0.18233278393745422]
[-0.4590238034725189, 1.1099669933319092, 0.1975426822900772, 0.237461656332016, 0.8785443902015686, -0.38137587904930115, -0.7229360938072205, 1.6311300992965698, 0.14764492213726044, -0.5018309950828552, -0.10994662344455719, 0.26219499111175537]
[-0.49410709738731384, 0.9346399307250977, 0.04675936698913574, 0.38774415850639343, 0.6324082612991333, -0.2321980893611908, -0.4050534665584564, 1.6831685304641724, 0.3470301032066345, -0.36099928617477417, 0.049748532474040985, 0.23837272822856903]
[-0.4292737543582916, 0.7664853930473328, -0.15824489295482635, 0.5888880491256714, 0.17232470214366913, 0.024124056100845337, -0.21057629585266113, 1.5309807062149048, 0.5342417359352112, -0.19236735999584198, 0.19302649796009064, 0.20988363027572632]
[-0.3455837368965149, 0.737594723701477, -0.18110023438930511, 0.6687126755714417, -0.04482477530837059, 0.20082798600196838, -0.1314873844385147, 1.4168038368225098, 0.5116366147994995, -0.18325605988502502, 0.23160430788993835, 0.24750973284244537]
[-0.32140153646469116, 0.5723057389259338, -0.19254963099956512, 0.6758268475532532, -0.2641148567199707, 0.45078790187835693, -0.034569356590509415, 1.2049281597137451, 0.4005986452102661, -0.1560172438621521, 0.27532222867012024, 0.27461329102516174]
[-0.25630614161491394, 0.6294841766357422, -0.11152327060699463, 0.722166895866394, -0.48407670855522156, 0.6781474947929382, -0.04099411517381668, 0.9527345895767212, 0.273193895816803, -0.246579110622406, 0.28315550088882446, 0.2927181124687195]
[-0.09483376890420914, 0.40577641129493713, -0.005331351421773434, 0.8460659384727478, -0.6372902989387512, 0.965385377407074, -0.16220586001873016, 0.4414842128753662, 0.12103144079446793, -0.31383273005485535, 0.15251758694648743, 0.2842470407485962]
[0.1592249721288681, 0.04839644581079483, 0.48460105061531067, 0.5254050493240356, -0.05023583024740219, 1.3644819259643555, -0.9630387425422668, -0.2732713520526886, 0.18900570273399353, -0.09424493461847305, 0.09321748465299606, 0.32315367460250854]
[0.037314191460609436, 0.15184445679187775, 0.43652260303497314, 0.2971329092979431, 0.48271459341049194, 1.0966755151748657, -1.1701395511627197, 0.12340177595615387, 0.20554226636886597, 0.16225804388523102, 0.08181978762149811, 0.301146537065506]
[0.034232430160045624, 0.3147616982460022, 0.47390028834342957, 0.1456451565027237, 0.6398476362228394, 0.9733678102493286, -1.3556647300720215, 0.34324830770492554, 0.15662813186645508, 0.1993974894285202, 0.06995810568332672, 0.3467085659503937]
[-0.14417654275894165, 0.5452796220779419, 0.45709341764450073, 0.022441312670707703, 0.9355390667915344, 0.4696558713912964, -1.4740971326828003, 0.7670455574989319, -0.006845161318778992, 0.16305004060268402, -0.017327353358268738, 0.382148802280426]
[-0.34663745760917664, 1.1693637371063232, 0.36614951491355896, 0.1508830189704895, 1.094652771949768, -0.5179458856582642, -1.0061593055725098, 1.5090352296829224, -0.06126546859741211, -0.456307590007782, -0.15669848024845123, 0.1973976492881775]
[-0.46216881275177, 1.061748743057251, 0.12534628808498383, 0.31088995933532715, 0.8594210147857666, -0.4478810727596283, -0.6599514484405518, 1.6432304382324219, 0.1572718620300293, -0.5320667624473572, -0.08554869890213013, 0.2025563269853592]
[-0.550614058971405, 0.821831226348877, 0.035918716341257095, 0.42692601680755615, 0.6188969612121582, -0.3291822373867035, -0.42184576392173767, 1.6678522825241089, 0.36717402935028076, -0.3440706729888916, 0.02006850391626358, 0.1888403743505478]
[-0.48793837428092957, 0.7476217150688171, -0.009549583308398724, 0.47759687900543213, 0.3911145031452179, -0.18580016493797302, -0.2732848823070526, 1.672516107559204, 0.5047413110733032, -0.18102285265922546, 0.1384516805410385, 0.21183869242668152]
[-0.41092756390571594, 0.7971965074539185, -0.12175415456295013, 0.5318238139152527, 0.10635699331760406, 0.03374249488115311, -0.1755211502313614, 1.5914262533187866, 0.5115945339202881, -0.11964930593967438, 0.2133987843990326, 0.2390480637550354]
[-0.35620754957199097, 0.7384181022644043, -0.21669867634773254, 0.584503173828125, -0.1602277159690857, 0.25825992226600647, -0.0902172178030014, 1.45962655544281, 0.4831293821334839, -0.11130416393280029, 0.2649596035480499, 0.28227919340133667]
[-0.3551526665687561, 0.5726003050804138, -0.1761048287153244, 0.6370987892150879, -0.3822161853313446, 0.4420468211174011, 0.025410257279872894, 1.2128714323043823, 0.4613003730773926, -0.13286326825618744, 0.310578852891922, 0.26919078826904297]
[-0.25596293807029724, 0.5341590642929077, -0.1863832026720047, 0.7200372815132141, -0.5524721145629883, 0.6372560262680054, 0.03858480602502823, 0.9929972290992737, 0.3337816596031189, -0.16449475288391113, 0.270080029964447, 0.34266501665115356]
[-0.1941394954919815, 0.434103786945343, -0.0945550724864006, 0.6933946013450623, -0.644749104976654, 0.7553765773773193, 0.06994990259408951, 0.8069781064987183, 0.25350427627563477, -0.21206940710544586, 0.2105531543493271, 0.37234917283058167]
[-0.16044308245182037, 0.3913191258907318, 0.004288128111511469, 0.789750337600708, -0.7376148104667664, 0.9290689826011658, 0.008297458291053772, 0.5106548070907593, 0.12583082914352417, -0.2626965343952179, 0.22354966402053833, 0.33161479234695435]
[-0.0411701463162899, 0.31598860025405884, 0.14475247263908386, 0.7811747789382935, -0.6945692300796509, 1.1388845443725586, -0.08889605849981308, 0.17996400594711304, 0.0802479088306427, -0.22192756831645966, 0.1840072125196457, 0.32207876443862915]
[0.10714833438396454, 0.07121839374303818, 0.42436134815216064, 0.6140363216400146, -0.3628312945365906, 1.341642141342163, -0.5684432983398438, -0.21340402960777283, 0.08194791525602341, -0.18926459550857544, 0.14949408173561096, 0.32763078808784485]
[0.0685269758105278, 0.12056905031204224, 0.5012462139129639, 0.2399464249610901, 0.4429924190044403, 1.1485997438430786, -1.1963037252426147, 0.12577685713768005, 0.22815629839897156, 0.16958990693092346, 0.08760710060596466, 0.33675849437713623]
[-0.10859756171703339, 0.40303003787994385, 0.5568230748176575, 0.026720412075519562, 0.8152401447296143, 0.7665972113609314, -1.4407141208648682, 0.5342334508895874, 0.06395431607961655, 0.24614979326725006, 0.027317509055137634, 0.40591171383857727]
[-0.2938136160373688, 0.7032093405723572, 0.619775652885437, -0.043938711285591125, 1.085394024848938, 0.30271923542022705, -1.488599419593811, 0.94038987159729, -0.05489136278629303, 0.1441861242055893, -0.03435999155044556, 0.3854139745235443]
[-0.3201521933078766, 1.0845813751220703, 0.5471974611282349, 0.040876440703868866, 1.254663348197937, -0.22758245468139648, -1.2854158878326416, 1.3697236776351929, -0.1225656270980835, -0.18704216182231903, -0.15291376411914825, 0.20575523376464844]
[-0.32553836703300476, 1.2191262245178223, 0.3173719048500061, 0.18406885862350464, 1.1395246982574463, -0.37767788767814636, -1.049176573753357, 1.5803767442703247, -0.019538529217243195, -0.4146850109100342, -0.24141012132167816, 0.1871454268693924]
[-0.3415367901325226, 1.236404538154602, 0.10652834922075272, 0.29913613200187683, 0.8910820484161377, -0.2695227861404419, -0.7335623502731323, 1.7428773641586304, 0.17694857716560364, -0.45908311009407043, -0.12060002982616425, 0.22162488102912903]
[-0.2555488646030426, 0.5638427734375, -0.12521785497665405, 0.6957533359527588, -0.5407558679580688, 0.7419266700744629, -0.005147524178028107, 0.9083217978477478, 0.25586938858032227, -0.24137985706329346, 0.27795058488845825, 0.36108267307281494]
[-0.05242517590522766, 0.47361013293266296, 0.0503804087638855, 0.8282502889633179, -0.7458892464637756, 1.0535004138946533, -0.13129372894763947, 0.3911299705505371, 0.14749683439731598, -0.27606821060180664, 0.15402401983737946, 0.3782980144023895]
[0.012221822515130043, 0.4114575684070587, 0.12336594611406326, 0.7725924253463745, -0.7506093382835388, 1.2696826457977295, -0.2642040550708771, 0.1026991456747055, 0.10748197138309479, -0.2674447298049927, 0.10091960430145264, 0.35215044021606445]
[0.08578663319349289, 0.27590829133987427, 0.21717406809329987, 0.8026630878448486, -0.5855246782302856, 1.4057754278182983, -0.5443202257156372, -0.1506250500679016, 0.07632231712341309, -0.259464830160141, 0.09259025752544403, 0.3357475697994232]
[0.13726674020290375, 0.10755082964897156, 0.38519254326820374, 0.6862258911132812, -0.34344354271888733, 1.3805232048034668, -0.7661058306694031, -0.19485902786254883, 0.21206572651863098, -0.21498475968837738, 0.07048073410987854, 0.3122924268245697]
[0.07497856765985489, 0.08586280047893524, 0.4466266334056854, 0.5479251146316528, 0.015386432409286499, 1.3389040231704712, -0.941699743270874, -0.23652976751327515, 0.2140546292066574, -0.02529202029109001, 0.059485118836164474, 0.24672149121761322]
[-0.01773439347743988, 0.0930793508887291, 0.45458367466926575, 0.4358818829059601, 0.26463592052459717, 1.2489938735961914, -1.1389762163162231, -0.06987836211919785, 0.23416361212730408, 0.1038741022348404, 0.07792027294635773, 0.24454733729362488]
[0.01405281014740467, 0.13731443881988525, 0.4443003833293915, 0.2913983464241028, 0.49716854095458984, 1.0844050645828247, -1.2859784364700317, 0.15535026788711548, 0.15176910161972046, 0.1336848884820938, 0.07885371148586273, 0.3259671628475189]
[-0.06296037882566452, 0.2754514813423157, 0.4931403696537018, 0.14662893116474152, 0.6449822187423706, 0.93782639503479, -1.410782814025879, 0.3348025381565094, 0.08510716259479523, 0.17917171120643616, 0.05973711237311363, 0.3740086555480957]
[-0.16355399787425995, 0.42950716614723206, 0.5486518740653992, 0.06074554845690727, 0.8657655119895935, 0.6655803918838501, -1.5041477680206299, 0.5592560768127441, 0.0100766122341156, 0.16195812821388245, 0.07289300858974457, 0.3895376920700073]
[-0.3055117428302765, 0.6248941421508789, 0.5203214883804321, 0.07276581227779388, 1.0329221487045288, 0.4145001471042633, -1.582963466644287, 0.6871346235275269, -0.052917592227458954, 0.13498392701148987, 0.07355460524559021, 0.35766953229904175]
[-0.38552406430244446, 0.9293712377548218, 0.47744810581207275, 0.04189769923686981, 1.1875611543655396, -0.020320691168308258, -1.377511739730835, 1.1522724628448486, -0.16560204327106476, -0.09737260639667511, -0.09333764016628265, 0.2870284914970398]
[-0.33530929684638977, 1.162615180015564, 0.4281460642814636, 0.05604516714811325, 1.1615725755691528, -0.27926766872406006, -1.2202297449111938, 1.3823152780532837, -0.19849087297916412, -0.3601113557815552, -0.19159789383411407, 0.2543452978134155]
[-0.49243709444999695, 1.000444769859314, 0.02012993022799492, 0.4041990041732788, 0.7330620288848877, -0.2670561373233795, -0.6041104793548584, 1.5888020992279053, 0.17949005961418152, -0.5220595598220825, -0.09373468160629272, 0.17586486041545868]
[-0.18061058223247528, 0.5992352366447449, -0.14373241364955902, 0.8451758027076721, -0.6224424242973328, 0.7549018859863281, -0.06915683299303055, 0.8562084436416626, 0.20777922868728638, -0.2180803269147873, 0.21003767848014832, 0.3334366977214813]
[-0.04380905628204346, 0.37249231338500977, 0.058387503027915955, 0.8539227247238159, -0.7279437780380249, 1.1005589962005615, -0.17611607909202576, 0.3348984122276306, 0.10425667464733124, -0.2647581994533539, 0.17207179963588715, 0.32738399505615234]
[0.013517061248421669, 0.2720274329185486, 0.18538635969161987, 0.7664669156074524, -0.6679021120071411, 1.212808609008789, -0.33336883783340454, 0.07878635078668594, 0.1154012382030487, -0.2635628879070282, 0.09693580865859985, 0.33072516322135925]
[0.11718164384365082, 0.15977369248867035, 0.317142128944397, 0.70553058385849, -0.4600895047187805, 1.3479763269424438, -0.6013175249099731, -0.1586637794971466, 0.119444340467453, -0.21409209072589874, 0.0698326975107193, 0.321249395608902]
[0.1640883982181549, 0.048589542508125305, 0.4097944498062134, 0.5790711641311646, -0.1898951232433319, 1.3506768941879272, -0.8073737621307373, -0.20853063464164734, 0.21733766794204712, -0.11563568562269211, 0.0695003867149353, 0.32293692231178284]
[0.023057846352458, 0.3401094377040863, 0.467494398355484, 0.07975268363952637, 0.6985487937927246, 0.8534039258956909, -1.36716628074646, 0.5105122923851013, 0.09853275120258331, 0.17970310151576996, 0.01315358281135559, 0.4059136211872101]
[-0.2174885869026184, 0.6616510152816772, 0.4781038761138916, -0.0003170967102050781, 1.06802499294281, 0.37883222103118896, -1.515148639678955, 0.9148464202880859, 0.03019208461046219, 0.14744508266448975, 0.0030068233609199524, 0.38276976346969604]
[-0.32393530011177063, 1.207529902458191, 0.16212138533592224, 0.25822389125823975, 0.9845505952835083, -0.367856502532959, -0.7605892419815063, 1.670146107673645, 0.10574235022068024, -0.4206237494945526, -0.15682117640972137, 0.2250693440437317]
[-0.4658367931842804, 0.9367220997810364, -0.034217242151498795, 0.45190665125846863, 0.6785592436790466, -0.25086790323257446, -0.41859349608421326, 1.6830246448516846, 0.3557034730911255, -0.3195180296897888, -0.0031474605202674866, 0.21332195401191711]
[-0.4643091857433319, 0.7470791339874268, -0.1575159877538681, 0.5770975351333618, 0.41184771060943604, -0.1235424354672432, -0.2543834149837494, 1.64613938331604, 0.4747087359428406, -0.188284233212471, 0.10957295447587967, 0.24635370075702667]
[-0.15354570746421814, 0.4909140467643738, -0.0667869821190834, 0.7791725397109985, -0.6178731918334961, 0.8345988988876343, -0.00866013765335083, 0.75459223985672, 0.2215571254491806, -0.21790236234664917, 0.26068538427352905, 0.3470120429992676]
[0.10200408101081848, 0.23874947428703308, 0.19498440623283386, 0.7501022815704346, -0.6062418818473816, 1.2914897203445435, -0.4729052782058716, -0.06113070249557495, 0.0569496713578701, -0.2797181010246277, 0.08880111575126648, 0.345449835062027]
[0.2011094093322754, 0.17165660858154297, 0.33696871995925903, 0.6686115860939026, -0.4054659903049469, 1.4113233089447021, -0.7312952876091003, -0.20252183079719543, 0.1408574879169464, -0.23523947596549988, 0.09575092792510986, 0.31591349840164185]
[0.12164562940597534, 0.07316114753484726, 0.41043367981910706, 0.39113423228263855, 0.14746323227882385, 1.2157704830169678, -1.1248315572738647, -0.12270016223192215, 0.24099811911582947, 0.029127873480319977, 0.09091734141111374, 0.2848447263240814]
[0.10192717611789703, 0.12260718643665314, 0.42692092061042786, 0.29324084520339966, 0.41933155059814453, 1.1007975339889526, -1.216639518737793, 0.1416703164577484, 0.18345293402671814, 0.1146635189652443, 0.08249898254871368, 0.35161006450653076]
[0.079602912068367, 0.25012877583503723, 0.4535914659500122, 0.13118167221546173, 0.5546467304229736, 0.9686062932014465, -1.3570462465286255, 0.2974967062473297, 0.10250996053218842, 0.18430456519126892, 0.04527900367975235, 0.3891516923904419]
[0.03222712129354477, 0.40713179111480713, 0.48908814787864685, 0.05685058608651161, 0.7458694577217102, 0.7011467218399048, -1.4984114170074463, 0.540684163570404, 0.09959062188863754, 0.19453871250152588, 0.02593785524368286, 0.40207284688949585]
[-0.23730002343654633, 1.129180908203125, 0.2543133795261383, 0.19680482149124146, 1.0376096963882446, -0.4082161486148834, -0.8813877701759338, 1.590388298034668, 0.03133596107363701, -0.5241571068763733, -0.12886644899845123, 0.28576719760894775]
[-0.38234370946884155, 0.9697848558425903, 0.06101688742637634, 0.35158002376556396, 0.7766976952552795, -0.3239765167236328, -0.5986497402191162, 1.6462844610214233, 0.2255285233259201, -0.5717400312423706, -0.028690412640571594, 0.2194795459508896]
[-0.3199097812175751, 0.6470404267311096, -0.18939150869846344, 0.4669320285320282, -0.009081616997718811, 0.11821220070123672, -0.08065995573997498, 1.4299812316894531, 0.46501004695892334, -0.16957715153694153, 0.19958846271038055, 0.32421478629112244]
[-0.24935011565685272, 0.5631566047668457, -0.172471284866333, 0.5940460562705994, -0.3994389474391937, 0.5248680114746094, 0.033577971160411835, 1.1036304235458374, 0.38770413398742676, -0.1753728836774826, 0.3018609285354614, 0.3315058648586273]
[0.13360252976417542, -0.015402769669890404, 0.4347187578678131, 0.5827363729476929, -0.3551017940044403, 1.3066771030426025, -0.7116941809654236, -0.1816556453704834, 0.1740533709526062, -0.20638231933116913, 0.13234449923038483, 0.3440735936164856]
[0.10020719468593597, -0.04039590060710907, 0.47831910848617554, 0.45940834283828735, 0.006931178271770477, 1.2886316776275635, -0.9548577666282654, -0.2139468491077423, 0.2089814990758896, -0.005888046696782112, 0.14465396106243134, 0.3435509502887726]
